41787.79,38352.02
41751.0,38304.88
41779.7,38326.22
41825.07,38378.5
41838.57,38404.92
41781.27,38351.21
41749.68,38308.0
41779.75,38327.5
41830.15,38384.89
41824.27,38393.16
41773.0,38344.17
41730.28,38291.29
41755.49,38309.04
41822.04,38381.05
41839.58,38417.93
41770.89,38351.59
41726.53,38290.28
41761.73,38308.83
41815.98,38368.09
41819.2,38389.43
41757.13,38334.45
41720.45,38278.79
41754.91,38296.94
41814.14,38363.13
41821.95,38389.16
41749.7,38327.16
41698.5,38262.5
41729.95,38278.99
41790.25,38339.63
41799.59,38361.27
41743.49,38316.99
41704.18,38265.63
41737.63,38283.55
41808.22,38358.99
41803.93,38369.81
41741.77,38316.95
41699.32,38266.79
41737.37,38294.41
41815.26,38376.89
41824.88,38393.95
41769.8,38339.3
41706.54,38263.68
41717.81,38268.82
41799.84,38361.38
41824.7,38399.71
41753.46,38333.8
41698.95,38258.72
41722.73,38263.73
41789.49,38336.17
41815.26,38383.44
41769.8,38344.04
41700.57,38263.05
41711.77,38262.18
41781.73,38336.35
41796.06,38370.25
41737.01,38310.33
41700.55,38258.16
41721.56,38263.32
41787.7,38331.07
41803.53,38360.82
41758.0,38321.33
41718.28,38269.92
41750.09,38288.47
41808.6,38345.6
41793.02,38353.83
41737.88,38305.97
41711.62,38264.13
41751.0,38283.75
41805.63,38336.21
41806.63,38354.86
41750.53,38301.77
41693.56,38224.36
41731.78,38251.52
41815.84,38346.34
41808.22,38362.95
41744.52,38310.87
41703.68,38251.23
41716.49,38249.93
41782.58,38318.46
41811.26,38358.57
41754.62,38308.83
41715.44,38251.37
41716.82,38243.05
41777.49,38308.61
41802.7,38359.08
41738.59,38305.03
41688.91,38242.63
41701.11,38240.66
41775.41,38321.3
41795.82,38355.64
41725.14,38291.27
41687.14,38238.76
41706.7,38244.41
41771.09,38314.15
41805.65,38372.22
41738.93,38317.55
41675.77,38240.3
41708.69,38259.75
41764.41,38323.16
41783.9,38352.22
41727.78,38298.55
41668.81,38228.57
41689.18,38233.39
41766.78,38317.19
41777.31,38345.91
41730.79,38302.71
41680.88,38244.73
41699.97,38251.5
41754.58,38311.16
41770.85,38341.82
41734.86,38310.2
41679.88,38243.92
41697.38,38244.71
41752.9,38308.48
41776.08,38348.24
41729.59,38311.63
41683.16,38253.24
41707.77,38263.68
41759.54,38318.85
41792.35,38368.02
41742.13,38328.93
41693.42,38263.1
41696.98,38250.0
41768.55,38321.57
41785.64,38357.0
41744.07,38329.8
41686.07,38263.84
41696.78,38258.34
41764.64,38330.29
41775.16,38359.3
41722.3,38313.84
41663.29,38237.95
41689.27,38243.74
41733.59,38293.39
41742.75,38323.85
41707.86,38290.62
41672.95,38247.81
41682.4,38245.29
41748.3,38318.51
41767.68,38352.57
41709.54,38304.03
41664.95,38246.65
41679.61,38249.11
41746.22,38324.32
41771.0,38369.05
41723.78,38326.11
41653.43,38239.9
41676.88,38251.57
41742.04,38320.28
41762.16,38353.22
41727.4,38320.14
41672.99,38260.66
41673.55,38250.63
41741.34,38323.05
41768.66,38369.43
41730.21,38340.48
41682.47,38274.07
41703.08,38273.85
41763.03,38333.55
41778.49,38367.39
41727.84,38330.11
41673.66,38259.23
41700.11,38275.59
41749.5,38329.62
41773.84,38369.03
41729.45,38336.39
41690.5,38286.21
41707.28,38286.28
41778.63,38358.81
41798.41,38397.97
41733.03,38342.07
41677.29,38273.5
41697.27,38277.56
41771.5,38356.06
41781.67,38380.47
41732.02,38341.45
41678.0,38277.29
41710.72,38290.79
41793.45,38378.79
41800.96,38401.77
41729.79,38336.01
41679.74,38270.34
41696.82,38265.22
41756.5,38327.5
41781.67,38368.0
41742.91,38334.45
41699.3,38281.27
41703.35,38267.06
41762.82,38335.59
41801.88,38392.45
41758.22,38358.66
41708.22,38296.83
41722.66,38290.53
41779.68,38346.63
41784.15,38372.89
41743.29,38336.88
41695.19,38276.64
41705.87,38275.04
41766.22,38339.97
41795.68,38388.92
41741.25,38344.26
41684.62,38272.36
41686.58,38259.99
41759.41,38336.35
41796.6,38390.93
41741.88,38343.9
41672.01,38269.4
41690.43,38276.94
41757.84,38344.93
41793.25,38397.64
41755.34,38376.09
41671.38,38278.64
41676.1,38268.89
41738.08,38326.33
41782.36,38384.45
41755.16,38373.65
41694.47,38301.39
41690.52,38279.02
41742.73,38329.46
41779.41,38388.7
41726.5,38343.23
41678.27,38283.2
41701.38,38293.52
41763.32,38356.11
41793.36,38405.28
41733.14,38362.66
41669.77,38282.03
41692.35,38287.64
41765.39,38357.63
41799.75,38407.27
41746.06,38370.32
41684.53,38297.32
41710.61,38309.93
41768.03,38367.19
41789.4,38405.04
41749.32,38375.44
41695.37,38307.78
41706.59,38300.85
41773.42,38367.57
41796.49,38405.75
41754.24,38372.45
41696.08,38308.5
41711.19,38310.6
41778.56,38385.59
41815.48,38440.95
41762.82,38392.92
41702.23,38316.72
41730.57,38334.45
41799.75,38409.97
41823.55,38448.53
41761.64,38394.21
41691.63,38307.43
41709.38,38308.7
41793.27,38398.2
41819.24,38439.9
41757.97,38391.11
41706.77,38334.05
41731.58,38341.8
41789.98,38397.57
41803.75,38419.09
41757.48,38388.76
41696.42,38316.9
41708.78,38316.52
41787.23,38391.82
41838.08,38455.64
41759.9,38389.63
41702.81,38324.86
41725.59,38328.73
41787.05,38396.18
41807.66,38433.06
41769.51,38405.91
41719.89,38345.89
41715.66,38322.91
41769.35,38376.94
41808.67,38430.71
41779.34,38411.34
41708.27,38328.5
41698.65,38307.38
41762.64,38362.84
41802.14,38420.25
41766.71,38407.61
41706.25,38336.01
41697.58,38309.28
41761.06,38369.36
41799.48,38421.93
41769.8,38405.19
41728.56,38350.18
41742.62,38353.98
41787.28,38397.3
41802.43,38429.96
41758.42,38397.37
41711.13,38338.92
41724.71,38336.23
41794.25,38402.8
41814.95,38441.91
41773.6,38412.45
41717.77,38345.4
41724.34,38340.84
41793.8,38420.9
41816.83,38460.71
41765.15,38413.5
41716.4,38348.62
41741.46,38362.36
41818.68,38435.48
41836.63,38468.0
41791.82,38439.25
41726.44,38363.95
41738.04,38351.64
41818.14,38430.98
41852.99,38472.98
41782.65,38411.7
41738.44,38366.34
41758.15,38371.89
41806.12,38425.71
41847.79,38489.19
41812.94,38465.92
41763.07,38401.5
41752.92,38372.96
41809.05,38428.26
41849.68,38485.25
41810.97,38463.53
41757.62,38401.3
41763.56,38391.76
41825.21,38458.72
41857.13,38509.57
41799.28,38459.93
41743.98,38398.62
41771.25,38408.63
41832.76,38480.11
41847.11,38512.59
41785.69,38461.96
41735.55,38407.85
41749.13,38397.86
41813.74,38465.65
41834.62,38502.2
41789.71,38462.01
41734.82,38402.64
41747.6,38407.63
41823.42,38486.62
41842.64,38517.11
41786.0,38466.28
41735.38,38410.53
41764.79,38427.16
41810.39,38474.01
41825.88,38515.21
41772.91,38472.96
41725.99,38409.62
41743.96,38410.71
41790.96,38456.6
41808.69,38492.52
41778.07,38464.76
41734.19,38407.74
41731.36,38394.77
41787.39,38447.43
41831.78,38504.75
41774.05,38454.3
41721.95,38392.47
41722.08,38369.36
41804.87,38461.96
41832.25,38495.4
41781.33,38466.41
41707.84,38384.4
41715.48,38361.0
41781.62,38433.22
41816.52,38481.52
41777.64,38447.68
41712.67,38390.77
41714.41,38370.41
41791.57,38451.35
41797.07,38453.18
41766.69,38456.27
41713.07,38380.63
41714.01,38356.62
41768.43,38421.26
41797.71,38471.35
41774.25,38466.5
41723.84,38392.99
41718.93,38384.23
41760.39,38409.88
41814.03,38511.81
41775.79,38477.54
41717.52,38412.95
41699.35,38359.95
41765.48,38417.46
41792.91,38459.95
41750.4,38446.21
41707.64,38397.57
41727.64,38404.34
41775.5,38464.98
41791.26,38464.02
41779.28,38507.16
41713.56,38420.77
41711.08,38398.35
41773.24,38436.59
41826.55,38535.9
41765.08,38473.09
41702.74,38378.48
41721.27,38404.92
41779.95,38469.07
41791.79,38489.43
41755.98,38477.99
41703.13,38400.25
41710.88,38379.73
41763.85,38433.02
41770.52,38465.63
41734.86,38456.04
41701.65,38428.04
41702.57,38404.18
41784.98,38475.51
41823.53,38536.06
41772.82,38487.47
41705.36,38405.97
41702.61,38371.08
41780.55,38469.07
41801.32,38482.59
41754.8,38457.02
41712.33,38431.77
41727.24,38422.8
41778.74,38476.49
41794.16,38498.55
41760.16,38460.38
41705.2,38417.08
41719.95,38430.22
41758.36,38464.91
41779.1,38492.0
41749.04,38482.17
41691.39,38407.45
41703.28,38407.76
41777.67,38482.1
41800.96,38515.9
41730.23,38440.68
41684.46,38407.14
41709.83,38415.34
41784.82,38475.26
41819.29,38524.86
41761.68,38482.64
41695.39,38406.91
41700.06,38382.39
41776.37,38474.95
41823.35,38534.94
41765.33,38485.1
41695.12,38416.99
41697.56,38396.74
41772.93,38467.42
41816.83,38523.45
41783.86,38501.13
41707.93,38417.66
41710.61,38409.06
41772.86,38465.65
41819.51,38527.81
41787.9,38508.23
41731.02,38441.89
41711.62,38404.83
41788.75,38476.76
41821.61,38526.14
41759.45,38481.3
41706.25,38429.51
41717.41,38418.96
41786.56,38476.61
41829.84,38545.65
41777.93,38507.65
41711.55,38435.54
41709.74,38424.68
41778.89,38490.06
41832.23,38554.12
41794.16,38529.85
41702.9,38432.1
41683.05,38398.02
41750.24,38457.25
41809.74,38529.6
41774.71,38501.28
41720.71,38440.08
41727.87,38430.76
41764.97,38470.14
41800.38,38521.64
41776.21,38513.55
41712.78,38442.72
41715.98,38420.73
41786.61,38487.98
41813.5,38535.7
41793.54,38529.51
41737.3,38468.78
41703.17,38418.02
41756.05,38469.23
41817.5,38547.28
41782.47,38523.48
41720.25,38454.12
41713.92,38426.13
41794.25,38500.41
41837.17,38552.82
41790.18,38522.02
41713.43,38448.2
41707.3,38422.34
41764.57,38478.64
41812.18,38541.43
41790.94,38530.34
41734.53,38462.61
41719.55,38435.19
41760.46,38475.66
41801.47,38526.61
41782.27,38517.31
41732.09,38456.98
41720.71,38432.77
41779.95,38489.28
41823.89,38542.83
41780.24,38513.46
41716.02,38445.47
41715.68,38427.92
41769.44,38481.79
41814.99,38541.31
41772.59,38506.98
41710.16,38436.26
41711.82,38425.33
41781.46,38486.3
41835.63,38558.68
41813.47,38547.5
41743.18,38467.75
41719.26,38424.95
41780.73,38485.52
41821.16,38547.64
41788.06,38525.42
41736.38,38460.04
41722.05,38425.22
41778.02,38476.98
41819.87,38540.31
41795.64,38532.75
41707.41,38436.15
41691.5,38404.39
41771.05,38477.12
41832.38,38555.77
41788.69,38522.78
41713.81,38440.86
41699.79,38408.23
41761.57,38464.67
41803.28,38520.46
41767.79,38500.25
41714.34,38444.82
41699.39,38410.11
41761.26,38468.07
41825.01,38545.92
41784.59,38512.14
41712.24,38429.49
41708.78,38414.82
41777.31,38480.56
41823.46,38539.19
41786.96,38515.56
41720.87,38445.18
41717.12,38427.97
41759.11,38461.88
41787.97,38498.78
41761.3,38484.65
41713.25,38430.8
41715.15,38417.44
41772.44,38469.77
41815.64,38527.1
41784.11,38504.32
41715.19,38431.88
41695.34,38393.9
41760.68,38454.41
41813.43,38524.26
41787.66,38508.99
41731.44,38441.56
41705.7,38402.55
41748.21,38442.61
41805.9,38513.71
41789.91,38509.59
41722.23,38436.82
41702.21,38398.89
41773.55,38462.34
41829.01,38534.65
41785.76,38507.11
41693.96,38410.15
41690.99,38391.22
41765.82,38462.97
41810.34,38515.68
41780.48,38494.8
41718.05,38422.4
41711.13,38401.43
41762.31,38452.4
41806.01,38510.42
41780.57,38494.53
41722.5,38427.36
41702.72,38390.84
41755.7,38443.23
41818.64,38522.43
41791.82,38510.0
41714.63,38432.48
41695.12,38398.33
41764.43,38461.63
41829.37,38541.85
41793.8,38519.39
41719.48,38439.32
41693.78,38398.3
41758.62,38459.93
41800.04,38519.3
41772.88,38502.33
41719.48,38444.53
41716.87,38429.6
41756.39,38464.73
41801.09,38517.93
41777.11,38506.31
41728.22,38450.88
41715.91,38426.71
41756.45,38463.42
41818.61,38538.86
41793.22,38528.26
41716.49,38447.5
41719.33,38431.12
41764.48,38468.34
41828.63,38546.1
41798.63,38532.86
41720.16,38452.66
41693.54,38411.16
41759.14,38477.32
41817.54,38547.23
41791.1,38532.15
41713.52,38447.73
41685.73,38403.58
41749.75,38459.95
41805.5,38529.09
41789.36,38529.06
41723.84,38458.07
41689.46,38402.02
41755.34,38458.28
41819.0,38536.95
41784.02,38518.85
41719.93,38452.35
41692.84,38405.55
41731.11,38441.16
41784.28,38511.29
41770.34,38508.23
41712.96,38447.26
41702.7,38421.15
41758.82,38469.09
41796.49,38522.02
41765.53,38504.05
41703.32,38434.0
41688.77,38402.51
41730.41,38437.02
41784.26,38506.55
41776.95,38510.16
41722.91,38449.09
41711.91,38422.11
41764.81,38465.07
41808.69,38523.57
41782.92,38513.24
41712.51,38439.05
41681.06,38393.57
41746.11,38458.59
41801.74,38527.99
41775.66,38516.5
41707.08,38446.54
41695.48,38418.45
41751.52,38468.49
41807.62,38539.66
41773.49,38518.98
41718.32,38460.15
41697.58,38422.07
41740.79,38457.65
41773.98,38507.67
41754.15,38502.18
41705.74,38447.82
41700.17,38425.87
41752.79,38473.59
41802.77,38534.99
41783.77,38530.9
41721.3,38464.49
41693.47,38419.21
41751.98,38474.86
41798.12,38534.05
41765.42,38514.09
41710.23,38454.79
41713.67,38441.94
41754.64,38476.36
41792.38,38531.12
41783.05,38533.07
41720.2,38463.2
41694.41,38416.79
41744.72,38458.84
41817.23,38549.56
41803.66,38554.41
41728.49,38477.41
41709.52,38443.57
41762.51,38486.42
41811.46,38547.68
41795.28,38546.12
41723.02,38472.89
41705.11,38443.55
41752.23,38485.43
41811.48,38556.71
41782.65,38545.85
41721.47,38479.27
41708.15,38445.04
41762.69,38494.51
41802.7,38548.18
41774.7,38530.92
41720.22,38474.17
41712.62,38452.6
41776.46,38506.76
41813.54,38555.84
41788.44,38545.38
41726.93,38484.29
41690.9,38430.45
41740.85,38474.44
41817.32,38566.68
41819.78,38580.99
41748.21,38501.26
41715.64,38447.91
41753.91,38479.06
41817.14,38551.71
41795.93,38544.66
41730.01,38482.06
41720.27,38460.55
41769.89,38504.1
41837.41,38582.29
41819.55,38574.01
41730.17,38475.31
41707.77,38440.28
41754.93,38483.4
41821.88,38567.66
41809.81,38572.76
41750.96,38510.13
41717.09,38457.36
41770.92,38499.74
41821.05,38564.02
41809.47,38569.12
41736.23,38490.17
41717.61,38456.71
41789.34,38521.33
41843.98,38581.55
41827.13,38577.12
41764.66,38513.35
41723.29,38462.32
41774.87,38507.47
41823.15,38566.77
41798.74,38555.68
41747.2,38500.66
41741.39,38474.04
41781.82,38509.64
41834.66,38579.96
41803.93,38564.76
41726.75,38478.46
41702.36,38436.3
41768.66,38499.71
41838.13,38583.09
41832.54,38592.86
41749.53,38505.84
41716.78,38449.94
41776.06,38497.08
41834.17,38571.24
41822.37,38577.93
41747.63,38496.9
41717.16,38450.09
41785.31,38510.29
41863.32,38598.98
41852.21,38600.19
41762.71,38505.44
41725.99,38452.06
41776.57,38493.3
41840.83,38571.42
41825.54,38572.05
41766.71,38508.61
41733.54,38459.39
41777.42,38491.27
41839.02,38565.56
41844.32,38584.43
41752.88,38492.23
41707.48,38428.86
41762.98,38475.31
41839.58,38567.22
41840.23,38585.79
41766.91,38506.94
41734.48,38457.41
41777.4,38489.08
41832.16,38555.53
41820.7,38565.83
41759.18,38508.66
41735.2,38465.85
41770.8,38485.43
41825.57,38547.17
41821.14,38558.59
41766.02,38498.71
41729.77,38445.02
41773.57,38478.57
41842.2,38554.32
41836.61,38566.28
41772.86,38503.67
41723.08,38442.74
41776.84,38491.56
41850.29,38575.0
41829.57,38570.93
41751.22,38491.85
41725.5,38450.03
41772.48,38486.26
41835.56,38557.16
41829.28,38566.05
41749.28,38481.14
41728.2,38444.17
41784.21,38490.69
41835.38,38556.16
41828.88,38562.17
41757.04,38487.16
41719.6,38438.47
41774.02,38485.88
41835.22,38560.63
41827.98,38562.88
41748.41,38480.47
41709.83,38428.93
41776.06,38483.49
41841.41,38560.51
41832.92,38570.37
41771.9,38506.94
41746.48,38466.52
41780.97,38492.86
41860.43,38580.07
41856.68,38594.4
41759.14,38494.57
41741.57,38458.93
41803.1,38510.64
41876.75,38594.8
41854.69,38584.61
41777.64,38504.01
41751.96,38462.14
41806.79,38509.77
41872.77,38582.98
41859.81,38580.03
41787.39,38503.92
41748.45,38449.94
41801.43,38495.22
41864.79,38573.5
41855.45,38585.55
41803.91,38534.65
41753.48,38466.77
41801.45,38503.34
41859.81,38572.8
41843.38,38572.4
41778.49,38502.2
41754.76,38463.26
41802.75,38505.44
41870.31,38583.47
41851.29,38580.32
41781.4,38506.76
41764.75,38471.96
41825.59,38525.2
41894.48,38607.94
41876.75,38602.87
41821.52,38550.57
41782.74,38494.98
41824.0,38523.63
41881.6,38593.66
41885.51,38610.27
41825.01,38548.24
41770.25,38480.74
41814.1,38517.08
41877.73,38587.71
41864.35,38585.55
41812.47,38532.13
41778.2,38486.86
41820.09,38522.31
41889.54,38599.56
41873.69,38595.88
41809.14,38529.73
41755.43,38459.21
41774.92,38472.29
41856.84,38576.18
41854.51,38591.47
41785.11,38523.03
41751.25,38466.99
41781.46,38484.09
41845.32,38562.32
41847.98,38587.58
41794.88,38540.02
41774.2,38501.75
41810.1,38522.92
41835.96,38558.32
41844.61,38576.88
41793.69,38532.93
41762.09,38487.98
41811.02,38522.92
41866.27,38587.83
41848.36,38592.14
41802.48,38540.06
41772.93,38488.34
41817.34,38528.35
41868.37,38601.42
41847.94,38599.2
41786.36,38535.28
41762.16,38500.79
41809.76,38542.12
41834.77,38578.35
41813.92,38566.05
41781.51,38533.78
41737.81,38470.55
41776.79,38498.35
41832.54,38565.16
41834.35,38584.77
41764.86,38522.43
41731.24,38470.23
41768.1,38488.72
41813.72,38538.83
41815.48,38570.37
41760.79,38515.32
41734.68,38476.71
41773.38,38503.45
41841.14,38573.16
41841.68,38587.36
41770.96,38524.04
41741.75,38473.5
41789.29,38514.11
41853.84,38589.35
41847.71,38596.52
41793.31,38540.04
41762.27,38486.82
41796.87,38507.94
41855.63,38583.0
41851.74,38599.81
41775.61,38520.13
41736.92,38455.13
41782.76,38491.07
41852.93,38582.29
41842.55,38588.96
41773.42,38519.95
41737.61,38463.28
41774.92,38484.5
41835.45,38549.89
41831.42,38554.68
41778.0,38526.32
41745.66,38480.38
41795.32,38522.89
41850.8,38581.43
41848.75,38589.41
41782.9,38518.4
41734.24,38458.54
41778.94,38484.34
41839.92,38547.08
41832.96,38552.89
41779.95,38494.53
41765.11,38499.2
41793.36,38498.55
41838.39,38554.37
41836.38,38565.5
41781.2,38511.34
41741.68,38455.57
41778.27,38472.02
41844.95,38549.92
41828.41,38536.93
41782.7,38546.68
41758.27,38504.52
41772.66,38488.43
41822.17,38542.68
41822.91,38553.41
41766.38,38489.52
41745.88,38478.95
41773.57,38490.06
41823.89,38549.47
41837.73,38574.75
41785.73,38541.92
41744.27,38472.78
41773.0,38498.91
41840.39,38558.9
41854.67,38615.74
41800.55,38553.38
41756.84,38479.33
41800.22,38522.47
41853.46,38588.25
41868.26,38630.32
41805.0,38560.54
41761.91,38509.13
41782.56,38500.05
41862.13,38592.61
41873.93,38622.56
41805.74,38552.87
41753.48,38485.37
41787.03,38512.37
41853.95,38604.79
41856.46,38623.12
41799.79,38561.74
41752.88,38496.3
41784.98,38521.22
41847.98,38593.28
41849.35,38615.23
41785.31,38558.59
41741.01,38487.42
41787.1,38522.76
41860.82,38616.17
41866.71,38631.41
41802.99,38573.25
41755.23,38506.67
41776.68,38515.88
41849.89,38595.63
41870.36,38637.0
41805.38,38571.87
41766.8,38524.46
41791.46,38531.25
41857.3,38602.6
41861.08,38620.62
41817.79,38585.55
41764.9,38519.32
41797.63,38534.14
41849.68,38595.38
41867.63,38639.26
41802.88,38576.11
41742.02,38501.53
41773.62,38516.37
41852.66,38612.14
41862.87,38626.63
41788.51,38564.8
41725.07,38477.92
41760.57,38506.11
41835.04,38585.88
41853.11,38615.86
41767.3,38527.66
41725.88,38484.54
41759.65,38502.24
41836.45,38584.25
41850.46,38618.7
41781.45,38558.37
41725.81,38480.98
41762.71,38505.89
41848.54,38604.46
41859.72,38627.52
41770.94,38543.48
41710.5,38465.05
41764.9,38516.99
41843.0,38603.32
41831.29,38604.9
41768.1,38544.75
41733.68,38503.29
41784.51,38542.86
41862.0,38625.02
41850.04,38626.16
41765.86,38553.14
41721.72,38492.14
41768.68,38528.95
41854.78,38624.24
41843.96,38630.32
41760.5,38546.88
41728.0,38502.69
41770.89,38539.35
41836.61,38611.12
41840.03,38630.03
41776.77,38568.61
41737.25,38514.09
41774.02,38540.42
41856.68,38629.6
41857.08,38648.36
41783.32,38581.3
41727.89,38512.7
41761.68,38538.95
41836.52,38625.47
41850.31,38656.02
41797.63,38609.38
41744.61,38541.49
41762.2,38551.04
41813.27,38608.23
41845.35,38648.98
41809.36,38615.59
41746.04,38541.2
41764.08,38551.35
41828.74,38624.26
41846.49,38660.31
41794.43,38608.79
41758.36,38554.25
41790.07,38576.09
41849.08,38645.67
41840.95,38648.85
41775.27,38589.64
41734.82,38535.7
41782.65,38568.43
41848.25,38642.12
41847.47,38654.84
41777.29,38589.23
41729.21,38527.79
41781.78,38565.39
41838.48,38626.7
41836.16,38641.05
41784.62,38596.75
41744.96,38540.08
41770.47,38556.09
41831.71,38624.55
41845.73,38653.79
41796.13,38605.42
41749.68,38544.09
41755.54,38539.7
41822.75,38611.14
41842.13,38643.13
41790.12,38588.45
41766.65,38550.36
41794.9,38563.51
41845.17,38626.14
41850.11,38651.13
41788.95,38595.07
41738.51,38531.79
41779.95,38560.63
41844.21,38630.03
41843.65,38650.03
41783.77,38593.21
41739.38,38534.27
41764.14,38551.08
41819.22,38612.79
41839.54,38645.29
41783.14,38590.73
41733.59,38525.0
41749.44,38533.38
41805.45,38598.64
41828.76,38635.05
41768.37,38576.54
41706.88,38505.1
41728.83,38518.89
41793.0,38593.39
41800.33,38616.53
41742.66,38566.73
41685.55,38495.54
41722.32,38519.99
41804.13,38603.43
41812.49,38624.04
41750.51,38566.17
41722.7,38525.64
41741.28,38528.95
41795.1,38583.6
41810.84,38615.77
41760.66,38566.73
41707.77,38495.69
41720.56,38498.44
41775.57,38561.74
41796.8,38602.09
41749.84,38563.04
41710.45,38511.77
41727.11,38512.17
41786.43,38578.13
41790.86,38597.93
41741.88,38553.54
41702.61,38501.06
41738.28,38523.18
41797.47,38586.87
41788.46,38600.1
41725.03,38544.09
41692.06,38497.01
41715.64,38505.21
41787.55,38587.76
41791.43,38604.32
41738.39,38553.67
41681.53,38477.01
41714.48,38495.31
41781.22,38567.66
41802.32,38606.73
41770.96,38577.86
41732.49,38521.09
41730.13,38506.42
41788.82,38575.0
41818.08,38618.92
41773.15,38575.31
41719.82,38507.09
41742.06,38511.85
41796.84,38565.56
41823.11,38608.12
41784.44,38574.1
41735.82,38511.29
41744.95,38504.66
41801.32,38568.05
41816.87,38599.09
41769.57,38561.16
41728.89,38509.33
41739.89,38511.29
41814.14,38591.7
41837.05,38629.87
41776.66,38567.04
41722.99,38497.84
41745.59,38512.7
41805.16,38575.42
41826.73,38606.89
41794.39,38577.3
41737.21,38508.05
41736.61,38494.51
41798.83,38564.54
41827.0,38610.36
41787.28,38574.82
41734.26,38510.18
41739.07,38498.6
41805.56,38572.47
41825.14,38610.69
41769.29,38559.69
41733.39,38511.5
41749.84,38516.03
41810.32,38585.05
41826.84,38613.15
41765.17,38553.65
41717.16,38491.25
41763.79,38531.3
41816.87,38596.34
41815.69,38611.25
41750.4,38547.68
41704.66,38486.77
41751.27,38521.29
41802.43,38578.8
41797.49,38584.96
41761.51,38550.1
41715.06,38483.96
41739.07,38499.18
41799.01,38565.61
41823.82,38606.47
41772.39,38557.2
41719.84,38486.86
41732.52,38485.03
41781.73,38538.07
41810.48,38580.65
41755.96,38536.64
41677.75,38445.2
41702.05,38451.05
41776.82,38522.92
41793.16,38553.47
41735.71,38506.22
41665.28,38425.64
41693.85,38444.53
41764.88,38517.13
41776.75,38544.87
41715.24,38487.18
41637.07,38392.47
41662.71,38410.31
41754.93,38510.04
41776.44,38546.66
41712.78,38490.04
41635.87,38397.93
41640.94,38390.39
41721.45,38474.35
41753.06,38520.64
41697.36,38468.6
41657.41,38413.91
41685.55,38422.94
41754.02,38494.6
41767.54,38525.69
41692.28,38457.16
41656.52,38405.35
41684.93,38415.03
41739.63,38467.3
41741.57,38483.13
41690.76,38439.16
41647.71,38379.4
41682.25,38395.6
41746.73,38462.75
41752.41,38488.0
41694.61,38441.38
41641.05,38380.2
41664.88,38381.27
41738.75,38454.21
41752.68,38485.43
41694.79,38431.61
41646.17,38367.26
41655.18,38360.82
41740.0,38444.29
41783.93,38503.58
41728.92,38449.43
41677.82,38380.22
41685.36,38376.47
41738.26,38430.38
41769.02,38474.01
41733.9,38447.05
41680.1,38382.7
41694.99,38378.44
41755.2,38441.98
41777.2,38479.89
41720.71,38433.51
41680.5,38383.11
41705.09,38387.46
41762.8,38453.61
41785.64,38488.77
41727.53,38429.98
41663.76,38355.55
41684.97,38362.61
41774.8,38447.97
41792.64,38476.65
41724.94,38414.2
41671.23,38354.14
41694.54,38361.2
41783.41,38452.78
41804.27,38493.35
41747.2,38443.95
41678.13,38360.53
41667.99,38337.51
41738.17,38412.77
41782.7,38475.58
41734.01,38430.92
41675.74,38353.2
41687.86,38348.46
41739.89,38401.37
41784.8,38460.94
41738.35,38423.34
41689.98,38365.43
41698.23,38356.46
41751.7,38410.15
41789.56,38463.89
41749.17,38431.57
41699.93,38372.98
41705.36,38366.16
41752.97,38416.75
41781.02,38462.19
41736.9,38426.56
41676.28,38356.87
41689.55,38357.43
41748.03,38417.71
41767.59,38452.29
41731.09,38421.55
41681.73,38359.44
41696.53,38359.3
41764.3,38432.19
41801.65,38486.55
41725.99,38419.9
41649.37,38331.14
41663.72,38331.12
41733.01,38413.89
41772.95,38475.0
41729.03,38430.27
41660.27,38341.27
41679.59,38350.81
41747.6,38419.72
41750.04,38439.93
41706.88,38400.27
41661.15,38338.31
41687.07,38357.02
41742.98,38418.36
41762.13,38451.88
41704.66,38399.16
41655.36,38341.64
41667.18,38335.5
41722.86,38391.55
41756.39,38443.57
41710.7,38405.93
41654.91,38336.13
41668.59,38325.08
41734.37,38387.98
41751.09,38427.14
41701.04,38388.88
41637.57,38308.18
41656.48,38310.78
41724.18,38381.05
41770.96,38438.81
41722.75,38395.33
41651.74,38309.95
41650.46,38294.86
41723.29,38371.08
41753.23,38414.42
41714.05,38382.44
41655.22,38308.99
41652.23,38291.8
41720.18,38365.14
41762.58,38419.38
41706.75,38370.64
41624.13,38276.11
41637.07,38272.62
41706.59,38346.54
41739.11,38391.78
41696.57,38355.46
41627.42,38272.49
41627.89,38261.4
41705.25,38339.72
41751.67,38406.71
41704.13,38368.02
41626.17,38277.23
41627.08,38269.31
41695.52,38337.84
41725.09,38383.18
41686.96,38349.47
41608.98,38256.8
41614.34,38241.29
41683.32,38307.67
41724.56,38367.62
41690.02,38344.55
41617.27,38258.56
41601.64,38224.97
41650.84,38274.59
41696.46,38338.58
41672.61,38330.49
41601.42,38247.72
41588.91,38212.5
41638.46,38261.63
41700.78,38344.57
41674.4,38337.42
41606.83,38262.48
41612.6,38243.03
41664.9,38297.68
41701.56,38349.47
41665.37,38323.79
41607.35,38251.39
41605.6,38234.02
41676.7,38307.67
41717.65,38363.15
41671.5,38324.95
41609.85,38253.8
41591.59,38224.61
41645.79,38282.43
41687.21,38335.9
41666.96,38322.54
41621.27,38267.1
41614.66,38239.32
41658.38,38278.93
41701.85,38340.37
41662.44,38313.84
41595.54,38234.38
41602.38,38224.03
41668.43,38291.62
41705.02,38341.38
41659.14,38300.52
41592.77,38223.89
41615.48,38233.64
41669.53,38286.7
41695.93,38325.11
41656.74,38291.73
41596.91,38219.05
41598.38,38204.85
41666.36,38272.96
41712.38,38326.73
41686.09,38300.9
41617.67,38229.89
41603.43,38205.57
41663.79,38259.28
41712.96,38324.3
41688.26,38321.68
41603.5,38213.84
41588.66,38189.92
41676.32,38281.05
41725.07,38340.57
41673.08,38285.61
41601.04,38224.01
41591.1,38175.79
41639.46,38230.58
41710.54,38341.46
41688.46,38324.5
41607.95,38220.72
41601.49,38192.85
41682.63,38291.18
41730.19,38349.91
41670.82,38297.68
41612.09,38239.56
41613.34,38208.61
41669.08,38261.67
41710.23,38331.56
41670.54,38308.74
41605.25,38218.98
41605.6,38197.66
41684.3,38285.27
41729.23,38339.81
41695.93,38313.64
41617.0,38228.72
41605.38,38204.74
41664.05,38258.36
41715.24,38338.29
41699.03,38322.42
41629.61,38237.13
41634.55,38229.39
41691.46,38285.63
41723.57,38328.64
41697.04,38335.97
41614.63,38239.09
41615.39,38220.27
41692.11,38300.74
41713.81,38334.76
41669.77,38298.35
41604.93,38217.28
41614.5,38206.35
41702.07,38300.05
41729.9,38344.62
41702.45,38344.19
41640.25,38262.18
41612.98,38210.21
41660.66,38252.06
41723.87,38336.21
41689.67,38318.71
41635.38,38249.31
41636.61,38241.04
41701.52,38289.32
41744.61,38364.62
41689.91,38316.14
41624.13,38237.38
41622.48,38211.33
41682.79,38281.43
41731.89,38347.23
41676.03,38302.02
41597.11,38213.19
41591.36,38186.41
41671.56,38267.3
41728.05,38336.75
41693.73,38319.79
41606.39,38218.53
41599.19,38199.75
41670.69,38267.04
41715.33,38317.04
41676.41,38295.22
41619.53,38228.01
41617.0,38207.98
41688.77,38280.49
41728.67,38332.35
41676.35,38294.37
41608.29,38225.01
41617.47,38195.69
41686.58,38268.53
41749.28,38357.09
41719.48,38330.85
41633.63,38232.75
41608.69,38196.36
41677.66,38260.84
41738.82,38346.83
41700.53,38317.55
41644.43,38255.05
41639.09,38230.27
41708.36,38298.91
41736.79,38338.63
41706.5,38326.6
41622.99,38233.82
41616.73,38210.3
41665.24,38247.21
41728.71,38346.61
41680.13,38303.36
41612.35,38235.77
41617.0,38224.43
41663.25,38265.0
41717.45,38340.77
41690.45,38328.08
41611.95,38237.66
41591.3,38203.4
41661.88,38269.11
41726.93,38341.36
41692.28,38316.57
41623.89,38240.21
41615.44,38212.99
41688.93,38283.02
41721.7,38330.76
41683.77,38306.82
41623.55,38238.31
41610.72,38215.2
41667.2,38265.4
41719.89,38337.51
41709.47,38336.95
41622.37,38241.4
41602.56,38202.19
41687.41,38280.91
41749.13,38360.49
41696.51,38322.2
41615.08,38234.04
41610.61,38212.09
41682.67,38279.86
41726.37,38346.45
41687.63,38314.96
41635.11,38253.42
41629.43,38232.08
41677.71,38277.76
41731.64,38346.23
41706.88,38329.93
41629.59,38245.49
41627.86,38224.66
41706.95,38299.4
41755.49,38367.84
41723.98,38347.64
41636.8,38254.47
41629.14,38230.04
41692.89,38283.84
41731.84,38339.05
41682.85,38302.8
41628.76,38248.06
41635.4,38235.47
41713.34,38308.43
41753.08,38358.57
41701.52,38319.2
41628.76,38233.86
41622.61,38220.41
41685.44,38277.05
41737.43,38342.41
41700.06,38317.68
41616.55,38229.39
41616.46,38217.37
41692.86,38285.68
41734.04,38341.31
41697.13,38317.57
41618.37,38233.53
41612.35,38213.05
41680.41,38280.36
41731.84,38347.34
41712.31,38336.32
41635.71,38251.72
41610.7,38211.29
41684.57,38281.41
41747.43,38361.83
41714.41,38341.04
41642.91,38262.88
41626.17,38224.79
41688.44,38280.58
41742.69,38351.97
41710.79,38335.77
41628.58,38243.57
41620.46,38217.57
41684.73,38276.64
41739.73,38346.54
41717.45,38337.18
41664.28,38274.68
41637.52,38229.44
41693.51,38282.95
41751.27,38351.28
41730.06,38344.5
41670.94,38280.36
41645.66,38236.57
41693.58,38283.55
41744.03,38343.57
41723.08,38336.66
41659.94,38273.38
41649.12,38243.3
41701.85,38288.29
41754.29,38358.03
41731.02,38351.95
41682.56,38294.26
41657.61,38247.97
41688.71,38275.71
41739.6,38341.8
41715.75,38334.27
41659.34,38275.1
41638.41,38237.87
41711.68,38301.79
41762.31,38365.81
41730.84,38346.56
41662.44,38269.38
41640.05,38227.0
41698.5,38277.52
41744.47,38341.69
41709.88,38317.35
41650.66,38251.63
41637.72,38222.67
41694.7,38274.81
41755.8,38349.85
41725.12,38331.81
41656.25,38264.53
41643.8,38240.32
41700.26,38296.45
41740.47,38350.92
41725.54,38353.31
41657.26,38275.98
41629.61,38225.21
41683.27,38267.55
41745.88,38349.4
41729.79,38348.62
41645.68,38261.74
41617.63,38219.76
41684.79,38284.31
41755.43,38368.91
41722.05,38352.82
41633.32,38260.22
41625.29,38236.14
41694.05,38301.32
41756.45,38377.47
41726.32,38362.3
41641.05,38269.0
41621.27,38233.66
41686.92,38292.83
41743.67,38363.86
41718.25,38351.48
41644.61,38271.86
41636.63,38247.1
41697.67,38307.47
41749.41,38381.05
41723.08,38363.32
41657.44,38283.22
41627.29,38240.12
41689.4,38300.14
41746.73,38368.11
41735.82,38372.58
41664.14,38295.36
41628.34,38240.7
41671.63,38284.98
41732.96,38361.16
41720.85,38364.15
41648.36,38293.1
41624.54,38257.54
41684.59,38312.05
41748.32,38385.61
41728.38,38378.14
41664.9,38300.83
41647.47,38263.14
41688.66,38300.34
41758.51,38388.96
41742.42,38391.94
41660.25,38308.61
41630.3,38258.68
41690.38,38310.91
41739.71,38370.9
41715.62,38360.53
41659.4,38294.32
41638.46,38256.33
41686.74,38301.9
41758.06,38390.26
41740.79,38381.23
41662.96,38297.5
41651.67,38275.08
41714.12,38332.97
41766.98,38401.77
41743.8,38390.42
41684.62,38321.53
41647.2,38267.14
41683.95,38297.07
41741.25,38369.63
41731.27,38375.48
41677.91,38313.75
41658.02,38276.2
41711.24,38322.15
41760.03,38384.96
41744.16,38387.98
41674.8,38314.98
41630.55,38251.23
41694.88,38306.22
41768.3,38400.16
41738.39,38389.95
41658.62,38302.21
41634.17,38258.74
41700.93,38316.16
41771.81,38405.62
41758.82,38405.01
41691.12,38328.12
41648.09,38264.53
41712.76,38322.47
41789.47,38414.45
41757.89,38396.65
41681.4,38316.79
41658.42,38274.97
41738.39,38344.77
41770.25,38393.77
41736.54,38376.43
41671.18,38307.4
41646.98,38263.14
41703.66,38312.7
41746.89,38368.2
41711.48,38350.0
41657.93,38294.75
41672.79,38297.41
41705.36,38325.66
41755.8,38382.05
41735.36,38376.09
41673.29,38308.16
41642.41,38260.75
41707.04,38322.54
41782.83,38408.57
41759.18,38403.61
41679.43,38325.11
41652.68,38281.7
41723.13,38343.7
41786.32,38415.0
41773.73,38415.34
41701.58,38335.66
41665.75,38282.75
41717.07,38334.16
41774.49,38403.18
41774.87,38414.71
41704.4,38342.09
41670.38,38292.8
41698.21,38317.28
41765.55,38396.68
41769.48,38414.36
41704.18,38337.91
41664.39,38277.72
41735.15,38341.76
41810.57,38434.7
41778.83,38422.18
41700.62,38337.11
41671.43,38290.53
41718.1,38324.37
41783.59,38400.77
41766.74,38398.82
41708.93,38339.21
41697.54,38314.64
41735.96,38345.49
41787.9,38412.48
41767.34,38405.37
41710.12,38350.68
41698.16,38320.57
41755.16,38367.26
41821.07,38447.03
41795.44,38437.09
41707.93,38344.39
41681.69,38306.84
41741.86,38355.7
41809.59,38432.46
41790.41,38432.28
41719.55,38361.27
41689.8,38314.71
41747.78,38365.0
41806.3,38432.39
41781.11,38422.13
41710.32,38345.98
41688.75,38307.49
41759.85,38366.93
41822.71,38443.08
41805.94,38440.06
41733.68,38360.13
41699.82,38304.7
41759.88,38354.5
41835.63,38441.09
41833.21,38458.14
41748.77,38368.36
41704.38,38303.31
41748.03,38342.81
41821.32,38431.19
41812.25,38434.98
41747.47,38365.56
41717.83,38315.34
41768.46,38355.39
41807.3,38413.42
41804.85,38429.38
41747.16,38374.55
41711.17,38320.34
41766.8,38362.66
41839.67,38442.16
41834.89,38454.9
41749.21,38370.88
41701.47,38308.36
41764.57,38358.95
41856.21,38468.09
41851.81,38482.41
41754.31,38384.05
41708.11,38322.15
41763.5,38370.55
41837.77,38457.52
41840.63,38475.89
41757.06,38390.44
41729.61,38345.2
41782.65,38391.85
41846.11,38470.68
41815.33,38453.7
41746.33,38384.8
41718.77,38344.73
41783.61,38400.7
41838.29,38468.16
41830.68,38473.9
41761.37,38404.72
41732.02,38359.97
41784.33,38407.76
41840.25,38475.24
41824.25,38478.97
41762.96,38414.27
41746.15,38377.59
41804.49,38426.31
41853.73,38487.11
41827.36,38472.85
41757.15,38398.73
41739.02,38365.11
41784.21,38402.06
41835.29,38467.55
41827.6,38472.89
41756.21,38396.96
41733.43,38355.3
41791.7,38411.43
41844.39,38478.17
41834.55,38483.09
41769.57,38418.11
41742.13,38373.5
41797.85,38417.93
41857.55,38495.27
41835.25,38482.44
41761.8,38405.32
41729.83,38355.97
41787.66,38404.61
41866.52,38493.48
41855.07,38499.09
41794.95,38437.64
41754.24,38376.83
41793.58,38406.18
41871.28,38494.69
41859.03,38498.0
41792.44,38429.58
41766.51,38382.93
41823.18,38431.79
41879.34,38504.21
41858.85,38503.52
41800.2,38441.04
41761.28,38384.56
41814.34,38430.29
41863.99,38493.91
41851.63,38495.58
41800.53,38440.73
41760.9,38389.45
41814.73,38436.35
41864.5,38501.28
41850.24,38508.23
41791.08,38446.83
41760.79,38400.52
41816.65,38450.68
41862.94,38509.37
41850.71,38514.16
41788.39,38452.91
41756.97,38405.19
41810.34,38448.48
41879.66,38529.11
41868.3,38530.67
41795.82,38455.15
41762.22,38406.71
41821.32,38456.71
41885.07,38534.47
41884.2,38549.47
41812.54,38478.59
41762.67,38410.67
41795.66,38434.0
41874.7,38532.15
41877.4,38553.32
41806.39,38481.28
41768.17,38420.84
41815.66,38454.14
41885.07,38541.16
41877.29,38551.64
41804.89,38477.52
41778.76,38436.64
41832.05,38479.18
41892.71,38552.04
41883.32,38553.92
41824.05,38496.3
41772.3,38431.7
41817.39,38467.04
41887.26,38544.6
41882.09,38552.76
41817.7,38482.15
41775.32,38423.03
41831.27,38472.07
41899.98,38550.43
41887.7,38547.39
41819.2,38474.48
41770.83,38413.15
41824.02,38456.78
41902.19,38542.68
41897.85,38554.39
41834.6,38488.2
41809.0,38444.51
41840.21,38461.56
41891.62,38522.7
41879.43,38536.73
41822.21,38484.41
41804.04,38445.36
41854.33,38486.93
41906.14,38549.32
41885.87,38547.97
41802.1,38469.12
41779.93,38437.58
41842.26,38487.07
41919.98,38573.77
41914.19,38582.29
41833.34,38500.59
41793.54,38444.08
41844.52,38483.46
41906.7,38559.48
41915.29,38583.98
41842.89,38509.33
41791.3,38443.86
41845.32,38485.14
41930.33,38577.05
41918.88,38582.48
41846.24,38511.34
41792.95,38444.13
41827.85,38469.32
41893.74,38546.81
41902.55,38578.98
41827.76,38508.16
41792.04,38458.54
41854.63,38510.42
41923.67,38586.24
41922.21,38597.01
41843.4,38518.07
41784.13,38443.73
41845.82,38497.3
41912.67,38575.62
41910.77,38592.95
41842.2,38527.19
41805.11,38472.92
41843.7,38500.68
41919.09,38587.4
41920.58,38605.44
41846.91,38529.0
41811.55,38475.2
41864.88,38518.36
41949.62,38614.98
41942.69,38623.34
41878.03,38556.24
41828.29,38494.64
41873.62,38525.82
41937.73,38597.53
41946.2,38621.33
41880.53,38551.15
41836.83,38483.54
41889.65,38522.7
41950.18,38599.38
41934.91,38604.84
41854.0,38526.0
41820.18,38472.56
41876.77,38514.42
41955.92,38605.11
41945.15,38609.84
41873.2,38539.21
41840.25,38494.71
41891.66,38532.68
41956.88,38604.55
41955.96,38620.15
41881.13,38547.28
41845.68,38500.61
41902.72,38548.31
41959.45,38617.93
41964.55,38631.1
41903.24,38568.18
41839.09,38489.28
41892.0,38533.31
41975.66,38625.24
41986.23,38650.25
41904.58,38568.02
41831.71,38484.54
41882.05,38525.27
41959.01,38603.14
41956.19,38617.84
41900.2,38566.57
41855.56,38506.09
41892.89,38530.43
41944.37,38592.66
41934.33,38602.6
41867.07,38531.81
41840.65,38485.93
41881.04,38515.95
41951.27,38597.62
41950.54,38612.95
41882.25,38551.3
41843.07,38500.12
41888.44,38537.25
41938.22,38588.79
41929.17,38591.38
41873.82,38537.16
41833.66,38479.73
41902.12,38533.64
41975.75,38615.45
41968.95,38630.03
41876.19,38542.16
41833.7,38488.41
41880.91,38525.29
41948.39,38604.68
41956.21,38633.2
41889.02,38565.72
41827.91,38486.17
41857.04,38507.2
41948.23,38605.06
41959.16,38622.27
41890.88,38549.14
41828.92,38465.29
41861.22,38474.05
41927.54,38548.18
41939.11,38581.03
41884.51,38527.72
41838.62,38468.54
41861.2,38479.55
41933.97,38560.49
41954.51,38598.33
41884.06,38530.74
41821.43,38452.2
41859.86,38478.46
41954.98,38587.58
41981.69,38631.73
41921.12,38569.03
41877.76,38512.1
41895.13,38512.75
41937.93,38562.66
41939.25,38582.2
41891.32,38533.09
41864.26,38491.56
41907.48,38523.39
41962.43,38589.23
41965.02,38606.07
41897.47,38539.14
41845.48,38468.31
41885.27,38497.1
41968.39,38593.13
41970.5,38612.95
41889.76,38534.03
41848.45,38476.8
41883.55,38501.88
41954.38,38584.65
41959.72,38604.55
41870.38,38515.65
41833.61,38462.99
41882.38,38495.92
41964.68,38589.13
41974.92,38615.27
41897.09,38543.37
41835.65,38471.33
41885.0,38507.98
41967.48,38600.88
41965.36,38621.29
41897.67,38555.51
41854.63,38493.52
41892.53,38515.52
41950.69,38579.58
41955.99,38605.17
41897.36,38542.72
41864.14,38484.45
41884.13,38508.7
41959.95,38604.5
41961.06,38627.37
41883.37,38562.1
41847.79,38509.53
41885.02,38529.87
41936.3,38590.33
41940.52,38611.92
41893.02,38564.76
41863.23,38513.26
41903.51,38547.19
41962.25,38630.83
41966.67,38653.61
41905.63,38595.8
41858.69,38529.38
41879.3,38538.5
41947.61,38619.25
41954.47,38641.58
41891.68,38576.25
41855.45,38523.81
41894.66,38547.28
41953.24,38616.46
41966.38,38647.68
41910.3,38596.01
41857.75,38533.87
41893.89,38555.26
41963.84,38629.42
41973.87,38651.17
41912.16,38595.56
41866.83,38537.11
41896.58,38556.78
41965.62,38629.13
41981.58,38656.89
41914.66,38594.49
41864.93,38527.54
41897.74,38550.36
41969.0,38628.55
41975.46,38649.2
41907.64,38586.53
41849.41,38518.96
41878.61,38542.86
41956.32,38626.56
41983.01,38667.51
41917.32,38598.78
41872.46,38533.4
41922.06,38568.94
41979.61,38643.32
41976.62,38661.81
41912.34,38604.12
41865.62,38541.07
41900.2,38565.7
41962.7,38637.25
41982.3,38671.49
41912.94,38606.54
41868.7,38545.38
41901.54,38566.48
41974.27,38649.43
41994.66,38686.89
41921.7,38618.38
41873.22,38552.64
41902.79,38569.1
41973.87,38651.35
41989.79,38683.92
41926.02,38621.31
41871.92,38550.79
41914.23,38577.39
41997.56,38665.32
42024.54,38706.8
41959.86,38645.63
41904.4,38575.49
41936.41,38595.38
42004.13,38676.09
42008.47,38701.39
41945.46,38640.93
41891.53,38570.04
41922.35,38586.95
41992.87,38666.04
42014.93,38706.47
41949.53,38644.04
41903.35,38585.14
41945.1,38617.8
41995.93,38675.54
42003.31,38697.93
41955.92,38652.27
41910.88,38587.2
41942.73,38605.37
41999.33,38670.33
42011.69,38699.05
41955.03,38644.85
41900.64,38578.71
41953.3,38617.75
42023.43,38694.36
42024.63,38712.64
41965.82,38655.57
41923.29,38598.64
41961.06,38623.05
42030.46,38704.35
42036.07,38726.96
41968.26,38660.16
41911.15,38587.83
41932.27,38599.79
42000.18,38681.1
42017.7,38719.84
41959.01,38664.11
41907.66,38597.19
41927.98,38606.04
41994.37,38682.29
42003.31,38707.43
41950.51,38657.23
41909.03,38599.58
41933.95,38612.61
42002.57,38689.82
42023.09,38720.89
41963.1,38660.89
41915.73,38599.16
41934.4,38608.26
42009.88,38693.46
42022.15,38721.33
41966.43,38665.32
41921.25,38606.0
41939.11,38615.39
42008.29,38692.95
42033.86,38734.77
41970.41,38675.58
41905.92,38594.09
41939.14,38611.77
42018.33,38697.48
42028.27,38728.0
41964.04,38672.52
41911.29,38606.47
41945.15,38625.18
42020.59,38704.84
42031.94,38731.97
41979.68,38685.04
41936.23,38623.86
41960.53,38635.28
42013.77,38693.8
42027.71,38722.07
41980.75,38682.75
41924.85,38610.98
41961.33,38631.95
42034.71,38713.51
42053.96,38751.46
41990.99,38691.79
41931.51,38617.38
41964.26,38640.27
42038.13,38715.25
42069.31,38757.68
42002.04,38694.31
41941.46,38623.07
41963.03,38633.94
42038.73,38715.12
42062.54,38749.34
42012.74,38702.25
41956.23,38638.99
41972.02,38650.32
42036.21,38724.55
42056.17,38758.28
42005.95,38711.3
41955.07,38649.81
41974.47,38657.54
42038.06,38730.97
42054.71,38760.49
42003.31,38706.36
41939.94,38630.05
41967.48,38649.74
42037.28,38731.95
42051.54,38762.71
41999.22,38717.24
41940.12,38647.93
41953.13,38648.69
42024.99,38723.01
42047.43,38759.78
41986.9,38705.29
41930.35,38636.17
41968.35,38657.77
42022.6,38721.18
42041.77,38761.9
41984.46,38709.87
41933.01,38640.98
41957.0,38643.73
42035.61,38726.96
42056.77,38765.95
42005.95,38719.9
41953.42,38651.73
41971.32,38653.96
42046.45,38733.92
42064.57,38767.13
41988.96,38696.59
41956.37,38649.07
41976.78,38654.86
42044.93,38730.79
42060.13,38763.76
42000.89,38710.07
41943.54,38636.15
41958.18,38640.33
42034.67,38723.48
42073.49,38778.15
42018.42,38727.41
41965.02,38660.67
41981.8,38665.79
42043.63,38732.15
42057.58,38764.59
41993.07,38704.95
41940.84,38637.7
41971.5,38649.79
42057.36,38740.78
42084.22,38790.51
42005.61,38715.88
41950.89,38647.39
41972.51,38658.26
42041.68,38736.45
42071.43,38785.55
41999.86,38720.57
41934.04,38643.08
41952.41,38649.14
42027.2,38729.18
42057.13,38775.4
42009.79,38736.51
41948.37,38664.4
41964.13,38665.77
42046.71,38751.02
42074.34,38789.17
42001.81,38727.66
41948.81,38665.39
41968.1,38670.04
42040.55,38740.82
42057.98,38777.93
42002.12,38730.21
41960.44,38670.59
41981.02,38681.75
42047.95,38762.35
42072.24,38802.85
42021.9,38760.83
41957.98,38680.79
41963.88,38670.82
42035.56,38751.46
42070.21,38799.25
42017.68,38749.47
41967.1,38685.3
41981.69,38681.26
42046.54,38747.17
42072.57,38792.9
42026.06,38752.94
41960.55,38670.1
41981.85,38678.82
42045.06,38745.9
42066.85,38785.08
42021.79,38744.36
41961.02,38671.09
41978.43,38673.39
42045.64,38746.61
42063.43,38784.79
41995.3,38721.87
41950.42,38665.5
41980.08,38684.5
42047.21,38761.28
42063.93,38791.32
42020.74,38756.83
41960.06,38687.02
41971.9,38689.08
42039.0,38759.55
42067.97,38803.14
42022.04,38765.99
41962.0,38692.75
41973.29,38690.71
42046.47,38766.77
42088.18,38823.39
42026.0,38769.57
41974.34,38707.09
41989.25,38701.57
42062.96,38771.25
42094.08,38817.69
42024.5,38757.32
41959.72,38685.21
41983.57,38698.94
42047.0,38765.34
42069.18,38803.3
42026.66,38768.72
41968.84,38698.25
41982.77,38695.25
42056.39,38774.62
42086.72,38824.04
42027.29,38778.04
41955.74,38695.41
41982.61,38709.38
42054.63,38785.73
42081.2,38826.57
42035.49,38788.86
41974.32,38718.18
41987.55,38724.06
42044.08,38783.94
42073.94,38833.47
42035.05,38803.59
41972.35,38732.58
41966.72,38711.23
42030.62,38775.05
42065.58,38827.62
42032.52,38802.36
41968.5,38729.87
41977.65,38725.04
42041.17,38789.28
42064.62,38829.0
42016.38,38786.73
41955.74,38717.6
41975.01,38724.51
42040.77,38796.64
42051.92,38823.19
41987.17,38764.81
41936.3,38704.35
41951.27,38702.58
42017.99,38771.38
42045.48,38818.56
41998.52,38780.61
41935.05,38703.77
41935.58,38691.45
42015.49,38778.66
42039.09,38822.7
41980.87,38774.15
41922.66,38703.36
41932.72,38694.85
41972.02,38736.64
42008.92,38788.97
41963.77,38752.98
41901.74,38676.09
41891.5,38654.73
41968.53,38736.42
42005.65,38785.59
41935.69,38726.99
41853.57,38639.01
41859.65,38630.92
41947.18,38719.59
41979.59,38765.32
41922.91,38714.85
41867.95,38648.31
41870.89,38635.46
41917.32,38684.39
41948.68,38736.42
41901.34,38696.66
41829.9,38616.04
41833.88,38606.58
41903.62,38678.64
41947.83,38734.25
41901.11,38696.19
41829.25,38612.1
41834.21,38603.43
41913.34,38690.87
41947.25,38741.11
41883.84,38676.94
41818.93,38600.46
41823.49,38592.88
41905.52,38676.14
41961.96,38751.64
41897.98,38692.12
41825.01,38609.2
41829.59,38598.13
41900.36,38675.29
41933.86,38725.96
41894.01,38692.5
41835.36,38622.16
41848.25,38617.89
41917.79,38689.39
41929.68,38713.69
41856.48,38651.17
41803.68,38589.08
41857.08,38629.71
41926.93,38704.68
41932.5,38729.63
41889.49,38693.35
41814.59,38606.56
41816.92,38593.28
41907.71,38685.7
41945.48,38739.21
41879.64,38680.96
41819.02,38607.74
41822.3,38594.55
41895.86,38667.04
41941.35,38730.18
41909.83,38706.71
41848.79,38631.17
41846.62,38614.4
41897.58,38667.91
41922.44,38704.91
41886.3,38676.79
41851.54,38634.0
41871.12,38642.99
41919.42,38690.93
41939.79,38729.16
41893.27,38693.21
41840.59,38628.06
41849.26,38621.89
41924.34,38700.5
41963.63,38757.05
41903.55,38706.29
41841.44,38631.26
41850.49,38623.68
41916.25,38692.19
41946.91,38740.78
41886.7,38687.16
41830.82,38617.67
41844.12,38618.25
41929.57,38704.61
41963.63,38755.04
41925.48,38725.02
41861.17,38650.48
41845.91,38623.61
41923.07,38706.16
41970.92,38770.93
41915.75,38728.11
41849.15,38653.45
41862.96,38650.46
41933.44,38718.59
41952.79,38755.78
41905.43,38718.56
41844.43,38643.32
41861.6,38646.41
41934.42,38721.07
41971.41,38767.89
41919.2,38726.05
41854.64,38655.84
41840.63,38629.36
41909.5,38701.35
41955.7,38760.38
41914.68,38723.48
41845.19,38643.57
41845.26,38635.08
41921.66,38713.58
41977.6,38782.04
41936.99,38747.84
41856.64,38650.81
41848.68,38632.29
41926.44,38711.36
41975.34,38774.08
41925.34,38730.63
41866.34,38660.45
41846.58,38631.95
41900.76,38689.15
41959.43,38758.68
41927.91,38736.89
41862.27,38666.19
41862.34,38652.87
41930.26,38722.63
41963.59,38766.82
41911.96,38722.56
41846.91,38644.69
41848.3,38629.76
41924.56,38705.84
41961.15,38760.2
41918.71,38726.59
41849.1,38648.6
41837.17,38619.7
41910.82,38694.47
41971.7,38771.18
41923.24,38734.19
41850.24,38650.28
41845.68,38626.68
41912.71,38691.47
41948.66,38742.7
41899.64,38707.09
41838.11,38633.56
41822.14,38605.69
41882.72,38672.5
41940.84,38743.48
41896.53,38703.12
41820.49,38612.64
41831.98,38608.79
41901.96,38686.49
41916.63,38721.13
41873.85,38685.23
41819.84,38622.83
41832.72,38624.59
41897.54,38691.7
41935.8,38748.71
41891.17,38716.68
41827.71,38650.66
41828.5,38641.49
41897.61,38707.36
41929.14,38750.95
41880.11,38713.98
41837.86,38658.48
41836.12,38640.09
41891.32,38697.21
41925.64,38749.16
41886.56,38722.54
41820.61,38650.84
41826.32,38637.54
41898.81,38712.62
41938.15,38762.39
41901.88,38730.23
41828.23,38647.75
41827.29,38635.59
41887.84,38696.32
41942.24,38762.08
41887.68,38712.01
41809.2,38625.71
41818.35,38622.36
41892.6,38699.74
41947.43,38766.33
41897.25,38719.39
41809.14,38622.43
41796.04,38596.57
41892.89,38693.1
41954.87,38769.34
41895.91,38723.73
41826.21,38644.62
41806.9,38610.87
41867.74,38667.6
41916.25,38729.07
41896.24,38720.77
41848.07,38661.9
41839.25,38632.2
41881.65,38677.3
41910.14,38725.25
41870.05,38697.71
41817.39,38642.84
41805.29,38616.5
41872.59,38679.8
41926.98,38746.37
41887.75,38722.14
41811.08,38643.97
41813.61,38636.4
41875.63,38704.1
41913.39,38759.06
41864.3,38719.72
41808.36,38650.43
41807.21,38627.48
41868.1,38688.14
41905.27,38743.6
41860.55,38706.47
41799.64,38634.99
41813.81,38637.02
41892.24,38710.36
41926.28,38762.68
41885.11,38734.03
41822.44,38666.68
41811.24,38643.82
41873.29,38706.49
41919.98,38767.4
41892.2,38748.56
41813.86,38665.63
41811.73,38651.77
41902.03,38741.18
41956.64,38809.45
41913.07,38774.46
41831.47,38685.57
41818.41,38660.02
41884.44,38726.68
41939.67,38798.18
41904.69,38773.82
41836.09,38699.65
41837.03,38689.3
41912.29,38761.1
41957.6,38822.12
41898.99,38777.93
41834.04,38706.87
41832.7,38696.03
41882.5,38752.52
41930.8,38818.27
41893.27,38788.05
41824.14,38712.28
41823.0,38697.33
41891.79,38760.23
41943.81,38823.5
41910.61,38799.16
41848.59,38728.8
41839.2,38708.39
41903.11,38771.13
41942.27,38825.79
41907.82,38802.2
41847.4,38734.34
41832.0,38706.47
41882.36,38754.97
41927.02,38810.5
41904.91,38799.03
41825.1,38714.07
41811.24,38683.07
41876.3,38745.86
41930.22,38813.89
41898.86,38789.26
41829.63,38711.68
41828.18,38697.86
41886.25,38761.66
41925.3,38813.67
41901.11,38793.24
41837.48,38716.15
41837.84,38704.39
41902.52,38768.38
41938.18,38816.46
41906.28,38795.61
41831.96,38713.96
41818.95,38690.15
41881.38,38758.59
41944.34,38840.65
41909.77,38817.6
41829.63,38729.71
41810.93,38693.98
41878.72,38759.73
41922.28,38815.21
41904.29,38805.87
41833.68,38722.96
41817.21,38691.49
41878.09,38754.35
41929.19,38818.59
41888.55,38787.36
41813.88,38708.91
41801.7,38681.68
41861.02,38736.27
41917.21,38808.08
41897.14,38799.72
41823.75,38713.76
41803.15,38670.64
41867.81,38734.77
41915.96,38800.75
41889.92,38783.79
41829.23,38714.18
41805.2,38677.88
41880.35,38752.4
41947.34,38833.5
41904.18,38800.91
41827.02,38714.74
41837.26,38709.89
41902.7,38776.99
41939.71,38827.21
41917.63,38812.8
41844.77,38733.4
41837.17,38713.24
41901.38,38777.57
41957.04,38852.32
41924.9,38834.52
41835.51,38736.31
41841.39,38725.38
41911.96,38790.89
41944.75,38837.59
41918.95,38821.54
41864.28,38757.88
41846.11,38722.29
41902.95,38778.8
41946.69,38839.13
41926.57,38835.73
41851.16,38752.63
41822.97,38706.05
41888.15,38774.0
41927.82,38824.75
41894.34,38804.5
41841.17,38743.82
41824.09,38711.39
41888.91,38772.77
41934.98,38833.59
41906.5,38814.32
41838.84,38740.55
41815.87,38703.23
41876.26,38763.2
41944.14,38850.75
41901.79,38821.69
41825.54,38741.54
41820.13,38722.09
41866.45,38765.79
41917.81,38831.75
41893.07,38822.72
41816.0,38738.23
41799.01,38708.37
41863.25,38774.55
41913.07,38836.91
41894.7,38824.93
41835.04,38757.05
41811.89,38720.3
41857.11,38761.75
41905.56,38825.05
41888.82,38821.36
41823.89,38747.22
41812.63,38720.17
41868.75,38775.56
41917.25,38840.27
41872.04,38803.61
41811.42,38737.34
41790.0,38698.2
41848.95,38753.18
41911.75,38829.29
41878.83,38810.41
41800.2,38722.79
41792.04,38699.99
41855.74,38762.8
41901.9,38816.39
41863.27,38788.34
41805.23,38728.69
41798.97,38707.99
41867.97,38773.44
41912.16,38830.88
41880.62,38807.3
41808.04,38728.91
41787.5,38694.11
41845.01,38744.4
41907.55,38823.35
41889.0,38819.01
41831.38,38746.21
41804.15,38702.51
41862.34,38760.56
41903.42,38818.65
41888.62,38815.77
41801.18,38721.36
41773.93,38682.29
41838.62,38745.63
41903.24,38829.0
41883.82,38822.52
41813.47,38743.42
41777.29,38686.42
41830.37,38733.65
41896.76,38815.28
41875.07,38805.55
41803.08,38725.38
41789.0,38696.43
41845.82,38748.43
41890.45,38802.54
41866.02,38789.73
41796.4,38715.7
41778.88,38680.79
41829.21,38726.96
41877.69,38789.2
41863.16,38788.66
41800.02,38722.81
41770.85,38680.72
41821.74,38729.63
41877.4,38797.84
41857.06,38787.07
41792.75,38715.41
41776.86,38680.68
41820.78,38719.1
41872.84,38786.22
41865.04,38790.29
41788.95,38707.41
41770.71,38676.88
41833.75,38735.97
41884.24,38802.2
41842.4,38772.34
41775.72,38699.05
41762.98,38673.99
41813.72,38720.68
41861.2,38780.5
41845.88,38777.66
41775.03,38697.71
41744.47,38656.2
41791.66,38712.06
41843.61,38777.35
41831.78,38774.93
41774.4,38713.4
41767.5,38686.98
41807.77,38718.9
41852.21,38778.98
41831.49,38772.88
41780.75,38713.76
41764.52,38673.34
41797.29,38699.14
41842.78,38760.11
41824.72,38756.76
41761.82,38683.92
41734.86,38639.59
41794.45,38692.72
41849.73,38758.77
41829.99,38749.9
41772.19,38686.24
41737.75,38634.9
41796.24,38692.14
41845.1,38754.75
41828.27,38745.81
41754.6,38661.95
41764.64,38654.59
41820.43,38707.95
41863.68,38764.45
41832.32,38743.93
41755.76,38659.71
41754.62,38643.28
41812.87,38696.25
41882.43,38775.54
41858.76,38763.22
41780.97,38681.26
41753.77,38642.54
41797.16,38681.79
41863.45,38761.37
41857.37,38770.62
41784.75,38691.14
41748.88,38641.14
41801.0,38687.83
41863.5,38761.25
41833.14,38750.52
41761.02,38673.1
41738.73,38635.73
41795.41,38692.95
41854.11,38767.82
41839.09,38764.9
41777.6,38698.51
41746.53,38653.65
41805.72,38706.85
41852.25,38759.8
41839.02,38760.05
41791.57,38711.23
41763.27,38664.4
41789.11,38682.73
41841.5,38749.5
41840.74,38764.83
41777.29,38698.45
41755.94,38662.86
41815.73,38718.79
41868.64,38782.49
41840.48,38771.43
41765.91,38692.84
41761.06,38674.86
41825.77,38730.23
41884.57,38792.37
41849.73,38768.61
41764.77,38676.14
41734.13,38632.11
41802.97,38699.54
41870.49,38774.35
41841.41,38756.18
41780.04,38698.04
41769.55,38675.07
41814.26,38709.22
41860.32,38763.8
41824.89,38741.34
41755.65,38671.54
41740.99,38642.01
41806.1,38701.29
41872.19,38775.38
41843.56,38761.81
41772.61,38687.05
41755.83,38651.8
41816.4,38709.4
41873.0,38777.3
41851.61,38764.05
41780.35,38686.15
41748.03,38642.61
41811.35,38700.28
41891.59,38793.13
41874.43,38792.88
41781.09,38699.83
41741.75,38650.72
41795.77,38696.43
41877.63,38786.29
41870.0,38790.42
41808.69,38725.85
41777.11,38675.4
41813.72,38701.11
41878.52,38777.53
41858.25,38770.84
41782.36,38691.96
41772.37,38667.96
41827.91,38721.13
41870.58,38774.13
41844.95,38758.88
41794.34,38705.93
41776.08,38672.43
41823.71,38713.6
41894.32,38794.71
41884.48,38796.84
41800.58,38711.45
41751.85,38644.09
41811.2,38695.92
41870.8,38772.88
41864.23,38772.81
41792.24,38691.83
41759.98,38647.71
41819.91,38702.85
41881.02,38776.16
41849.86,38758.88
41796.49,38706.0
41775.61,38669.88
41826.32,38716.46
41868.7,38766.6
41865.69,38771.74
41789.36,38691.74
41761.19,38652.49
41817.95,38703.36
41884.89,38786.38
41885.02,38804.17
41824.47,38740.8
41784.84,38687.71
41823.82,38720.73
41873.67,38777.46
41866.4,38783.83
41809.74,38721.11
41778.74,38671.8
41821.25,38709.67
41882.54,38785.33
41885.07,38800.68
41815.24,38729.4
41785.38,38686.42
41836.16,38731.41
41888.71,38786.82
41867.39,38772.36
41805.83,38711.52
41788.06,38677.32
41838.69,38716.33
41891.86,38779.47
41865.11,38768.88
41803.73,38707.7
41803.17,38693.68
41864.3,38747.22
41920.07,38812.04
41890.25,38788.79
41810.23,38703.92
41789.71,38670.95
41849.8,38727.19
41924.11,38818.88
41919.22,38825.67
41827.45,38721.18
41786.27,38666.93
41833.88,38708.79
41909.45,38794.0
41912.07,38807.97
41840.07,38731.84
41804.69,38685.13
41852.66,38725.54
41911.13,38791.25
41884.17,38780.99
41810.34,38705.33
41792.39,38670.08
41848.28,38721.02
41913.97,38800.46
41904.22,38802.76
41827.55,38724.3
41783.9,38665.3
41814.55,38691.47
41871.54,38762.19
41876.5,38786.67
41816.85,38723.43
41794.77,38679.67
41848.39,38719.81
41901.61,38785.3
41889.94,38793.64
41823.33,38726.95
41798.95,38685.82
41852.39,38732.24
41909.77,38803.72
41897.05,38805.96
41835.45,38738.01
41807.51,38695.63
41862.76,38745.7
41918.3,38814.68
41890.59,38806.61
41814.14,38730.09
41776.62,38676.54
41838.8,38730.18
41910.48,38811.88
41896.13,38809.18
41808.73,38719.32
41770.74,38668.02
41836.05,38723.26
41907.39,38803.59
41898.01,38811.97
41824.74,38735.08
41801.29,38695.56
41849.13,38734.72
41908.51,38801.84
41894.72,38798.8
41821.3,38723.82
41800.2,38691.36
41855.0,38733.2
41920.98,38807.59
41891.66,38796.73
41817.0,38721.69
41793.89,38683.61
41858.54,38740.63
41921.23,38816.46
41913.99,38822.95
41836.86,38737.81
41793.52,38678.13
41836.72,38712.8
41912.56,38801.09
41898.52,38801.64
41831.54,38732.42
41793.36,38678.69
41829.75,38707.68
41891.82,38782.31
41887.75,38793.69
41826.62,38726.65
41779.52,38657.03
41829.93,38696.03
41901.2,38776.39
41903.64,38797.84
41834.15,38730.52
41785.94,38665.57
41825.84,38699.9
41892.11,38780.79
41904.36,38807.75
41825.25,38728.87
41770.74,38658.86
41824.25,38702.36
41888.35,38774.82
41894.41,38794.54
41828.25,38726.14
41771.61,38656.76
41814.5,38690.82
41884.06,38773.17
41868.26,38774.17
41812.33,38718.0
41778.96,38668.43
41819.6,38703.0
41894.45,38789.98
41891.32,38801.13
41818.01,38729.07
41783.77,38676.18
41823.42,38707.27
41881.33,38778.33
41864.46,38778.73
41809.5,38718.83
41778.05,38668.2
41800.35,38684.03
41876.44,38767.8
41876.95,38781.95
41817.0,38723.43
41768.86,38664.36
41792.6,38681.05
41859.38,38753.43
41876.82,38782.4
41823.2,38731.44
41762.18,38657.18
41793.29,38677.55
41855.38,38750.17
41882.79,38788.77
41817.56,38717.13
41767.38,38651.69
41795.32,38673.34
41868.59,38757.97
41863.68,38770.33
41795.73,38705.57
41753.35,38646.19
41798.79,38676.7
41870.76,38754.82
41877.07,38774.75
41803.62,38702.63
41768.48,38655.8
41804.15,38684.48
41856.57,38745.32
41847.47,38752.58
41768.91,38678.8
41733.7,38631.37
41798.14,38686.93
41874.18,38773.48
41882.45,38800.97
41810.86,38725.76
41753.62,38650.21
41780.57,38665.32
41843.67,38737.2
41850.87,38761.25
41801.2,38717.33
41767.7,38673.59
41786.68,38683.45
41844.99,38749.86
41848.03,38765.88
41789.94,38706.98
41764.75,38670.28
41800.8,38699.0
41846.35,38756.65
41845.35,38770.84
41796.55,38718.27
41757.48,38666.19
41780.19,38680.18
41842.82,38750.5
41849.75,38771.74
41790.12,38711.97
41761.73,38662.75
41796.78,38688.03
41864.7,38762.71
41861.87,38772.43
41810.95,38719.05
41765.44,38665.45
41823.82,38713.51
41879.37,38781.08
41851.96,38773.21
41790.23,38710.83
41750.49,38651.77
41791.79,38680.7
41863.43,38765.43
41866.36,38783.49
41806.34,38721.25
41771.3,38671.96
41804.96,38693.06
41861.33,38765.48
41844.7,38768.63
41792.13,38710.71
41758.46,38659.22
41791.52,38685.44
41861.66,38764.14
41861.13,38780.14
41796.6,38720.57
41745.97,38657.0
41784.28,38679.11
41840.74,38739.55
41850.82,38763.04
41797.58,38711.12
41734.8,38633.92
41776.39,38665.03
41862.16,38762.06
41867.18,38781.8
41795.93,38708.17
41734.3,38637.45
41779.61,38672.54
41866.67,38765.5
41863.12,38774.6
41795.05,38714.47
41755.88,38665.7
41783.03,38683.02
41859.52,38768.61
41867.39,38787.34
41808.38,38726.47
41761.02,38664.89
41793.87,38687.89
41865.22,38775.29
41852.57,38780.59
41799.73,38727.26
41767.63,38679.22
41803.95,38702.67
41861.64,38769.41
41861.06,38782.93
41790.63,38710.7
41739.85,38651.6
41773.89,38676.16
41843.09,38751.53
41854.38,38781.46
41798.12,38731.41
41752.9,38673.72
41772.59,38677.26
41832.74,38742.03
41846.71,38769.37
41781.31,38703.23
41741.81,38650.34
41793.58,38694.67
41857.21,38766.98
41860.59,38788.12
41786.27,38712.1
41749.75,38663.35
41775.59,38679.94
41834.91,38748.74
41839.49,38771.56
41778.29,38711.52
41738.93,38658.1
41771.63,38685.86
41839.31,38760.63
41854.78,38785.77
41796.24,38730.68
41747.22,38664.88
41788.39,38696.01
41848.52,38767.4
41868.97,38805.62
41800.62,38735.55
41735.71,38652.4
41772.91,38676.45
41855.92,38764.23
41866.83,38794.87
41810.23,38743.64
41745.19,38662.68
41764.64,38669.37
41831.2,38739.95
41847.07,38765.34
41807.57,38724.89
41762.73,38667.13
41778.54,38672.74
41842.75,38746.79
41861.78,38776.92
41789.36,38709.89
41741.86,38654.21
41776.53,38679.45
41859.81,38773.5
41869.49,38798.49
41798.34,38723.75
41752.75,38663.29
41773.98,38675.11
41838.57,38748.51
41869.46,38794.36
41807.82,38735.64
41744.81,38662.13
41766.56,38676.43
41835.63,38755.33
41876.37,38811.25
41810.81,38746.37
41742.69,38667.96
41758.8,38669.93
41839.29,38756.87
41842.02,38777.91
41777.51,38710.05
41728.85,38645.34
41772.37,38678.51
41849.04,38765.57
41870.58,38803.57
41804.22,38738.07
41755.58,38680.34
41779.03,38698.27
41863.52,38788.05
41867.63,38807.95
41793.43,38736.38
41746.53,38673.39
41775.1,38690.82
41845.21,38771.31
41856.16,38800.37
41808.47,38754.13
41753.3,38688.5
41785.82,38712.71
41861.38,38794.27
41864.26,38808.86
41797.29,38741.74
41775.88,38701.64
41805.76,38718.56
41863.03,38779.96
41876.08,38806.34
41821.52,38756.05
41775.36,38700.82
41806.1,38720.06
41866.8,38785.8
41875.41,38807.54
41809.14,38744.09
41763.41,38686.75
41783.81,38699.12
41850.02,38771.91
41870.58,38807.43
41803.53,38740.4
41754.44,38675.38
41779.66,38690.96
41849.04,38770.15
41856.23,38794.87
41803.3,38744.04
41767.99,38695.16
41797.76,38717.82
41866.67,38793.64
41869.87,38812.82
41811.64,38758.93
41768.79,38704.5
41796.57,38725.36
41858.82,38795.5
41864.97,38813.71
41809.94,38758.1
41763.36,38696.68
41788.08,38710.63
41850.53,38783.58
41861.84,38814.09
41813.16,38769.12
41769.93,38715.28
41790.18,38721.89
41855.94,38793.57
41865.4,38818.56
41806.84,38761.37
41755.14,38695.27
41791.55,38726.47
41849.82,38794.36
41845.97,38807.32
41788.44,38750.08
41735.82,38684.36
41752.18,38692.59
41830.26,38775.43
41852.3,38809.42
41796.0,38755.96
41737.7,38685.59
41766.51,38703.95
41845.44,38786.06
41857.86,38811.34
41798.43,38755.89
41743.07,38690.18
41773.26,38708.44
41840.43,38781.86
41863.95,38817.89
41801.88,38755.64
41748.14,38685.32
41765.11,38690.33
41843.34,38776.01
41866.02,38813.96
41823.82,38771.76
41773.13,38704.57
41790.52,38711.41
41858.45,38788.59
41876.64,38823.26
41812.78,38761.14
41759.65,38696.86
41786.99,38711.54
41850.49,38781.19
41870.49,38812.6
41805.56,38750.75
41757.5,38685.95
41781.51,38695.7
41858.16,38783.54
41877.02,38818.99
41824.79,38768.85
41762.85,38693.39
41779.86,38705.82
41851.32,38784.48
41868.59,38814.81
41819.31,38765.68
41765.3,38694.27
41776.23,38693.02
41856.55,38789.46
41878.56,38825.29
41819.29,38766.28
41746.48,38684.43
41767.79,38694.78
41851.85,38788.41
41866.36,38819.01
41810.64,38767.49
41761.08,38703.56
41780.28,38712.82
41840.59,38784.84
41861.55,38821.63
41806.97,38770.66
41751.43,38704.46
41771.99,38717.33
41838.98,38788.41
41870.25,38834.37
41814.39,38783.85
41749.97,38708.88
41779.41,38727.21
41837.86,38790.2
41855.27,38819.75
41811.06,38777.41
41772.01,38725.31
41781.73,38725.31
41846.96,38797.35
41870.07,38836.36
41813.34,38783.92
41755.89,38717.45
41777.29,38729.89
41846.96,38803.57
41871.45,38841.56
41812.91,38786.67
41748.21,38713.69
41766.6,38725.74
41847.67,38813.98
41880.91,38856.72
41821.77,38796.7
41752.86,38713.78
41772.97,38721.29
41837.26,38791.85
41878.96,38850.21
41805.2,38778.46
41744.95,38703.9
41774.14,38720.55
41845.95,38801.2
41854.8,38823.28
41799.64,38768.74
41751.63,38708.5
41768.97,38716.19
41850.98,38805.49
41873.24,38843.38
41827.22,38802.27
41768.08,38735.08
41787.55,38741.29
41864.04,38822.05
41882.74,38856.11
41824.49,38803.83
41766.54,38733.4
41787.16,38745.07
41845.91,38811.25
41866.49,38844.04
41811.6,38789.55
41757.28,38723.23
41773.69,38732.33
41845.71,38809.78
41874.65,38852.54
41822.21,38804.32
41755.18,38719.68
41767.86,38724.29
41851.25,38818.68
41874.67,38854.37
41827.13,38809.76
41767.65,38734.43
41776.75,38730.83
41836.45,38794.09
41863.45,38840.47
41815.82,38797.53
41756.66,38717.96
41777.67,38722.41
41848.59,38800.75
41881.38,38849.97
41837.28,38811.59
41762.11,38722.12
41790.83,38735.82
41860.61,38813.49
41876.44,38846.28
41815.93,38788.86
41762.98,38720.11
41797.65,38740.29
41859.92,38804.48
41884.08,38844.52
41829.75,38794.83
41767.5,38717.11
41778.52,38716.33
41854.45,38795.09
41892.51,38847.98
41835.11,38801.82
41769.48,38724.66
41786.45,38730.12
41861.51,38808.3
41890.18,38854.91
41825.99,38798.36
41759.81,38723.19
41768.84,38716.73
41851.09,38800.46
41895.28,38858.62
41843.45,38807.99
41779.1,38730.36
41794.05,38734.19
41869.53,38812.26
41896.51,38854.5
41823.44,38788.79
41767.32,38720.53
41775.88,38715.88
41843.09,38788.57
41867.14,38830.23
41825.3,38795.61
41764.19,38720.21
41764.81,38707.27
41843.65,38792.21
41882.65,38845.54
41839.25,38803.48
41781.2,38732.46
41789.8,38723.75
41864.77,38797.0
41875.5,38825.07
41824.76,38781.04
41775.14,38714.54
41781.22,38709.89
41851.74,38785.59
41883.57,38837.07
41824.36,38788.21
41771.07,38722.34
41784.19,38721.13
41848.01,38785.24
41879.23,38828.11
41833.12,38787.5
41776.21,38717.54
41786.41,38718.56
41844.57,38782.13
41879.43,38831.39
41832.9,38789.62
41770.25,38712.3
41781.2,38710.74
41845.5,38779.49
41881.27,38829.43
41832.96,38793.82
41754.11,38704.37
41767.34,38702.27
41842.82,38781.77
41884.48,38838.59
41840.79,38797.8
41780.39,38722.45
41785.24,38714.09
41847.89,38781.46
41875.86,38824.38
41835.96,38788.55
41767.65,38706.13
41776.13,38700.99
41856.5,38785.39
41884.06,38830.19
41820.96,38776.65
41755.11,38703.39
41763.47,38697.82
41824.36,38761.01
41864.3,38813.98
41826.68,38783.27
41760.03,38703.21
41755.74,38680.12
41837.21,38764.7
41863.39,38807.19
41812.94,38763.76
41766.96,38708.32
41778.11,38705.87
41839.65,38768.61
41859.03,38803.01
41814.55,38768.05
41761.08,38701.33
41777.02,38697.77
41853.75,38777.84
41886.56,38828.29
41826.57,38779.79
41769.06,38712.44
41782.36,38708.46
41853.66,38782.42
41907.06,38851.11
41867.48,38816.84
41786.36,38727.5
41810.3,38736.76
41877.69,38804.5
41881.71,38820.69
41814.84,38761.05
41752.81,38691.2
41774.87,38701.93
41866.52,38796.88
41876.19,38822.16
41809.7,38762.19
41744.09,38686.44
41767.56,38699.88
41840.45,38777.46
41894.25,38843.78
41849.73,38806.11
41785.45,38734.81
41801.32,38735.88
41864.12,38804.08
41893.29,38848.18
41856.5,38818.61
41810.34,38764.83
41825.3,38767.02
41868.04,38815.66
41891.73,38856.05
41855.56,38827.73
41801.85,38767.47
41818.55,38769.05
41879.5,38829.07
41906.68,38869.64
41863.21,38833.81
41808.02,38769.57
41807.33,38757.54
41875.81,38829.88
41921.57,38894.25
41873.62,38855.45
41821.83,38790.85
41838.42,38795.32
41915.98,38873.48
41950.63,38925.47
41902.86,38887.74
41838.22,38813.54
41856.28,38824.73
41932.59,38907.28
41980.69,38972.21
41936.86,38931.04
41897.38,38875.7
41899.21,38865.84
41946.76,38920.22
41990.45,38979.05
41952.68,38948.27
41891.77,38873.23
41898.25,38866.62
41960.93,38928.87
41986.1,38965.62
41958.65,38950.24
41901.25,38888.21
41914.13,38884.75
41982.59,38954.46
42029.68,39021.43
41982.3,38987.16
41919.09,38912.55
41928.72,38907.23
41996.0,38975.05
42037.08,39031.46
41992.91,38993.04
41932.5,38923.26
41913.97,38890.43
41980.69,38958.89
42033.97,39028.89
42003.6,39011.06
41929.48,38922.97
41915.22,38894.76
41988.33,38973.3
42027.89,39028.63
41982.81,38986.0
41912.83,38902.76
41906.17,38881.93
41978.95,38954.6
42026.24,39014.72
41987.97,38985.04
41920.0,38905.87
41925.43,38901.67
41988.27,38968.95
42022.2,39017.45
41976.86,38981.73
41912.49,38907.1
41921.32,38903.5
42002.3,38985.89
42032.36,39031.87
41975.52,38986.94
41917.97,38919.62
41931.89,38916.42
41990.54,38976.81
42029.7,39032.83
41981.05,38989.62
41919.85,38919.95
41919.67,38905.63
41982.01,38968.21
42028.72,39033.16
41981.47,39001.8
41907.26,38925.36
41909.36,38917.61
41980.96,38992.1
42009.63,39036.36
41965.69,39000.6
41905.79,38923.97
41917.75,38922.23
41974.63,38980.66
42005.14,39024.29
41963.45,38989.06
41891.88,38908.29
41908.85,38908.51
41985.98,38984.82
42024.0,39040.7
41998.19,39026.28
41917.86,38939.02
41906.75,38910.21
41966.61,38967.61
42012.41,39029.41
41982.88,39005.22
41919.0,38930.28
41921.23,38923.28
41992.06,38993.13
42026.38,39040.88
41973.45,38996.66
41906.59,38921.52
41906.3,38906.16
41983.37,38979.05
42030.73,39040.83
41988.46,39009.56
41915.71,38926.68
41921.66,38921.88
41990.07,38993.2
42041.42,39060.19
41988.82,39021.94
41913.5,38943.64
41913.61,38927.71
41982.18,38998.14
