23668.35,33976.46
23648.55,33960.99
23628.41,33925.86
23644.39,33919.75
23683.01,33966.92
23686.79,33993.7
23664.48,33975.01
23641.84,33939.96
23654.65,33931.31
23678.25,33962.6
23684.6,33985.34
23663.3,33967.03
23644.88,33934.75
23673.16,33944.36
23698.3,33978.25
23698.95,33997.09
23681.2,33981.54
23657.24,33945.32
23668.02,33939.09
23692.27,33972.1
23691.02,33991.19
23672.04,33974.89
23653.8,33947.07
23672.26,33949.8
23701.3,33985.49
23701.34,34006.48
23672.15,33983.57
23652.86,33951.65
23678.88,33957.73
23713.55,33995.8
23716.09,34016.76
23700.36,34005.14
23679.5,33971.1
23692.0,33969.09
23716.5,34001.52
23720.03,34024.18
23698.44,34012.56
23677.34,33979.88
23690.93,33972.84
23718.93,34003.71
23722.78,34025.52
23699.51,34008.49
23672.75,33974.41
23681.25,33965.84
23709.12,33997.11
23713.5,34020.83
23688.45,34004.0
23673.63,33977.91
23692.98,33977.29
23720.86,34009.3
23718.29,34029.66
23687.98,34006.23
23662.56,33969.82
23677.78,33964.73
23712.9,34002.21
23721.97,34027.64
23701.3,34009.14
23679.93,33980.98
23687.71,33972.1
23715.36,34008.6
23719.96,34035.0
23698.17,34012.09
23683.3,33986.54
23701.1,33983.73
23723.0,34009.54
23724.5,34032.0
23696.92,34013.36
23681.22,33990.88
23685.94,33975.77
23710.8,34002.93
23721.82,34033.97
23703.87,34020.0
23676.29,33982.29
23692.09,33981.2
23728.79,34025.75
23723.09,34043.85
23703.62,34030.78
23690.05,34004.09
23699.08,33988.35
23728.57,34017.54
23740.32,34045.66
23726.96,34038.33
23708.99,34010.86
23711.94,33993.96
23743.65,34028.32
23754.81,34058.16
23745.29,34056.88
23730.85,34032.74
23732.03,34014.04
23758.81,34047.02
23769.87,34080.71
23755.3,34073.64
23731.56,34041.71
23746.52,34038.24
23779.08,34071.9
23788.8,34094.23
23773.94,34085.0
23752.3,34055.77
23759.66,34044.88
23785.34,34073.11
23793.07,34101.12
23770.07,34083.32
23744.12,34047.74
23752.86,34038.66
23779.24,34068.01
23788.71,34100.11
23777.12,34094.99
23756.62,34061.11
23761.49,34046.46
23787.46,34075.48
23786.86,34097.0
23766.68,34085.56
23746.89,34055.41
23756.75,34044.03
23793.28,34080.33
23796.52,34104.2
23772.17,34088.33
23748.44,34057.31
23761.38,34054.2
23794.79,34087.08
23801.08,34111.58
23785.36,34105.34
23758.83,34070.79
23762.34,34054.22
23788.31,34083.7
23793.65,34108.74
23773.49,34093.58
23745.69,34058.8
23756.86,34047.32
23786.93,34077.16
23792.89,34101.5
23775.08,34091.95
23740.68,34046.0
23739.18,34033.17
23769.31,34069.31
23766.14,34083.75
23750.81,34075.32
23732.39,34044.19
23740.03,34032.18
23771.39,34062.85
23778.75,34088.8
23758.29,34081.02
23730.2,34044.25
23740.99,34032.81
23772.11,34065.09
23780.38,34093.65
23765.02,34085.45
23742.98,34049.53
23756.53,34046.33
23796.29,34086.99
23803.69,34111.29
23785.07,34103.91
23758.76,34070.61
23760.73,34054.63
23805.39,34093.29
23817.86,34122.39
23803.33,34119.54
23778.3,34084.24
23789.86,34077.63
23838.78,34125.88
23835.36,34144.55
23820.86,34136.61
23811.83,34115.46
23818.42,34105.57
23848.93,34140.95
23865.61,34178.03
23848.53,34167.34
23824.41,34133.3
23826.24,34114.77
23854.21,34143.81
23857.16,34163.48
23838.58,34152.82
23820.5,34122.57
23824.63,34108.78
23860.91,34145.39
23870.1,34171.61
23857.11,34166.56
23834.07,34131.52
23837.15,34118.55
23874.39,34157.98
23881.45,34182.88
23862.59,34174.79
23839.07,34137.3
23844.28,34119.4
23877.94,34155.57
23889.61,34185.11
23867.3,34172.87
23847.03,34142.07
23849.8,34123.49
23887.6,34158.74
23896.54,34183.84
23877.79,34176.0
23853.58,34144.77
23855.55,34128.72
23887.38,34163.01
23891.91,34188.87
23876.96,34181.92
23859.99,34151.0
23862.36,34133.06
23895.76,34171.03
23902.06,34195.91
23881.5,34181.54
23853.33,34143.63
23857.87,34130.46
23897.28,34168.17
23914.55,34202.95
23902.53,34199.82
23873.0,34159.36
23875.19,34143.92
23903.47,34171.99
23907.69,34194.32
23888.98,34188.67
23865.16,34159.21
23867.28,34140.07
23901.26,34170.23
23907.27,34194.17
23890.39,34185.81
23864.35,34150.65
23870.16,34136.7
23906.29,34175.79
23914.04,34203.62
23894.6,34194.86
23866.99,34157.73
23862.61,34137.48
23893.52,34166.18
23908.27,34197.59
23895.67,34196.69
23869.34,34161.13
23860.96,34135.56
23898.82,34171.37
23911.52,34203.4
23884.6,34191.98
23852.15,34153.04
23849.96,34129.23
23883.15,34159.66
23887.42,34185.23
23870.37,34180.78
23837.08,34138.33
23843.59,34128.92
23876.69,34161.45
23889.5,34191.04
23871.62,34185.34
23843.54,34149.31
23840.12,34128.57
23868.67,34155.79
23878.77,34183.97
23858.83,34174.0
23824.32,34130.64
23823.16,34111.73
23853.8,34140.16
23865.78,34169.87
23845.04,34166.0
23812.34,34126.08
23810.55,34102.79
23853.33,34139.5
23858.61,34161.8
23838.49,34151.45
23812.54,34117.41
23807.54,34091.71
23841.09,34121.3
23852.46,34154.09
23835.65,34150.74
23804.96,34112.36
23811.54,34101.03
23852.17,34134.89
23865.38,34166.83
23850.74,34163.63
23818.49,34126.2
23820.61,34110.79
23861.02,34147.45
23869.16,34173.52
23852.1,34167.28
23835.03,34140.95
23850.05,34134.87
23883.8,34164.68
23888.49,34186.59
23882.68,34191.82
23860.84,34162.05
23854.74,34140.05
23884.4,34167.9
23898.35,34195.57
23885.83,34195.57
23860.87,34166.52
23868.29,34152.21
23906.29,34183.95
23917.21,34209.39
23905.46,34209.54
23884.38,34181.85
23885.95,34165.15
23917.15,34190.23
23927.59,34216.63
23908.83,34208.47
23886.66,34180.18
23885.39,34164.59
23921.15,34197.56
23933.49,34227.98
23913.88,34220.03
23888.89,34186.43
23893.37,34169.8
23927.32,34200.74
23938.79,34229.5
23926.27,34230.64
23896.49,34194.12
23889.28,34167.43
23924.48,34202.13
23937.44,34233.17
23915.87,34225.37
23888.16,34193.12
23894.04,34180.53
23933.26,34213.59
23944.15,34240.21
23922.83,34229.75
23892.47,34193.03
23894.21,34174.88
23928.01,34204.07
23936.68,34228.86
23921.37,34228.7
23894.77,34195.89
23877.79,34159.14
23909.84,34184.91
23923.16,34213.21
23900.76,34207.91
23868.71,34172.04
23864.58,34147.68
23898.84,34180.64
23911.58,34209.25
23896.99,34202.86
23863.75,34160.89
23860.4,34142.82
23890.08,34170.99
23907.74,34204.09
23896.49,34206.73
23864.93,34169.54
23857.78,34145.13
23887.76,34167.05
23898.48,34187.64
23884.34,34186.88
23856.96,34153.69
23858.56,34134.89
23897.88,34172.42
23902.6,34195.31
23885.88,34189.23
23865.02,34161.55
23868.94,34146.87
23902.15,34174.92
23918.98,34208.11
23905.06,34206.06
23896.67,34188.73
23899.63,34173.89
23933.44,34201.99
23943.7,34229.48
23930.76,34227.7
23909.71,34196.83
23912.12,34179.44
23950.09,34213.5
23960.85,34244.37
23951.99,34249.15
23924.39,34214.3
23917.37,34189.07
23952.4,34216.96
23967.93,34248.14
23954.61,34249.67
23925.33,34215.58
23919.67,34191.29
23955.21,34223.52
23968.4,34255.41
23953.89,34254.05
23921.19,34211.87
23911.85,34184.6
23946.63,34215.29
23960.13,34245.78
23946.96,34247.83
23920.9,34214.57
23918.15,34195.6
23952.42,34227.8
23966.59,34256.39
23955.68,34258.59
23930.04,34225.75
23921.48,34200.58
23959.97,34231.45
23977.39,34264.84
23958.88,34262.12
23928.95,34225.35
23927.92,34203.6
23955.68,34223.74
23961.56,34247.34
23953.34,34253.24
23931.25,34225.91
23925.48,34201.77
23957.0,34224.72
23972.56,34256.5
23959.35,34255.48
23936.48,34224.14
23930.87,34204.52
23964.94,34234.22
23979.15,34263.17
23961.36,34261.94
23936.97,34231.58
23934.72,34209.14
23971.2,34233.89
23984.49,34262.18
23972.58,34267.12
23947.39,34236.25
23933.17,34203.91
23960.29,34224.34
23967.51,34250.27
23960.04,34255.86
23944.71,34229.08
23937.18,34204.96
23968.4,34229.32
23981.79,34260.15
23968.8,34263.3
23940.35,34228.21
23927.83,34199.64
23958.37,34225.35
23979.58,34258.54
23971.87,34264.87
23939.99,34228.54
23926.98,34198.48
23967.19,34226.4
23987.98,34261.71
23974.66,34266.7
23944.48,34235.05
23934.27,34208.27
23962.75,34228.07
23979.04,34257.09
23976.92,34268.15
23949.63,34236.66
23938.23,34206.55
23963.13,34224.12
23974.01,34249.55
23963.55,34257.02
23938.34,34228.99
23928.44,34201.39
23964.02,34225.28
23978.41,34257.27
23962.61,34260.62
23935.01,34229.89
23926.27,34204.58
23959.19,34225.28
23984.9,34262.63
23972.92,34267.66
23944.62,34236.19
23929.96,34202.53
23960.64,34223.63
23977.68,34257.98
23966.28,34262.86
23938.34,34229.26
23929.89,34202.95
23962.07,34227.02
23980.0,34258.83
23963.06,34259.55
23924.26,34219.6
23916.05,34193.61
23956.35,34223.05
23969.88,34253.06
23957.56,34257.11
23927.32,34221.77
23912.74,34193.9
23942.65,34214.46
23960.98,34247.36
23955.12,34257.33
23932.82,34228.88
23923.34,34200.11
23957.54,34224.9
23967.42,34251.23
23955.68,34261.51
23927.47,34229.21
23914.29,34196.85
23945.6,34214.98
23970.93,34253.96
23955.01,34255.66
23917.1,34216.3
23907.27,34191.77
23940.3,34218.31
23955.53,34245.57
23946.38,34249.42
23919.14,34215.18
23909.01,34189.32
23945.78,34212.88
23967.75,34247.12
23962.37,34259.99
23930.07,34225.5
23907.45,34183.71
23941.78,34209.75
23959.3,34245.42
23951.68,34251.86
23925.15,34220.72
23910.76,34189.36
23941.18,34208.0
23962.28,34242.16
23946.29,34245.22
23917.48,34212.47
23905.06,34179.93
23930.96,34193.99
23952.78,34231.56
23950.25,34248.21
23917.35,34210.13
23900.41,34175.46
23930.89,34197.14
23946.83,34229.1
23939.46,34235.96
23914.82,34206.28
23911.87,34185.61
23937.73,34199.62
23947.75,34223.4
23943.48,34234.22
23919.0,34205.3
23905.28,34176.44
23928.84,34187.75
23947.79,34222.04
23941.09,34235.72
23913.86,34204.65
23900.38,34174.12
23928.39,34189.54
23948.84,34221.5
23942.23,34230.15
23914.85,34199.15
23904.94,34173.2
23937.51,34196.38
23956.35,34230.38
23948.53,34242.27
23922.83,34213.28
23904.7,34174.25
23927.83,34186.43
23952.44,34225.77
23945.94,34240.48
23922.78,34217.46
23911.13,34184.64
23937.15,34197.72
23947.19,34223.76
23938.09,34234.42
23912.54,34204.72
23900.29,34172.33
23933.44,34192.63
23957.22,34228.1
23941.98,34232.84
23904.77,34196.18
23893.59,34167.81
23927.47,34188.91
23947.64,34222.82
23946.23,34237.53
23919.81,34206.26
23904.72,34175.79
23930.65,34191.46
23948.84,34221.77
23940.91,34232.43
23920.52,34208.27
23901.35,34171.99
23923.99,34182.28
23938.81,34212.29
23945.33,34235.96
23917.48,34204.98
23893.12,34167.46
23917.55,34181.43
23941.98,34214.91
23939.57,34228.36
23906.82,34194.41
23890.06,34162.16
23914.87,34175.57
23933.31,34206.64
23928.12,34221.64
23907.38,34197.36
23891.44,34164.55
23914.51,34175.32
23934.09,34208.27
23936.46,34229.44
23913.46,34204.72
23900.14,34172.29
23927.41,34182.75
23950.25,34215.02
23943.21,34227.36
23915.36,34197.41
23906.6,34172.26
23927.68,34179.14
23945.06,34209.32
23940.97,34224.68
23916.79,34197.39
23899.38,34166.36
23920.86,34172.98
23938.2,34204.45
23934.65,34217.28
23906.51,34184.98
23886.04,34151.52
23916.37,34168.91
23941.71,34204.79
23938.92,34219.04
23907.02,34185.38
23891.64,34158.85
23915.7,34170.72
23934.78,34196.2
23929.2,34210.39
23903.38,34182.1
23890.19,34152.39
23919.47,34167.37
23943.3,34202.91
23939.57,34216.74
23910.42,34188.58
23891.31,34159.7
23918.18,34173.67
23940.3,34208.74
23942.81,34226.71
23913.06,34194.05
23897.61,34163.97
23921.04,34172.6
23942.05,34207.45
23942.32,34224.72
23915.99,34199.93
23896.36,34168.93
23920.37,34177.11
23941.09,34205.81
23935.61,34213.95
23908.68,34189.54
23896.76,34166.12
23916.28,34172.04
23936.28,34201.45
23936.68,34218.64
23904.94,34187.13
23889.97,34159.93
23915.76,34168.44
23941.69,34203.09
23933.08,34216.68
23904.23,34192.38
23886.17,34160.04
23914.58,34170.32
23933.0,34199.42
23937.58,34215.47
23915.56,34194.01
23895.04,34162.27
23918.89,34173.04
23936.06,34201.05
23927.83,34210.59
23897.1,34179.13
23878.21,34150.36
23905.66,34165.76
23928.06,34197.16
23920.75,34209.77
23895.49,34184.73
23884.49,34157.8
23908.14,34162.02
23927.18,34193.65
23921.04,34208.23
23898.69,34181.76
23877.38,34145.29
23904.5,34156.35
23927.21,34189.65
23919.54,34204.8
23890.24,34174.41
23875.93,34147.79
23905.1,34159.36
23931.86,34197.18
23924.52,34207.69
23894.62,34179.64
23874.19,34147.86
23900.23,34160.01
23924.03,34194.97
23926.42,34214.21
23897.57,34183.46
23872.69,34145.82
23900.36,34159.63
23928.57,34194.5
23924.7,34211.15
23891.96,34176.87
23874.48,34146.11
23898.95,34159.41
23926.11,34194.61
23925.17,34213.75
23895.56,34185.16
23875.33,34150.13
23898.13,34153.35
23923.56,34189.99
23912.59,34202.77
23885.28,34179.93
23866.03,34149.29
23887.26,34152.66
23913.68,34186.75
23913.13,34204.11
23888.47,34178.66
23867.06,34142.24
23888.43,34147.99
23916.32,34188.42
23920.28,34210.44
23897.93,34186.07
23872.09,34149.24
23899.78,34159.7
23924.03,34191.62
23924.86,34212.41
23895.15,34183.55
23878.88,34154.18
23899.98,34158.89
23924.66,34194.23
23919.54,34212.32
23892.07,34184.62
23877.56,34153.26
23897.3,34156.44
23915.65,34188.11
23912.74,34206.93
23886.77,34179.3
23871.8,34152.41
23895.8,34156.23
23921.3,34187.75
23927.25,34213.41
23896.61,34184.09
23880.4,34150.52
23904.14,34162.32
23935.21,34204.07
23928.28,34214.89
23900.07,34188.45
23880.56,34155.07
23901.48,34158.36
23933.98,34197.96
23926.94,34211.6
23897.21,34184.18
23879.53,34153.55
23899.45,34160.26
23925.71,34196.89
23922.31,34212.59
23894.21,34184.82
23872.36,34146.82
23890.28,34150.43
23920.19,34191.46
23922.33,34212.09
23893.37,34185.83
23870.63,34150.0
23889.57,34151.14
23918.18,34187.19
23918.67,34205.25
23895.6,34183.44
23878.79,34150.49
23897.97,34151.74
23929.46,34191.02
23928.97,34209.52
23909.71,34192.6
23889.05,34156.77
23910.8,34160.97
23934.67,34196.04
23928.32,34212.83
23900.96,34189.7
23883.29,34157.31
23906.26,34163.88
23933.0,34197.7
23927.07,34212.56
23903.92,34190.34
23881.7,34152.7
23899.4,34152.21
23924.35,34186.52
23922.58,34207.09
23900.67,34188.02
23879.33,34150.54
23897.23,34149.64
23926.94,34186.79
23927.41,34208.63
23902.51,34186.23
23879.06,34147.23
23898.42,34149.38
23935.39,34193.18
23936.88,34217.46
23910.8,34193.38
23887.29,34159.12
23899.02,34154.14
23926.63,34189.61
23924.55,34207.42
23894.86,34183.15
23878.44,34155.48
23899.36,34156.77
23921.28,34182.93
23917.53,34197.36
23894.95,34177.76
23879.33,34148.84
23894.1,34145.44
23919.9,34182.28
23918.45,34202.77
23895.73,34181.27
23875.26,34147.9
23895.15,34147.63
23928.62,34185.63
23931.52,34210.59
23906.98,34190.52
23889.07,34162.7
23903.89,34157.4
23930.51,34187.51
23931.07,34205.75
23905.28,34186.54
23887.33,34157.62
23898.89,34153.75
23929.93,34189.74
23925.6,34203.6
23895.11,34177.7
23875.26,34145.89
23902.69,34152.77
23932.19,34188.13
23925.89,34204.29
23906.35,34190.25
23882.77,34153.62
23890.86,34143.72
23923.25,34180.31
23931.92,34206.46
23910.87,34189.92
23883.49,34152.7
23896.72,34146.31
23926.6,34184.67
23930.43,34208.83
23903.87,34184.51
23883.08,34150.07
23893.77,34144.84
23917.73,34175.53
23921.26,34196.07
23904.83,34185.85
23882.7,34154.2
23896.76,34151.74
23920.39,34177.0
23923.38,34197.56
23901.93,34182.59
23877.9,34148.28
23887.58,34143.72
23917.93,34179.01
23919.47,34201.61
23900.67,34187.33
23877.88,34149.64
23884.38,34139.36
23910.35,34170.79
23914.42,34192.94
23893.63,34170.68
23880.42,34147.36
23892.05,34147.52
23918.8,34177.52
23923.47,34198.64
23896.88,34177.34
23867.1,34135.49
23883.69,34132.12
23919.54,34173.2
23922.36,34196.38
23898.64,34180.6
23879.17,34152.7
23890.44,34145.24
23925.04,34183.75
23929.46,34205.61
23907.22,34188.91
23882.46,34152.61
23897.54,34150.11
23925.22,34183.3
23927.94,34209.86
23907.04,34195.02
23885.72,34162.98
23902.8,34157.96
23930.87,34189.07
23930.4,34212.12
23910.51,34197.34
23885.56,34161.15
23892.52,34152.37
23917.91,34180.91
23922.31,34204.67
23898.87,34191.21
23884.2,34163.77
23891.51,34151.56
23930.13,34194.7
23935.77,34222.8
23908.27,34200.05
23884.29,34163.88
23889.59,34149.62
23924.44,34189.27
23935.7,34217.68
23912.7,34203.35
23886.32,34162.52
23898.66,34152.5
23928.88,34184.64
23935.1,34211.67
23908.41,34195.89
23881.27,34160.39
23894.17,34152.77
23922.54,34184.04
23924.97,34209.63
23902.17,34195.57
23876.09,34161.36
23887.96,34153.62
23924.52,34191.26
23921.04,34207.42
23897.21,34190.48
23877.74,34158.18
23887.02,34143.96
23925.22,34187.95
23930.16,34213.68
23905.17,34197.74
23880.11,34161.45
23889.19,34150.76
23917.26,34182.07
23922.4,34208.2
23905.84,34197.18
23887.96,34165.11
23898.28,34158.07
23926.09,34191.2
23936.19,34219.16
23913.21,34201.72
23888.4,34166.0
23896.67,34152.7
23925.66,34184.46
23926.65,34209.57
23904.59,34193.74
23888.11,34166.72
23892.92,34156.13
23923.43,34189.65
23929.98,34213.72
23902.75,34193.79
23890.5,34171.17
23906.04,34165.49
23938.74,34200.96
23939.68,34221.23
23909.62,34197.83
23885.25,34161.64
23896.96,34161.54
23935.5,34203.73
23938.47,34223.25
23915.94,34206.46
23892.92,34172.33
23899.15,34158.18
23926.38,34187.8
23925.71,34209.37
23904.03,34193.47
23888.09,34167.03
23897.77,34158.85
23935.39,34197.72
23941.49,34222.73
23922.54,34214.39
23894.97,34175.91
23896.9,34158.4
23923.45,34186.79
23930.71,34213.79
23917.48,34206.73
23896.0,34173.89
23905.1,34161.94
23942.83,34198.68
23946.88,34222.31
23925.48,34209.41
23903.65,34180.42
23908.43,34164.17
23938.29,34193.65
23943.21,34215.16
23926.71,34209.19
23905.55,34178.01
23913.75,34167.01
23941.51,34196.56
23951.82,34227.74
23938.18,34224.57
23915.67,34189.52
23923.79,34178.68
23959.35,34212.9
23960.85,34231.98
23936.24,34221.79
23910.04,34188.27
23920.01,34174.9
23952.04,34205.52
23964.76,34234.85
23945.69,34223.58
23918.8,34190.21
23923.54,34176.0
23955.12,34204.89
23961.65,34231.2
23941.82,34218.93
23916.21,34187.26
23917.04,34171.77
23943.43,34198.08
23955.66,34230.31
23940.3,34224.97
23915.09,34191.04
23915.27,34172.91
23953.2,34208.74
23961.58,34235.92
23936.88,34223.22
23910.85,34187.71
23913.88,34169.36
23951.48,34205.39
23956.29,34230.42
23942.76,34225.55
23918.42,34192.94
23925.31,34179.71
23958.74,34211.33
23967.15,34236.37
23941.98,34221.77
23921.91,34192.8
23924.28,34175.37
23956.29,34206.1
23966.79,34235.09
23950.38,34231.76
23917.73,34193.45
23922.15,34176.24
23952.98,34202.39
23962.9,34230.0
23941.4,34219.31
23916.23,34184.73
23920.63,34168.39
23959.26,34204.63
23967.1,34230.98
23944.62,34219.18
23916.79,34180.31
23927.21,34169.98
23959.71,34205.19
23964.94,34231.07
23949.31,34225.06
23914.2,34183.28
23917.1,34166.61
23955.88,34200.83
23961.61,34226.04
23939.92,34215.33
23910.2,34178.9
23908.21,34161.64
23938.7,34192.96
23948.93,34220.39
23923.32,34205.12
23897.21,34168.46
23914.96,34163.14
23955.91,34198.93
23961.94,34222.4
23940.04,34212.99
23913.64,34179.75
23917.8,34166.63
23945.18,34194.12
23954.47,34221.77
23948.28,34227.09
23928.41,34197.77
23927.25,34176.87
23954.45,34199.87
23951.17,34213.88
23934.67,34205.84
23909.53,34171.03
23905.32,34151.07
23933.6,34177.85
23941.0,34203.31
23915.61,34189.41
23880.58,34147.05
23881.14,34130.15
23917.66,34162.29
23926.25,34185.41
23914.46,34184.38
23893.75,34156.32
23888.74,34131.98
23925.93,34168.39
23942.05,34203.22
23926.98,34199.57
23899.71,34164.02
23898.78,34142.09
23926.67,34166.27
23933.29,34190.37
23925.6,34193.59
23896.54,34159.25
23901.3,34147.36
23921.15,34166.74
23931.5,34192.67
23929.8,34199.96
23906.24,34166.63
23901.81,34143.94
23929.93,34171.75
23933.49,34194.68
23920.68,34192.8
23893.01,34163.68
23887.15,34139.74
23916.43,34163.77
23925.55,34189.47
23913.39,34185.34
23887.53,34148.05
23887.91,34133.75
23923.5,34169.76
23928.79,34193.43
23910.26,34188.22
23892.76,34160.41
23891.31,34138.62
23926.56,34171.32
23942.63,34206.82
23929.8,34201.88
23901.64,34163.61
23892.88,34136.97
23931.43,34173.07
23945.38,34205.07
23925.78,34198.26
23895.06,34158.65
23891.18,34138.87
23928.48,34171.66
23942.94,34200.92
23928.79,34199.44
23906.62,34167.21
23906.89,34146.29
23943.17,34179.37
23952.58,34208.14
23933.85,34202.19
23904.36,34165.6
23900.16,34140.9
23941.67,34178.23
23960.76,34214.24
23945.56,34210.98
23919.96,34179.82
23915.87,34154.74
23948.11,34183.48
23962.16,34219.54
23942.32,34215.91
23913.35,34178.95
23909.5,34155.52
23946.09,34187.13
23962.37,34218.42
23946.5,34214.37
23920.68,34179.88
23911.31,34153.8
23944.22,34179.13
23954.45,34206.39
23933.91,34199.4
23910.73,34168.86
23908.92,34149.35
23940.93,34178.25
23952.62,34207.29
23938.67,34205.68
23917.91,34175.91
23909.97,34149.02
23939.79,34174.21
23953.04,34206.21
23943.48,34211.55
23919.74,34180.4
23914.33,34152.46
23943.93,34175.5
23948.98,34201.1
23930.58,34196.63
23905.48,34165.31
23904.43,34144.23
23936.82,34169.4
23954.61,34203.71
23937.38,34197.39
23901.44,34155.16
23892.99,34130.84
23923.36,34158.34
23932.24,34186.1
23923.05,34192.47
23893.84,34159.77
23889.88,34135.23
23927.65,34168.42
23938.45,34198.04
23927.54,34200.45
23899.22,34166.85
23892.63,34141.15
23926.89,34167.41
23949.76,34205.45
23939.07,34206.64
23906.42,34166.68
23891.4,34135.96
23926.27,34165.58
23933.73,34192.22
23921.48,34195.6
23896.7,34161.8
23888.83,34134.27
23922.76,34159.68
23941.96,34192.89
23926.4,34194.08
23892.31,34154.83
23886.75,34127.36
23917.68,34149.89
23926.47,34176.35
23914.31,34178.12
23886.46,34143.41
23874.39,34118.28
23908.65,34146.51
23921.24,34174.12
23904.63,34171.66
23882.26,34141.19
23871.64,34109.72
23902.66,34136.77
23911.69,34164.93
23900.56,34169.87
23872.56,34135.34
23863.57,34106.04
23894.77,34130.64
23911.02,34162.92
23902.31,34169.65
23866.79,34128.96
23859.39,34103.24
23892.9,34130.35
23902.75,34156.06
23895.38,34160.64
23871.64,34131.76
23861.04,34108.16
23889.63,34132.03
23909.53,34166.07
23899.29,34168.51
23872.24,34137.57
23869.45,34114.71
23905.12,34139.94
23926.11,34175.77
23921.86,34186.95
23897.39,34157.24
23902.04,34141.02
23937.31,34168.3
23949.54,34198.57
23940.97,34202.88
23917.91,34172.04
23910.38,34147.32
23947.5,34178.77
23965.72,34213.43
23958.45,34222.93
23925.22,34183.86
23918.0,34154.87
23951.86,34178.18
23965.38,34208.96
23956.84,34217.03
23934.07,34189.43
23924.17,34161.85
23955.08,34182.84
23971.04,34215.29
23957.56,34217.01
23926.33,34180.98
23920.68,34153.02
23959.59,34182.03
23969.45,34212.36
23959.3,34217.88
23932.82,34186.77
23922.22,34158.38
23955.06,34182.84
23970.01,34213.95
23959.82,34219.78
23934.0,34187.24
23928.19,34163.77
23961.54,34187.95
23977.86,34220.25
23972.6,34230.76
23937.87,34189.25
23929.66,34161.82
23975.8,34198.3
23996.74,34233.89
23982.57,34236.95
23951.97,34200.27
23942.99,34172.53
23982.84,34202.17
23995.58,34231.32
23981.41,34234.91
23953.71,34197.95
23945.78,34170.92
23974.44,34194.21
23988.92,34228.72
23980.85,34238.2
23951.82,34205.43
23952.42,34189.14
23987.0,34212.59
24005.28,34246.76
23990.98,34252.28
23962.25,34220.88
23953.87,34192.45
23987.76,34213.9
23998.02,34239.61
23986.97,34244.23
23963.01,34213.64
23949.25,34182.32
23974.44,34199.71
23993.43,34236.08
23985.46,34246.65
23949.27,34207.42
23936.13,34174.48
23969.43,34195.62
23987.56,34230.96
23982.17,34243.0
23953.27,34206.97
23946.5,34181.14
23981.72,34205.79
24001.32,34238.71
23991.87,34246.0
23967.8,34216.03
23956.4,34187.51
23984.11,34202.73
24003.16,34234.09
23999.58,34247.23
23963.28,34209.72
23946.34,34177.94
23978.41,34202.14
23999.16,34238.8
23993.52,34248.08
23968.69,34216.3
23955.86,34186.63
23986.17,34205.59
24000.59,34235.65
23991.98,34242.94
23963.73,34209.48
23945.85,34177.18
23974.44,34195.69
23992.79,34228.3
23987.27,34240.43
23958.88,34206.97
23953.25,34178.59
23985.3,34199.04
24003.45,34232.03
23991.89,34241.38
23963.01,34209.3
23945.11,34177.36
23979.91,34202.55
24000.86,34234.69
23992.43,34242.56
23964.49,34213.03
23950.32,34182.28
23984.25,34203.22
24001.48,34232.61
23996.25,34243.59
23969.9,34212.12
23947.52,34175.66
23976.2,34194.23
23994.06,34226.64
23987.78,34238.71
23961.14,34207.62
23944.55,34177.05
23975.93,34196.11
24000.25,34232.07
23995.78,34244.93
23963.26,34208.58
23946.52,34175.84
23978.01,34195.89
23994.4,34225.53
23989.88,34242.45
23962.39,34212.05
23947.97,34181.67
23974.55,34193.21
23995.29,34226.62
23987.76,34240.93
23964.38,34215.54
23955.53,34191.13
23987.98,34208.72
24003.34,34234.54
23991.71,34242.45
23964.85,34214.51
23949.78,34183.55
23977.9,34197.96
24000.41,34237.75
23992.65,34249.98
23967.35,34220.63
23955.57,34192.63
23982.24,34206.75
24001.44,34238.6
23995.8,34250.27
23969.7,34217.7
23958.57,34188.11
23986.08,34204.05
24006.96,34239.05
24002.62,34252.01
23973.16,34221.17
23955.46,34187.95
23983.11,34203.33
23996.81,34226.84
23993.12,34241.33
23973.16,34216.16
23956.87,34182.03
23976.94,34193.09
23993.28,34224.01
23985.5,34237.6
23958.63,34211.04
23945.67,34183.3
23974.14,34197.25
23988.99,34223.0
23979.58,34229.41
23953.83,34202.39
23942.23,34176.84
23971.64,34193.77
23988.03,34222.62
23977.39,34229.1
23952.73,34203.44
23939.77,34174.05
23968.24,34188.85
23986.48,34220.41
23978.82,34230.62
23954.83,34204.0
23938.72,34173.0
23959.28,34182.03
23987.06,34223.38
23985.72,34240.3
23957.43,34210.26
23940.62,34180.24
23967.08,34192.2
23992.99,34228.81
23976.34,34231.47
23949.63,34197.86
23934.74,34163.9
23961.23,34175.57
23982.44,34211.55
23970.81,34222.0
23940.6,34190.57
23924.1,34157.73
23953.38,34172.29
23972.31,34204.27
23963.77,34216.72
23938.03,34188.02
23922.31,34153.71
23954.45,34171.59
23975.55,34203.69
23968.0,34214.57
23946.27,34189.76
23930.36,34156.23
23956.96,34168.46
23973.16,34198.23
23972.22,34216.32
23945.96,34191.37
23934.63,34162.72
23959.93,34170.81
23978.48,34201.48
23979.22,34224.05
23953.02,34196.36
23934.16,34160.68
23957.74,34168.8
23982.59,34205.14
23983.44,34223.27
23953.96,34193.05
23935.83,34162.65
23964.56,34176.49
23983.67,34207.51
23982.66,34223.83
23958.03,34195.93
23934.74,34160.44
23963.28,34178.07
23981.63,34210.08
23981.95,34228.43
23961.09,34204.11
23945.85,34170.83
23966.25,34175.88
23984.83,34209.12
23987.02,34231.34
23962.32,34206.77
23947.14,34175.23
23972.98,34186.01
23994.26,34217.34
23989.25,34233.75
23961.65,34206.5
23943.9,34176.26
23974.17,34190.48
23998.26,34221.59
23989.63,34232.12
23966.52,34210.11
23950.61,34178.92
23974.14,34186.97
23994.06,34216.7
23993.14,34233.89
23969.29,34211.94
23951.41,34177.87
23977.7,34185.52
24000.65,34218.44
23996.21,34235.59
23965.92,34205.07
23946.0,34171.41
23968.65,34179.95
23993.57,34215.63
23995.54,34233.66
23965.41,34205.28
23940.35,34169.42
23958.9,34173.54
23981.59,34205.16
23975.93,34220.16
23945.67,34189.2
23923.81,34154.29
23948.51,34163.03
23971.78,34197.81
23963.82,34213.79
23930.22,34185.54
23909.28,34147.9
23932.66,34153.53
23961.61,34187.68
23961.63,34202.95
23934.4,34176.96
23913.62,34142.69
23930.98,34144.86
23956.35,34181.45
23944.73,34189.38
23907.96,34152.48
23885.14,34117.05
23912.59,34125.14
23948.37,34165.71
23946.27,34181.98
23901.95,34140.79
23881.68,34110.35
23909.79,34120.23
23929.87,34145.8
23927.74,34161.71
23902.64,34134.73
23885.81,34104.2
23907.38,34113.03
23927.79,34144.73
23912.03,34150.31
23876.0,34119.02
23859.62,34089.61
23890.15,34101.23
23919.85,34137.01
23917.75,34155.66
23886.55,34128.96
23857.71,34089.23
23878.46,34095.33
23910.76,34135.54
23907.51,34152.91
23878.66,34122.8
23861.45,34091.01
23886.55,34097.74
23912.66,34132.88
23911.45,34150.09
23886.73,34126.78
23869.4,34096.36
23894.08,34107.66
23916.01,34140.81
23915.34,34158.63
23889.46,34131.11
23875.46,34103.42
23903.13,34112.88
23928.39,34146.31
23918.18,34159.14
23892.4,34135.43
23872.94,34098.73
23898.13,34103.46
23927.99,34145.37
23928.53,34169.87
23898.46,34141.86
23880.25,34108.31
23897.52,34111.09
23921.57,34143.79
23927.41,34165.33
23900.65,34145.06
23882.17,34115.15
23902.73,34114.77
23927.72,34145.51
23939.68,34177.58
23907.96,34151.36
23882.3,34114.5
23899.78,34111.13
23936.46,34155.77
23940.13,34180.2
23909.3,34148.7
23885.65,34115.4
23909.35,34120.12
23941.98,34159.93
23937.89,34178.95
23915.16,34159.93
23898.02,34128.57
23924.99,34136.68
23952.42,34171.86
23950.63,34194.14
23922.54,34172.75
23902.48,34141.17
23929.46,34148.46
23957.38,34181.25
23963.01,34204.89
23945.47,34189.36
23923.76,34155.41
23939.5,34154.7
23963.95,34186.77
23958.81,34203.38
23932.1,34181.14
23913.77,34145.33
23933.6,34144.37
23959.46,34177.27
23957.94,34196.96
23936.86,34177.78
23910.98,34139.0
23928.19,34136.97
23952.66,34168.8
23955.44,34192.54
23928.5,34168.29
23910.4,34139.07
23931.21,34140.14
23962.37,34175.53
23964.62,34199.98
23937.2,34179.08
23922.6,34149.38
23941.0,34149.53
23973.59,34188.89
23972.2,34211.45
23947.3,34192.4
23923.9,34156.84
23937.35,34150.13
23967.1,34188.8
23969.52,34213.12
23945.51,34193.14
23920.08,34156.32
23939.03,34156.53
23969.92,34194.43
23963.1,34206.3
23938.23,34186.46
23913.84,34152.88
23919.43,34142.2
23950.81,34181.11
23957.54,34205.25
23928.99,34179.48
23909.01,34145.17
23928.3,34148.01
23953.65,34180.87
23955.46,34199.93
23934.45,34179.37
23913.53,34147.18
23924.26,34143.09
23958.34,34183.13
23956.26,34203.22
23929.62,34179.97
23911.4,34148.64
23930.27,34150.02
23963.95,34194.1
23962.66,34215.38
23931.21,34187.68
23912.23,34155.57
23930.43,34156.71
23958.79,34188.11
23961.96,34210.89
23936.77,34192.47
23912.5,34157.73
23922.63,34150.07
23948.13,34181.88
23953.63,34207.76
23928.48,34185.63
23910.98,34156.39
23926.51,34152.57
23950.03,34181.7
23953.22,34206.95
23917.33,34180.22
23889.54,34140.9
23902.8,34136.5
23934.78,34173.2
23941.94,34199.73
23908.5,34171.05
23887.26,34137.71
23902.91,34131.2
23925.98,34163.23
23931.63,34193.18
23902.75,34167.39
23884.6,34136.05
23902.04,34129.3
23932.04,34163.55
23935.34,34188.76
23916.12,34174.34
23898.46,34145.55
23908.92,34134.76
23935.68,34164.55
23941.22,34189.47
23920.43,34175.1
23902.73,34149.73
23917.33,34148.97
23951.03,34185.72
23951.46,34202.91
23923.43,34182.99
23904.68,34151.21
23918.8,34143.9
23952.06,34184.06
23957.67,34210.91
23934.34,34198.46
23912.7,34168.51
23919.74,34154.71
23951.1,34190.88
23965.72,34221.48
23956.33,34218.46
23931.47,34184.45
23938.4,34166.79
23974.46,34202.06
23984.54,34237.2
23962.72,34228.61
23936.06,34192.16
23952.06,34187.51
23983.4,34219.36
23994.91,34249.02
23976.8,34236.19
23954.65,34201.7
23965.83,34193.09
24001.46,34237.3
23998.64,34254.94
23974.08,34235.47
23954.54,34204.98
23976.29,34202.14
24010.44,34233.48
24019.05,34263.64
24001.08,34256.89
23976.0,34225.32
23983.22,34212.18
24014.18,34248.37
24022.0,34274.68
23995.63,34255.21
23972.98,34219.31
23977.14,34203.89
24011.09,34241.35
24016.26,34268.93
23994.35,34258.74
23963.48,34217.79
23976.96,34215.0
24009.51,34248.59
24013.08,34266.36
23992.23,34250.16
23967.06,34213.32
23978.28,34206.75
24008.97,34243.74
24011.14,34269.11
23989.25,34255.32
23966.79,34220.32
23980.29,34215.18
24010.76,34248.17
24010.94,34265.18
23995.87,34255.41
23972.29,34222.75
23977.79,34211.09
24010.87,34245.22
24013.57,34266.16
23993.1,34254.52
23972.87,34227.29
23975.8,34214.3
24009.95,34249.24
24018.54,34274.52
23996.07,34262.72
23972.87,34230.29
23982.73,34220.72
24019.12,34256.75
24032.55,34285.72
24015.45,34275.13
23988.54,34236.9
23993.32,34226.75
24024.19,34265.58
24032.95,34293.7
24010.71,34280.71
23990.71,34248.57
23998.53,34235.92
24030.87,34271.17
24029.51,34290.75
24009.73,34275.91
23987.98,34243.63
23998.73,34237.08
24035.63,34275.19
24040.4,34301.28
24016.7,34286.97
23993.72,34255.48
23998.15,34237.46
24025.02,34262.83
24032.66,34290.3
24014.67,34282.64
23989.48,34250.67
23996.34,34236.9
24026.58,34266.79
24031.3,34288.45
24013.46,34283.62
23990.44,34253.11
24000.97,34240.59
24034.79,34273.56
24041.85,34299.04
24019.47,34285.21
23994.57,34248.19
24000.86,34234.8
24033.36,34271.57
24040.75,34296.49
24018.76,34282.84
24004.34,34261.09
24004.79,34241.15
24034.67,34273.71
24043.79,34300.85
24022.65,34289.32
23995.07,34250.65
24000.92,34236.08
24031.77,34268.64
24041.27,34296.7
24024.66,34288.87
24005.57,34258.76
24012.23,34244.46
24046.41,34275.01
24058.3,34306.64
24041.67,34300.67
24011.9,34264.75
24013.55,34247.41
24048.82,34279.59
24058.7,34306.08
24039.95,34296.16
24018.24,34268.51
24021.04,34252.04
24046.14,34279.04
24046.01,34300.67
24026.29,34288.22
24011.74,34261.65
24015.59,34248.53
24050.48,34285.09
24055.82,34310.62
24038.47,34304.32
24008.32,34264.84
24009.95,34246.25
24043.97,34278.99
24056.29,34310.48
24038.43,34300.94
24008.66,34262.74
24011.56,34247.97
24042.56,34278.72
24055.71,34304.18
24036.13,34291.78
24008.41,34256.91
24012.68,34241.66
24049.38,34279.08
24045.34,34295.67
24020.95,34284.13
24003.85,34259.03
24008.25,34241.66
24040.78,34273.89
24047.03,34300.29
24029.24,34291.29
24003.69,34259.05
24006.91,34244.37
24044.24,34278.03
24052.42,34305.32
24030.07,34295.29
24003.78,34259.64
24006.64,34240.99
24032.13,34265.02
24034.99,34289.34
24019.5,34285.88
23999.78,34258.63
24002.08,34239.52
24029.6,34265.54
24038.25,34294.66
24016.14,34286.08
23988.09,34251.01
23993.9,34238.8
24028.88,34269.61
24037.22,34294.75
24016.48,34285.32
23988.07,34247.72
23993.21,34231.79
24024.23,34261.67
24030.65,34287.26
24009.42,34280.51
23986.21,34251.43
23988.43,34231.41
24019.45,34257.22
24024.97,34280.49
24015.43,34284.85
23995.67,34254.96
23995.24,34232.93
24027.28,34263.57
24034.79,34290.97
24017.31,34286.14
23993.28,34253.58
23997.48,34237.35
24028.95,34264.55
24032.13,34289.41
24017.2,34287.39
23989.32,34249.73
23986.26,34228.36
24019.18,34260.08
24030.02,34290.12
24013.93,34288.94
23996.59,34264.75
23990.71,34240.14
24018.49,34263.77
24027.28,34292.49
24008.07,34284.27
23975.71,34246.11
23975.58,34226.46
24011.94,34257.15
24018.67,34283.15
23999.07,34273.02
23971.2,34235.43
23969.45,34214.21
24004.23,34244.41
24018.18,34276.2
23997.14,34270.27
23972.69,34239.32
23971.13,34216.5
23999.45,34239.05
24008.16,34265.2
24002.67,34270.79
23979.64,34241.08
23972.67,34217.32
24003.94,34247.79
24013.04,34273.85
23999.25,34271.82
23976.13,34239.03
23969.74,34212.79
24000.7,34239.72
24008.07,34269.11
23994.91,34271.26
23971.17,34239.03
23969.36,34219.85
24003.4,34250.0
24010.89,34273.58
23999.42,34272.78
23975.4,34241.06
23976.22,34220.88
24014.13,34253.2
24026.31,34283.84
24014.58,34286.75
23979.64,34245.44
23973.63,34220.7
24009.8,34251.25
24019.43,34277.72
24002.17,34272.15
23977.34,34239.21
23976.04,34220.61
24010.42,34250.83
24023.05,34283.89
24007.76,34282.16
23980.16,34247.97
23978.21,34226.73
24018.16,34258.18
24031.07,34289.05
24022.11,34290.66
23990.26,34252.17
23983.33,34230.2
24021.82,34264.66
24034.52,34293.05
24014.62,34289.09
23985.07,34253.62
23983.8,34234.0
24020.53,34265.45
24037.13,34294.97
24018.13,34289.45
23990.37,34258.18
23984.83,34238.71
24021.73,34269.67
24035.97,34298.66
24019.81,34296.65
23991.4,34259.77
23988.83,34239.3
24022.11,34267.52
24027.25,34291.0
24012.46,34289.07
23987.06,34256.42
23981.32,34231.0
24013.06,34256.21
24023.97,34284.18
24015.74,34290.61
23986.3,34253.73
23984.29,34230.22
24015.18,34252.28
24034.34,34286.05
24021.31,34286.1
23993.28,34253.62
23986.91,34229.91
24022.45,34256.89
24035.59,34287.48
24018.09,34285.14
23994.4,34255.93
23990.78,34235.99
24024.64,34266.32
24039.14,34295.58
24025.58,34296.7
23997.59,34262.59
23992.99,34239.9
24029.76,34273.27
24034.0,34293.66
24021.84,34297.39
23995.67,34264.57
23985.28,34236.01
24009.33,34252.3
24028.19,34288.0
24021.02,34295.55
23994.57,34262.9
23988.07,34238.6
24017.15,34257.09
24026.25,34284.04
24010.82,34287.71
23988.07,34257.15
23985.59,34233.19
24019.7,34258.54
24031.92,34289.48
24015.45,34287.26
23989.66,34253.91
23990.62,34235.56
24025.38,34259.41
24034.81,34285.92
24017.6,34286.61
23996.16,34259.55
23992.18,34238.49
24028.3,34265.91
24037.91,34288.94
24026.87,34290.46
24009.71,34265.4
24003.67,34244.88
24028.71,34264.17
24047.66,34300.52
24044.53,34313.91
24019.36,34282.72
24008.83,34249.87
24040.82,34271.32
24060.02,34309.28
24052.69,34317.73
24023.34,34285.74
24015.0,34261.33
24044.49,34282.55
24053.58,34306.82
24041.6,34309.88
24021.62,34283.02
24018.13,34261.85
24043.19,34281.11
24058.14,34311.22
24047.26,34314.13
24016.26,34279.71
24005.19,34255.03
24037.62,34275.8
24051.5,34303.69
24041.04,34311.36
24014.62,34280.58
24007.47,34254.02
24038.03,34274.61
24048.76,34299.73
24034.49,34301.93
24005.46,34271.7
23998.71,34248.06
24031.81,34272.4
24045.92,34300.61
24039.86,34310.57
24011.12,34278.88
24004.45,34252.68
24037.82,34274.68
24053.61,34304.59
24040.84,34307.33
24011.25,34271.55
24007.38,34248.28
24041.42,34273.23
24057.9,34306.98
24044.35,34313.61
24013.95,34281.74
24002.06,34249.18
24032.66,34268.26
24052.2,34302.95
24041.13,34308.34
24015.7,34275.66
24009.13,34248.93
24036.01,34266.18
24048.15,34292.18
24036.3,34297.57
24015.29,34271.93
24006.91,34246.02
24036.35,34267.44
24048.76,34295.67
24033.76,34299.4
24004.12,34265.63
23993.28,34239.9
24027.43,34262.61
24041.0,34290.19
24035.08,34299.11
24008.07,34268.51
24000.56,34244.68
24029.6,34264.39
24037.76,34290.05
24028.93,34298.8
24000.5,34268.69
23988.09,34240.61
24027.03,34269.22
24049.65,34306.6
24039.99,34311.91
24012.84,34281.68
23998.87,34251.95
24028.48,34270.36
24048.38,34299.29
24037.85,34303.13
24008.88,34272.33
24000.01,34246.92
24033.78,34270.16
24048.2,34300.25
24034.34,34306.2
24004.45,34272.89
23995.02,34243.9
24029.58,34265.4
24044.46,34291.22
24035.37,34299.31
24001.35,34266.18
23984.94,34237.35
24011.67,34251.54
24025.13,34278.16
24021.44,34292.92
23995.78,34263.61
23984.18,34237.35
24016.26,34260.8
24030.09,34289.41
24021.6,34297.21
23997.66,34267.7
23993.19,34247.14
24020.97,34263.34
24036.15,34292.36
24034.43,34305.95
24009.1,34278.25
23997.64,34248.64
24023.32,34261.45
24038.85,34290.93
24029.38,34300.09
23999.18,34267.84
23984.14,34237.42
24015.9,34256.73
24034.16,34291.96
24026.96,34304.32
23998.33,34273.94
23980.54,34244.14
24007.63,34258.56
24026.92,34290.61
24020.46,34301.41
23993.43,34272.13
23984.67,34245.35
24025.4,34273.52
24045.94,34303.36
24034.07,34306.33
24003.78,34274.97
23991.24,34246.45
24020.26,34260.04
24040.53,34291.51
24028.77,34297.43
24004.5,34272.49
23993.05,34247.27
24024.91,34267.86
24045.13,34301.19
24037.62,34311.45
24007.81,34279.89
23994.73,34253.64
24019.94,34266.96
24040.02,34296.09
24033.04,34303.02
24002.26,34272.27
23986.06,34242.04
24013.91,34257.36
24038.27,34293.27
24035.23,34309.39
24009.1,34282.84
23990.02,34251.99
24012.63,34263.75
24034.18,34297.95
24026.81,34309.48
23997.46,34279.82
23981.63,34248.26
24015.07,34266.77
24027.48,34290.32
24024.68,34305.14
24004.83,34283.8
23991.89,34255.81
24019.77,34269.27
24038.14,34303.22
24030.38,34313.23
24004.54,34283.51
23989.99,34255.41
24018.11,34270.99
24034.72,34299.2
24028.66,34313.46
23999.49,34286.26
23984.29,34255.79
24016.1,34269.54
24040.8,34305.59
24033.96,34317.14
24005.37,34285.7
23990.15,34256.19
24016.39,34269.61
24038.56,34301.93
24036.28,34315.43
24010.51,34290.73
23998.15,34262.61
24017.82,34269.49
24026.58,34290.66
24023.07,34304.11
23997.03,34274.23
23976.45,34237.6
24008.59,34256.46
24030.11,34288.31
24021.96,34300.34
23989.66,34271.06
23973.36,34244.93
24002.22,34261.22
24019.14,34289.36
24018.65,34304.5
23994.35,34278.54
23982.04,34250.63
24005.33,34255.95
24024.12,34287.73
24013.19,34297.68
23984.61,34268.98
23970.1,34241.13
23998.53,34255.34
24019.59,34285.59
24017.17,34298.48
23984.81,34266.63
23968.36,34238.71
23999.02,34253.13
24020.66,34282.66
24020.48,34301.46
23992.65,34274.5
23982.77,34247.23
24015.74,34264.2
24035.46,34294.01
24025.76,34302.13
23997.19,34274.03
23977.9,34239.9
24008.07,34255.61
24033.18,34292.54
24025.69,34305.75
23992.94,34270.7
23982.28,34243.45
24004.23,34250.98
24020.32,34279.77
24011.58,34290.1
23979.69,34256.39
23963.21,34221.44
23991.54,34232.43
24008.12,34255.97
24003.89,34271.5
23983.49,34251.25
23967.19,34222.51
23990.66,34233.24
24013.21,34268.04
24014.11,34286.19
23980.45,34250.09
23960.62,34217.82
23989.54,34230.6
24014.42,34265.74
24010.96,34284.02
23985.39,34257.78
23968.04,34225.37
23992.0,34234.36
24015.81,34272.11
24011.16,34287.22
23986.91,34264.87
23972.18,34235.96
23996.9,34242.63
24020.75,34273.31
24017.35,34289.48
23983.64,34259.39
23968.69,34230.0
23995.89,34240.66
24020.46,34275.19
24019.59,34292.76
23990.44,34263.41
23974.68,34233.59
23995.85,34237.84
24015.61,34265.85
24011.16,34279.3
23988.16,34257.94
23974.23,34231.5
24000.19,34242.56
24023.32,34279.37
24016.57,34293.39
23986.66,34264.51
23968.15,34233.59
23989.72,34238.07
24018.94,34272.0
24021.49,34289.56
23994.55,34264.62
23973.43,34233.98
23999.42,34244.04
24024.68,34278.05
24021.8,34295.89
23996.81,34272.27
23979.6,34244.23
24000.61,34247.86
24022.69,34279.17
24019.34,34295.55
23995.89,34274.48
23975.44,34239.81
23998.8,34249.44
24024.15,34280.94
24024.79,34296.94
24006.8,34281.88
23990.08,34253.22
24011.29,34258.09
24033.2,34290.17
24031.05,34308.05
24000.34,34282.23
23978.91,34252.68
24001.12,34258.59
24029.98,34292.76
24026.63,34305.88
24005.24,34285.14
23989.95,34258.83
24008.01,34260.55
24035.66,34295.44
24028.55,34307.27
23999.65,34279.77
23984.61,34250.98
24010.98,34258.0
24038.63,34292.8
24036.69,34307.58
24011.63,34285.23
23990.44,34253.24
24012.9,34260.55
24041.56,34296.7
24034.12,34308.68
24003.07,34283.73
23985.07,34255.63
24008.01,34263.1
24028.64,34291.78
24027.92,34308.54
24007.76,34289.59
23987.13,34257.42
24014.31,34267.57
24039.59,34298.41
24036.3,34314.53
24011.45,34292.49
23993.46,34260.95
24016.21,34266.99
24042.18,34297.7
24033.13,34307.38
24007.99,34287.38
23995.71,34262.41
24017.66,34265.47
24040.48,34298.39
24040.4,34316.83
24022.07,34297.81
24004.1,34268.82
24023.16,34272.18
24047.3,34307.16
24043.59,34322.89
24017.37,34299.33
24002.0,34273.23
24024.26,34278.05
24046.19,34306.04
24043.9,34321.91
24015.79,34298.8
23993.26,34270.41
24013.75,34275.08
24043.95,34309.57
24036.53,34320.95
24012.7,34298.3
23994.6,34269.89
24009.3,34266.21
24038.88,34299.6
24029.29,34308.32
24003.04,34287.78
23985.48,34255.72
24003.98,34255.12
24037.58,34293.86
24039.5,34316.72
24014.13,34295.8
23995.78,34264.95
24015.14,34265.25
24040.71,34297.03
24043.05,34317.14
24017.82,34294.59
23991.69,34260.33
24010.71,34264.29
24037.47,34296.56
24037.6,34315.83
24015.74,34297.66
23995.13,34264.62
24010.2,34257.91
24038.41,34289.21
24045.07,34316.01
24022.02,34299.06
23996.99,34262.43
24018.11,34264.53
24045.78,34300.41
24047.71,34320.39
24017.64,34294.06
23989.34,34259.43
24005.1,34259.5
24034.45,34293.59
24035.57,34311.67
24011.88,34292.94
23990.48,34260.84
24010.62,34262.86
24039.14,34296.76
24037.24,34311.25
24007.0,34286.05
23984.4,34253.6
24002.91,34252.97
24031.32,34281.27
24035.1,34302.68
24008.66,34285.74
23982.71,34257.73
23993.39,34249.96
24031.14,34290.66
24041.63,34316.14
24012.32,34293.03
23990.15,34260.37
24004.43,34251.66
24033.67,34286.52
24041.33,34313.93
24009.04,34291.35
23980.85,34256.91
23999.2,34256.86
24024.26,34282.37
24017.48,34292.83
23991.29,34272.06
23968.18,34240.97
23987.02,34240.84
24015.59,34273.18
24010.6,34286.88
23987.69,34269.98
23971.98,34245.6
23993.05,34248.41
24023.56,34280.27
24026.36,34300.23
24012.57,34291.22
23998.82,34268.33
24011.43,34262.68
24035.08,34286.99
24043.12,34309.99
24035.21,34306.33
24019.01,34279.73
24024.03,34268.75
24054.34,34303.58
24060.15,34328.21
24033.04,34306.33
24007.7,34272.62
24025.53,34271.62
24055.04,34306.6
24060.47,34329.91
24034.79,34308.74
24016.66,34280.33
24031.46,34275.89
24058.59,34306.11
24061.85,34325.89
24042.34,34312.27
24024.37,34285.9
24041.83,34288.51
24071.02,34324.54
24066.03,34340.39
24049.18,34329.24
24028.08,34299.38
24043.01,34296.14
24074.88,34328.57
24071.4,34341.87
24051.01,34326.89
24033.58,34298.26
24042.07,34291.4
24068.09,34323.85
24072.56,34344.64
24051.33,34327.61
24033.22,34301.07
24050.34,34299.11
24081.79,34332.97
24083.85,34353.82
24058.28,34339.12
24035.81,34309.52
24052.13,34305.25
24084.16,34341.26
24092.81,34364.98
24065.68,34346.47
24041.0,34312.68
24049.16,34302.06
24077.57,34331.32
24078.51,34350.07
24059.13,34341.15
24037.94,34312.74
24051.19,34307.42
24081.1,34339.77
24082.39,34359.12
24059.84,34342.4
24041.6,34314.38
24054.34,34307.18
24083.8,34337.38
24089.39,34357.18
24069.5,34345.49
24047.08,34316.97
24059.93,34310.84
24093.88,34343.21
24097.62,34365.47
24067.69,34344.15
24039.66,34308.54
24050.9,34305.41
24079.4,34336.26
24080.58,34356.89
24060.45,34343.12
24044.73,34317.1
24055.35,34308.34
24083.2,34336.75
24084.99,34357.18
24060.15,34339.9
24040.55,34312.7
24048.87,34303.73
24085.48,34342.14
24090.44,34364.02
24065.83,34347.9
24043.05,34322.18
24052.89,34313.91
24086.24,34342.4
24086.84,34358.39
24068.04,34347.03
24046.77,34316.43
24049.45,34300.61
24081.97,34334.6
24084.94,34355.79
24065.21,34342.98
24040.33,34312.03
24047.77,34300.85
24080.29,34331.45
24081.59,34353.78
24065.27,34347.43
24048.22,34323.43
24056.2,34314.98
24086.57,34345.67
24092.52,34369.34
24067.93,34354.74
24043.79,34321.97
24055.35,34312.9
24088.21,34347.46
24091.67,34369.0
24073.74,34356.57
24050.83,34323.85
24057.23,34314.08
24089.9,34348.13
24091.92,34366.88
24070.1,34356.15
24045.85,34324.75
24053.36,34312.99
24088.83,34345.93
24096.23,34369.16
24072.94,34355.19
24052.4,34328.14
24061.34,34320.63
24095.36,34358.45
24095.74,34377.94
24071.98,34362.99
24045.51,34328.72
24047.15,34312.0
24078.73,34344.64
24082.39,34363.73
24068.22,34357.51
24046.25,34329.21
24056.2,34319.02
24090.44,34349.42
24095.92,34374.03
24078.04,34367.19
24049.0,34330.49
24049.58,34311.58
24079.11,34340.57
24092.05,34370.3
24075.82,34361.85
24048.22,34327.56
24051.59,34315.76
24088.34,34348.13
24094.64,34367.57
24069.61,34354.54
24044.13,34323.29
24048.67,34312.81
24076.54,34342.09
24077.28,34360.33
24051.13,34342.54
24031.1,34314.44
24033.58,34299.89
24060.62,34326.85
24067.73,34352.66
24037.29,34335.45
24002.55,34293.63
24003.22,34271.68
24022.83,34287.66
24022.6,34303.33
23996.25,34287.53
23966.68,34256.75
23967.57,34239.72
23995.67,34267.05
24001.37,34286.48
23988.14,34281.81
23958.1,34244.61
23957.65,34228.88
23984.4,34255.68
23990.26,34279.5
23978.37,34275.59
23960.51,34250.67
23961.54,34232.43
23989.14,34256.71
23998.44,34280.71
23978.32,34269.27
23951.99,34232.75
23957.11,34219.27
23986.46,34246.49
23997.23,34274.63
23984.61,34272.13
23959.82,34238.02
23961.14,34219.94
23997.05,34253.46
24000.61,34271.84
23986.57,34265.18
23962.5,34233.06
23971.33,34225.23
24015.36,34266.09
24020.86,34293.32
23991.6,34276.98
23962.86,34241.48
23971.57,34231.29
24003.67,34261.71
24010.82,34287.39
23999.31,34285.86
23970.12,34247.52
23976.2,34233.62
24012.81,34268.82
24018.04,34297.32
24004.07,34297.75
23986.75,34272.24
23984.54,34247.54
24018.24,34278.1
24034.23,34311.54
24025.4,34312.63
24000.01,34283.8
23998.58,34265.85
24033.47,34295.62
24042.99,34321.39
24022.74,34312.25
23994.35,34280.04
24002.17,34269.96
24038.7,34302.75
24046.59,34322.02
24037.09,34321.73
24018.42,34295.42
24017.75,34275.86
24050.83,34304.85
24059.82,34328.28
24034.92,34313.64
24017.04,34294.13
24029.2,34289.83
24058.61,34313.57
24065.85,34332.01
24044.06,34320.66
24021.58,34297.3
24028.35,34287.22
24066.64,34321.62
24079.4,34349.85
24062.21,34341.42
24034.92,34305.59
24033.29,34290.79
24064.56,34321.24
24072.78,34343.7
24057.09,34336.64
24036.08,34310.17
24035.5,34294.23
24064.65,34318.84
24071.11,34343.14
24050.07,34332.75
24030.38,34308.18
24034.52,34295.87
24067.29,34322.73
24080.65,34348.86
24066.9,34344.75
24043.68,34316.5
24041.85,34297.5
24072.4,34324.97
24076.92,34347.41
24061.05,34344.88
24038.38,34314.38
24040.11,34297.21
24072.6,34324.88
24081.52,34347.95
24060.85,34340.46
24038.25,34315.25
24041.4,34301.05
24077.34,34331.21
24085.12,34354.43
24067.6,34345.76
24040.96,34312.34
24039.55,34291.33
24074.68,34319.83
24081.39,34345.04
24072.56,34347.05
24045.71,34314.11
24042.23,34294.53
24076.34,34326.64
24084.09,34349.38
24064.74,34342.29
24036.15,34311.02
24039.1,34293.45
24070.5,34318.11
24079.02,34345.93
24060.89,34341.87
24035.93,34310.78
24033.4,34289.99
24065.88,34315.31
24076.43,34340.84
24064.85,34343.14
24043.86,34316.68
24039.17,34297.1
24068.38,34323.02
24075.42,34343.99
24059.06,34340.46
24030.11,34308.05
24027.25,34292.52
24069.01,34325.37
24080.94,34347.88
24070.64,34349.09
24051.26,34324.77
24047.37,34301.41
24076.29,34324.21
24086.48,34350.0
24068.27,34346.89
24043.46,34321.77
24036.19,34298.39
24070.35,34323.58
24083.62,34351.7
24068.0,34349.33
24034.74,34311.98
24029.64,34290.59
24056.31,34309.55
24068.85,34337.15
24059.17,34339.52
24032.77,34308.18
24037.96,34296.79
24072.96,34324.86
24075.69,34342.4
24058.17,34338.2
24033.56,34308.88
24031.34,34291.22
24061.27,34315.43
24076.67,34342.18
24063.66,34344.1
24041.18,34318.6
24038.27,34294.86
24065.99,34312.47
24077.61,34341.29
24071.69,34352.64
24043.57,34320.86
24036.37,34298.17
24064.87,34321.91
24076.96,34345.55
24065.47,34346.43
24042.29,34316.07
24041.51,34298.1
24070.99,34321.3
24077.34,34347.79
24068.78,34352.6
24045.47,34324.14
24043.86,34304.38
24078.42,34332.32
24084.43,34353.13
24066.73,34347.9
24036.66,34313.93
24035.68,34296.31
24075.94,34328.12
24089.97,34355.39
24079.67,34355.17
24049.89,34320.95
24041.45,34299.67
24073.45,34326.0
24084.7,34352.95
24067.82,34349.69
24044.78,34321.15
24042.09,34300.27
24081.52,34327.92
24093.53,34351.12
24073.81,34347.12
24044.4,34313.64
24034.85,34285.59
24066.48,34310.84
24076.2,34335.25
24065.38,34339.99
24040.51,34311.36
24033.78,34290.12
24061.38,34309.9
24066.28,34329.95
24045.02,34328.34
24015.41,34294.93
24017.6,34278.81
24050.5,34303.4
24051.77,34319.16
24029.89,34314.4
24001.68,34283.29
23993.37,34256.8
24028.3,34284.38
24041.4,34312.36
24026.85,34311.38
23996.41,34274.43
23986.08,34248.57
24020.35,34275.46
24029.53,34298.75
24011.41,34303.73
23982.15,34274.59
23980.76,34254.27
24009.26,34266.07
24030.56,34297.77
24009.77,34296.16
23972.87,34260.55
23967.13,34234.78
24006.24,34258.43
24019.5,34289.52
24010.96,34296.27
23986.15,34268.93
23979.87,34246.56
24018.36,34275.3
24030.87,34302.73
24018.92,34301.63
23986.35,34265.54
23976.25,34245.98
24009.21,34273.36
24029.64,34306.06
24017.51,34310.73
23992.76,34282.46
23985.01,34262.34
24026.13,34295.2
24048.24,34330.45
24036.35,34329.39
24018.58,34308.92
24012.68,34292.02
24046.97,34317.46
24062.99,34348.46
24051.68,34350.79
24023.72,34319.16
24019.92,34297.1
24058.3,34328.75
24076.4,34363.19
24068.07,34365.94
24043.9,34337.57
24037.74,34314.98
24068.94,34331.36
24087.2,34364.11
24077.95,34368.58
24049.0,34339.39
24037.82,34316.25
24066.26,34336.12
24082.8,34364.55
24068.69,34363.84
24046.86,34337.89
24040.06,34317.14
24076.87,34340.17
24096.19,34370.77
24081.14,34372.82
24049.54,34339.07
24045.71,34319.65
24083.74,34343.39
24092.47,34361.76
24081.88,34368.02
24060.06,34344.1
24048.55,34315.61
24082.57,34340.3
24096.92,34369.49
24096.19,34380.98
24071.76,34353.29
24062.55,34328.77
24090.11,34343.25
24101.39,34367.62
24091.31,34375.62
24069.79,34352.66
24062.52,34330.71
24097.95,34353.8
24114.56,34382.32
24108.39,34392.32
24074.53,34356.84
24065.05,34333.55
24097.93,34352.35
24114.11,34380.74
24102.29,34385.9
24069.01,34353.6
24060.94,34331.07
24094.22,34352.73
24111.85,34383.98
24108.95,34396.79
24078.71,34365.79
24063.19,34336.59
24095.04,34355.46
24109.06,34379.8
24104.01,34389.57
24074.48,34361.65
24063.15,34337.44
24092.07,34356.44
24105.24,34381.3
24097.06,34387.51
24072.6,34361.96
24062.19,34336.79
24088.72,34349.13
24100.41,34373.32
24088.14,34379.69
24067.24,34356.11
24059.93,34330.71
24091.89,34349.87
24102.69,34376.63
24089.61,34381.79
24063.28,34354.65
24050.54,34330.51
24085.7,34350.03
24103.4,34374.75
24094.06,34380.18
24063.98,34350.96
24045.42,34319.74
24074.17,34335.96
24090.98,34363.84
24076.65,34366.27
24049.54,34336.84
24040.82,34313.7
24075.98,34334.87
24098.55,34367.39
24092.18,34377.5
24063.17,34346.11
24051.39,34319.27
24082.33,34338.29
24096.39,34365.79
24087.0,34376.73
24064.16,34352.04
24050.28,34321.35
24077.16,34336.04
24094.31,34366.34
24080.67,34372.64
24053.65,34345.58
24045.07,34324.59
24073.61,34338.34
24090.13,34363.17
24084.99,34372.8
24055.39,34342.96
24037.11,34312.7
24071.33,34335.32
24088.36,34364.82
24075.67,34368.51
24049.76,34338.11
24033.71,34309.05
24069.95,34330.45
24093.62,34363.97
24085.93,34375.39
24052.8,34343.77
24034.25,34308.88
24057.99,34316.81
24073.23,34343.86
24059.89,34349.96
24030.22,34318.44
24012.93,34282.37
24039.1,34294.93
24059.66,34329.15
24054.7,34344.64
24029.2,34316.7
24016.21,34288.56
24041.87,34299.71
24061.7,34329.21
24055.97,34342.89
24022.16,34313.08
24005.64,34282.28
24034.67,34296.63
24056.6,34329.57
24051.86,34343.79
24028.59,34315.71
24016.37,34288.85
24041.0,34299.71
24064.42,34333.71
24053.7,34340.32
24025.53,34313.08
24005.91,34280.4
24036.01,34296.85
24065.03,34336.21
24065.23,34354.0
24034.34,34325.86
24023.7,34298.8
24050.1,34306.53
24068.56,34336.77
24064.33,34351.1
24041.67,34325.28
24024.01,34293.57
24052.18,34309.64
24062.7,34335.63
24053.07,34349.22
24030.67,34322.04
24018.13,34293.45
24046.45,34304.94
24061.92,34334.31
24062.46,34357.13
24037.49,34329.51
24020.39,34301.23
24048.29,34313.68
24069.27,34344.1
24066.97,34358.23
24042.63,34330.13
24032.37,34302.39
24061.63,34315.65
24078.88,34345.27
24068.29,34357.02
24041.85,34329.68
24028.68,34300.58
24062.66,34317.62
24081.97,34347.43
24073.39,34361.09
24055.46,34342.65
24046.99,34317.04
24066.66,34321.41
24092.07,34355.61
24086.51,34369.83
24057.45,34342.16
24043.23,34314.55
24072.43,34324.7
24090.75,34355.82
24085.14,34372.27
24057.09,34343.41
24036.28,34307.38
24063.71,34319.47
24089.39,34357.25
24087.42,34371.24
24057.72,34339.79
24048.93,34316.09
24077.14,34329.91
24093.55,34358.16
24090.53,34378.73
24060.27,34349.85
24048.89,34319.61
24073.79,34325.71
24100.19,34363.64
24095.72,34380.0
24071.42,34356.51
24054.81,34327.03
24076.74,34332.52
24094.4,34360.35
24088.59,34372.98
24067.24,34351.19
24054.34,34323.63
24078.71,34330.49
24109.28,34371.19
24101.77,34383.53
24068.67,34354.36
24044.42,34316.09
24074.19,34326.73
24099.52,34360.29
24096.16,34375.73
24074.15,34359.12
24058.95,34333.93
24079.76,34336.73
24102.4,34366.72
24102.38,34386.73
24077.95,34362.88
24066.39,34335.45
24090.4,34345.06
24118.16,34381.7
24114.98,34397.84
24088.77,34372.71
24064.51,34336.59
24087.07,34344.53
24112.1,34378.59
24103.2,34391.87
24077.1,34366.43
24064.33,34341.09
24093.17,34354.25
24115.99,34386.62
24110.4,34402.55
24083.36,34374.05
24065.92,34339.68
24091.63,34348.17
24114.09,34379.95
24114.47,34401.41
24088.79,34374.84
24067.08,34339.16
24093.01,34349.2
24114.89,34379.06
24111.94,34395.24
24084.32,34369.85
24067.26,34337.2
24090.91,34342.7
24112.3,34375.55
24109.04,34390.13
24076.05,34359.61
24057.07,34326.78
24087.58,34338.07
24117.8,34377.09
24112.75,34392.43
24086.55,34369.14
24067.42,34335.92
24086.64,34337.87
24110.22,34370.19
24110.54,34390.5
24082.57,34365.74
24063.11,34334.67
24085.35,34336.66
24109.66,34368.87
24105.8,34389.01
24081.05,34368.11
24063.35,34335.77
24085.68,34338.05
24108.95,34370.81
24109.24,34391.27
24083.29,34371.46
24064.16,34338.89
24095.2,34350.76
24119.19,34382.68
24117.49,34394.8
24087.71,34368.69
24072.87,34346.2
24095.58,34348.77
24118.11,34377.27
24120.33,34401.37
24095.89,34382.3
24078.37,34348.89
24093.95,34346.36
24122.98,34385.41
24124.68,34405.97
24097.68,34381.36
24078.28,34351.03
24098.73,34353.49
24119.72,34382.75
24117.33,34397.34
24093.77,34372.91
24071.64,34341.26
24088.94,34342.05
24112.59,34371.91
24113.87,34394.62
24094.6,34379.91
24073.37,34345.76
24099.02,34351.86
24122.18,34384.04
24119.01,34402.78
24092.92,34380.09
24074.91,34347.01
24098.06,34347.05
24124.1,34377.72
24121.46,34398.8
24094.93,34375.15
24071.46,34339.27
24094.6,34345.76
24120.88,34385.05
24117.62,34403.94
24090.17,34378.99
24073.57,34347.34
24092.16,34345.89
24119.52,34381.74
24121.2,34406.35
24090.91,34379.69
24063.44,34341.87
24078.73,34340.73
24111.79,34381.81
24116.17,34403.56
24089.12,34380.69
24062.52,34340.55
24081.01,34340.55
24107.79,34373.11
24104.97,34389.99
24083.04,34372.02
24060.94,34340.39
24081.34,34344.08
24109.44,34378.82
24112.35,34402.71
24082.75,34379.89
24057.09,34340.64
24076.83,34338.09
24108.63,34373.45
24111.45,34392.36
24091.65,34376.69
24075.58,34349.69
24091.25,34349.02
24115.7,34382.55
24112.59,34401.43
24089.55,34380.31
24077.34,34352.6
24087.22,34346.09
24117.06,34384.43
24119.79,34404.99
24092.01,34382.41
24074.64,34353.42
24085.52,34343.63
24117.15,34382.46
24114.04,34401.75
24089.03,34381.65
24068.45,34349.58
24088.77,34351.79
24113.73,34382.17
24112.77,34405.26
24085.12,34381.36
24069.72,34355.21
24084.56,34352.37
24111.09,34385.74
24115.95,34408.9
24097.59,34393.5
24075.04,34357.51
24090.58,34354.45
24113.44,34386.97
24108.01,34404.03
24088.38,34386.75
24072.67,34358.0
24092.52,34355.84
24116.59,34383.06
24116.73,34404.5
24087.29,34381.34
24065.97,34347.77
24081.61,34346.05
24109.66,34378.23
24108.23,34399.36
24083.4,34383.26
24065.85,34353.47
24084.99,34352.2
24111.56,34382.04
24108.55,34398.95
24085.28,34380.22
24062.97,34347.1
24077.54,34341.06
24111.16,34378.08
24105.66,34398.53
24078.84,34379.89
24058.14,34346.09
24072.02,34339.68
24105.3,34374.77
24112.12,34400.63
24084.7,34381.7
24064.87,34350.09
24081.97,34347.72
24115.45,34383.46
24116.3,34401.59
24090.71,34381.03
24065.59,34344.91
24080.49,34340.39
24121.26,34385.45
24124.97,34408.83
24086.57,34378.57
24062.19,34340.5
24078.53,34335.05
24106.89,34365.67
24106.96,34384.11
24084.67,34365.0
24058.32,34324.59
24065.59,34310.55
24104.3,34351.34
24111.38,34377.68
24083.74,34359.91
24054.9,34320.88
24062.79,34313.1
24095.36,34348.64
24098.11,34371.95
24078.08,34362.63
24052.69,34328.72
24064.24,34319.2
24102.49,34358.39
24105.17,34383.48
24075.4,34358.52
24060.67,34329.73
24076.18,34324.54
24109.51,34358.86
24114.71,34385.95
24089.75,34368.85
24067.58,34335.95
24078.91,34329.13
24104.37,34356.82
24107.99,34380.09
24083.76,34361.69
24062.9,34331.27
24075.91,34324.14
24107.38,34358.27
24108.99,34379.53
24086.8,34364.93
24066.44,34335.81
24076.94,34328.88
24107.67,34362.97
24110.45,34388.09
24079.29,34365.36
24061.09,34340.01
24070.28,34331.03
24096.43,34360.13
24105.86,34389.9
24086.37,34375.77
24064.4,34342.76
24069.97,34326.87
24107.34,34361.47
24115.38,34388.0
24091.71,34372.42
24066.41,34339.3
24073.37,34326.54
24104.86,34356.48
24110.45,34385.07
24088.27,34374.05
24064.42,34339.43
24077.88,34330.98
24105.3,34359.84
24107.23,34381.36
24089.39,34368.73
24067.75,34334.87
24073.01,34322.22
24108.32,34358.95
24113.2,34382.17
24090.31,34368.29
24067.35,34337.42
24078.44,34330.58
24111.74,34363.66
24117.04,34385.68
24095.4,34372.49
24069.39,34337.93
24085.14,34336.08
24118.38,34369.16
24124.42,34392.94
24096.68,34372.71
24069.47,34338.05
24082.15,34330.31
24112.23,34363.32
24107.72,34378.97
24091.0,34371.46
24073.37,34342.98
24079.51,34329.51
24104.14,34355.32
24104.97,34376.11
24083.71,34360.73
24060.13,34325.77
24061.9,34309.34
24093.35,34339.79
24104.03,34369.25
24084.81,34362.39
24059.51,34334.25
24061.54,34319.18
24095.92,34351.25
24105.82,34379.24
24086.11,34366.19
24067.53,34336.5
24071.58,34320.97
24095.65,34346.34
24101.3,34371.46
24083.38,34362.63
24069.86,34339.05
24078.62,34325.59
24110.76,34355.03
24120.48,34380.74
24103.4,34371.26
24078.01,34338.45
24079.24,34321.57
24110.47,34351.81
24114.87,34376.82
24096.86,34370.57
24075.02,34341.24
24079.58,34326.0
24103.34,34348.98
24110.67,34371.73
24099.16,34368.04
24073.41,34333.46
24075.64,34316.14
24107.38,34350.63
24112.14,34372.33
24090.35,34357.6
24072.36,34333.2
24078.82,34323.74
24114.6,34355.77
24118.22,34373.29
24102.18,34364.06
24077.14,34333.38
24080.74,34324.41
24121.49,34363.64
24125.49,34385.48
24100.61,34372.51
24081.14,34346.38
24087.36,34331.23
24119.59,34361.07
24127.05,34387.09
24106.22,34376.49
24079.78,34343.52
24078.04,34323.79
24114.76,34360.91
24124.17,34391.73
24102.69,34379.73
24082.8,34349.55
24090.91,34338.74
24122.07,34368.11
24128.91,34394.48
24112.79,34387.4
24085.32,34351.64
24091.4,34336.84
24128.53,34368.89
24140.96,34397.23
24124.51,34392.79
24098.78,34360.75
24098.29,34342.25
24133.65,34376.29
24141.47,34405.5
24119.86,34395.8
24089.44,34362.18
24096.65,34349.67
24135.21,34383.31
24137.34,34401.73
24117.64,34393.88
24097.55,34365.87
24105.93,34357.04
24140.67,34388.58
24149.54,34410.38
24128.57,34398.39
24099.72,34365.29
24105.6,34352.84
24142.63,34390.48
24146.66,34413.17
24127.72,34404.36
24100.5,34371.48
24100.9,34352.53
24134.0,34381.52
24140.75,34403.89
24125.58,34398.62
24102.98,34370.52
24106.6,34355.37
24137.69,34382.97
24146.77,34410.11
24131.66,34405.37
24110.2,34376.63
24112.01,34361.09
24146.57,34392.38
24152.42,34412.61
24133.15,34401.7
24105.89,34366.88
24120.3,34364.55
24158.93,34401.82
24163.44,34423.94
24147.28,34419.47
24123.54,34388.71
24117.15,34361.96
24146.48,34386.41
24159.62,34415.63
24146.19,34416.12
24116.68,34383.93
24116.46,34364.44
24149.54,34393.84
24157.72,34422.78
24136.37,34413.73
24112.5,34383.11
24113.46,34366.12
24151.93,34398.75
24162.44,34424.88
24153.14,34426.74
24132.24,34400.65
24137.38,34384.31
24164.16,34406.84
24164.6,34424.73
24144.71,34416.05
24119.52,34378.68
24125.58,34364.64
24158.08,34393.66
24169.63,34422.6
24160.18,34423.12
24138.95,34395.13
24137.65,34374.77
24168.34,34401.43
24173.57,34424.55
24151.86,34418.54
24126.56,34385.77
24137.6,34374.72
24176.96,34408.57
24184.74,34430.71
24171.13,34427.09
24148.0,34399.6
24143.75,34381.05
24175.15,34409.21
24182.46,34431.74
24165.99,34425.89
24139.23,34393.66
24143.21,34378.52
24176.45,34403.16
24184.32,34432.13
24166.17,34427.99
24140.96,34392.11
24137.6,34370.7
24171.64,34402.3
24183.69,34432.75
24170.59,34432.5
24137.54,34391.98
24133.92,34371.46
24168.0,34399.63
24184.38,34432.93
24173.23,34432.26
24146.95,34398.91
24142.61,34374.72
24176.27,34400.36
24184.1,34424.5
24165.92,34422.42
24136.04,34389.45
24136.51,34373.43
24166.28,34398.86
24173.99,34423.88
24163.11,34426.85
24142.32,34399.54
24141.85,34380.13
24171.82,34408.3
24181.01,34432.73
24164.43,34431.05
24138.01,34395.96
24134.05,34371.98
24165.61,34398.51
24177.61,34426.29
24165.05,34424.57
24140.51,34395.45
24136.71,34374.59
24174.13,34406.55
24185.46,34434.0
24166.13,34429.26
24140.46,34396.03
24138.12,34376.27
24173.84,34406.15
24184.5,34431.77
24171.35,34431.54
24142.88,34399.6
24140.73,34381.56
24173.59,34407.87
24182.71,34436.64
24164.45,34430.89
24139.88,34398.84
24145.87,34385.43
24180.74,34410.51
24193.48,34438.65
24173.59,34433.42
24144.85,34403.54
24138.05,34380.07
24176.12,34408.48
24190.76,34434.7
24174.44,34432.73
24149.52,34403.76
24141.02,34382.59
24173.34,34403.94
24181.93,34426.09
24174.69,34430.09
24158.73,34409.39
24152.54,34386.05
24183.04,34411.18
24188.52,34434.0
24171.49,34430.76
24144.04,34399.02
24138.07,34377.72
24177.61,34410.69
24193.21,34440.95
24179.2,34438.63
24152.0,34406.42
24139.88,34377.61
24175.0,34406.44
24187.47,34435.68
24174.66,34437.18
24156.33,34409.62
24152.54,34384.94
24178.39,34400.14
24192.05,34428.55
24175.4,34427.14
24151.93,34397.43
24151.28,34381.27
24182.11,34404.12
24192.21,34428.57
24180.07,34430.34
24154.46,34403.11
24145.07,34377.68
24175.96,34399.51
24187.45,34426.11
24177.3,34432.01
24143.28,34392.79
24144.15,34372.15
24182.37,34401.34
24188.72,34425.15
24181.35,34433.62
24155.6,34402.93
24144.62,34378.32
24180.45,34404.83
24196.61,34432.77
24181.93,34435.5
24150.97,34406.11
24144.87,34385.21
24176.85,34405.59
24188.72,34432.39
24175.67,34432.84
24152.09,34404.88
24149.72,34386.35
24184.21,34410.51
24193.95,34432.37
24188.03,34444.28
24164.52,34421.26
24152.85,34392.2
24187.0,34415.45
24198.85,34441.49
24186.04,34444.93
24163.33,34417.13
24157.34,34396.52
24186.08,34419.76
24201.69,34449.47
24188.05,34450.09
24156.94,34413.62
24150.23,34392.14
24181.93,34414.78
24192.28,34441.55
24182.06,34445.82
24155.93,34416.19
24146.41,34391.76
24184.38,34416.88
24199.67,34446.12
24185.88,34450.3
24162.75,34422.42
24157.74,34398.33
24187.67,34416.28
24203.45,34448.75
24194.47,34456.91
24166.79,34425.17
24161.03,34404.79
24193.17,34426.58
24208.03,34457.52
24195.34,34461.76
24166.33,34426.89
24161.92,34407.25
24188.77,34423.9
24202.76,34453.18
24199.99,34465.29
24170.77,34433.73
24160.69,34406.31
24192.99,34425.6
24207.47,34452.29
24194.96,34457.65
24168.25,34429.08
24161.5,34403.87
24193.48,34422.98
24203.16,34446.25
24188.43,34447.14
24162.48,34418.85
24153.47,34395.58
24181.7,34414.53
24198.47,34441.94
24191.61,34450.81
24171.13,34426.0
24165.61,34401.03
24197.35,34423.12
24205.4,34447.25
24196.12,34457.16
24175.06,34432.75
24163.87,34407.78
24196.12,34427.63
24210.96,34452.42
24200.32,34455.91
24177.26,34428.68
24167.67,34405.73
24199.25,34425.86
24212.77,34450.32
24202.42,34453.98
24178.13,34426.58
24169.46,34407.07
24203.05,34431.27
24220.35,34462.14
24210.98,34467.42
24185.21,34438.92
24178.51,34414.84
24206.85,34430.65
24217.06,34453.18
24204.68,34456.53
24183.38,34435.57
24180.92,34414.71
24214.49,34437.0
24223.03,34461.38
24210.72,34469.38
24186.44,34441.6
24173.63,34412.72
24200.14,34425.11
24214.45,34452.96
24202.65,34460.09
24173.93,34429.53
24161.72,34400.92
24194.29,34418.87
24210.89,34447.21
24200.81,34453.74
24175.0,34425.57
24164.31,34399.91
24191.47,34415.76
24208.3,34445.18
24200.19,34456.66
24178.35,34429.08
24172.07,34406.71
24200.86,34423.47
24214.25,34450.63
24200.39,34455.32
24170.42,34424.93
24156.92,34396.32
24194.96,34419.76
24206.78,34441.82
24202.15,34453.54
24176.72,34426.04
24165.9,34398.42
24193.62,34413.77
24210.07,34442.99
24200.97,34452.29
24173.99,34422.96
24163.17,34395.73
24194.58,34411.58
24206.51,34438.23
24192.03,34441.71
24162.06,34411.87
24144.82,34383.89
24178.35,34403.94
24196.12,34432.21
24187.87,34442.52
24163.46,34414.82
24155.19,34389.1
24188.14,34405.1
24206.13,34433.78
24198.76,34443.55
24164.67,34409.93
24146.39,34380.56
24181.48,34403.13
24199.5,34431.39
24180.27,34427.52
24148.8,34396.23
24133.69,34369.29
24160.67,34384.63
24179.8,34415.63
24179.29,34431.48
24146.88,34397.5
24135.86,34369.09
24170.79,34389.63
24188.07,34417.68
24179.78,34422.42
24162.08,34398.82
24154.79,34378.84
24187.96,34400.41
24210.96,34434.7
24210.2,34449.38
24185.39,34427.7
24172.25,34401.88
24203.65,34419.36
24229.18,34452.46
24222.79,34465.79
24198.91,34442.61
24196.23,34425.66
24230.03,34447.41
24251.26,34480.83
24245.47,34489.28
24224.02,34465.36
24223.66,34447.28
24251.35,34459.44
24269.97,34488.61
24271.74,34508.03
24244.24,34481.23
24233.38,34458.99
24262.97,34472.4
24282.42,34502.02
24273.55,34511.27
24244.67,34485.57
24237.61,34467.46
24267.09,34483.84
24282.96,34510.8
24277.9,34522.38
24252.42,34496.77
24240.76,34469.94
24271.63,34484.4
24290.11,34510.38
24290.13,34528.28
24265.01,34500.54
24251.4,34472.31
24274.75,34481.1
24294.8,34510.0
24290.62,34521.71
24257.59,34489.16
24241.92,34460.8
24268.34,34473.39
24287.61,34502.06
24290.71,34522.8
24267.38,34503.45
24248.45,34474.48
24272.5,34483.06
24289.26,34507.56
24284.03,34520.79
24254.77,34494.73
24238.1,34468.38
24264.4,34477.25
24293.55,34511.67
24290.02,34527.39
24263.24,34504.9
24246.19,34471.71
24278.55,34486.68
24303.07,34521.89
24296.99,34534.63
24266.86,34506.42
24259.6,34487.87
24288.41,34498.42
24302.67,34521.78
24291.61,34529.89
24258.15,34498.55
24248.49,34473.86
24281.84,34490.59
24304.15,34524.19
24297.64,34536.44
24271.22,34510.71
24253.1,34479.09
24282.64,34489.03
24302.94,34518.65
24298.49,34534.36
24272.61,34509.01
24254.68,34477.74
24279.38,34486.68
24304.01,34520.12
24296.93,34532.17
24262.75,34503.29
24251.51,34479.6
24270.73,34485.21
24290.15,34516.41
24286.38,34530.34
24262.48,34506.98
24245.25,34476.92
24274.26,34487.42
24294.07,34514.47
24291.58,34531.68
24269.61,34509.53
24256.4,34484.88
24281.06,34495.96
24300.62,34522.0
24298.45,34537.76
24275.09,34513.3
24256.18,34483.51
24277.44,34491.02
24300.73,34521.96
24297.73,34539.21
24274.13,34516.59
24261.68,34488.11
24287.16,34497.79
24311.39,34533.67
24304.82,34547.77
24278.53,34520.28
24258.48,34485.3
24283.43,34493.86
24301.29,34520.35
24301.84,34538.63
24277.86,34516.75
24265.14,34492.52
24292.54,34504.63
24316.15,34535.37
24309.55,34545.43
24280.59,34523.14
24262.84,34497.1
24286.35,34503.78
24311.68,34534.85
24310.81,34551.17
24280.88,34525.44
24270.3,34498.98
24296.05,34505.82
24312.46,34530.61
24304.64,34543.79
24276.16,34518.31
24259.82,34488.38
24286.44,34495.65
24312.1,34527.1
24313.56,34544.93
24288.48,34520.61
24271.11,34490.37
24300.46,34503.07
24327.66,34538.0
24322.54,34553.74
24291.09,34523.34
24276.81,34499.96
24304.46,34510.45
24334.28,34547.59
24340.4,34571.29
24308.93,34545.34
24284.81,34511.14
24304.71,34515.07
24329.4,34545.94
24324.87,34559.24
24296.66,34530.88
24276.88,34499.45
24296.37,34502.11
24322.32,34532.57
24316.82,34544.71
24288.39,34518.34
24272.25,34490.46
24290.94,34496.88
24313.71,34528.55
24307.83,34541.78
24283.47,34517.04
24267.13,34488.96
24284.97,34489.14
24312.24,34524.97
24310.76,34542.92
24282.24,34517.37
24261.83,34485.97
24287.67,34492.34
24314.12,34526.58
24313.49,34547.84
24288.3,34522.87
24262.62,34486.55
24279.78,34490.26
24311.57,34529.62
24315.19,34552.62
24290.0,34527.3
24267.58,34492.72
24289.44,34494.42
24315.19,34527.36
24310.29,34545.2
24282.53,34520.86
24267.71,34494.17
24293.57,34499.87
24321.0,34531.41
24319.01,34547.97
24294.02,34526.94
24273.01,34497.03
24293.22,34501.73
24319.99,34532.35
24317.36,34547.37
24287.81,34523.23
24267.69,34487.6
24284.74,34487.76
24318.07,34523.92
24316.08,34540.89
24291.16,34525.24
24272.21,34499.4
24290.38,34498.02
24319.1,34529.8
24313.58,34542.52
24290.82,34523.79
24279.65,34501.82
24294.8,34498.17
24322.56,34532.53
24322.72,34551.97
24292.52,34526.18
24276.07,34497.21
24296.68,34499.45
24319.05,34527.72
24316.04,34546.79
24294.8,34528.01
24272.34,34494.71
24294.69,34498.57
24325.29,34533.18
24323.62,34550.72
24298.98,34529.71
24277.41,34495.27
24290.4,34494.17
24318.88,34530.61
24319.64,34553.14
24291.58,34529.44
24272.27,34497.7
24290.29,34498.06
24312.06,34526.54
24317.29,34554.63
24291.12,34533.24
24271.89,34501.68
24288.19,34497.88
24315.88,34527.95
24317.76,34547.21
24289.66,34523.12
24271.78,34491.36
24294.74,34493.12
24325.38,34529.67
24321.74,34547.26
24294.47,34526.31
24276.43,34496.43
24293.87,34492.63
24320.33,34524.79
24320.8,34545.69
24295.61,34525.13
24280.12,34498.26
24301.87,34502.44
24325.94,34530.98
24330.7,34551.39
24306.38,34532.13
24287.74,34506.13
24306.87,34507.76
24335.57,34536.8
24326.52,34546.07
24302.45,34527.61
24282.73,34500.39
24292.01,34492.85
24322.9,34528.01
24326.03,34551.1
24303.23,34536.93
24283.0,34504.81
24300.86,34504.86
24329.89,34537.07
24323.66,34547.14
24300.55,34528.64
24283.98,34505.26
24299.74,34503.96
24326.05,34534.63
24322.47,34550.54
24301.87,34533.51
24279.67,34501.57
24291.63,34497.59
24315.95,34529.13
24325.04,34552.31
24308.46,34536.59
24289.51,34508.68
24296.9,34498.53
24325.31,34529.67
24321.02,34543.75
24297.53,34526.52
24277.75,34495.87
24292.05,34489.77
24322.21,34524.19
24324.15,34549.65
24298.56,34528.59
24280.79,34501.61
24296.88,34498.64
24321.18,34525.84
24314.18,34537.11
24291.05,34517.82
24275.6,34490.86
24294.11,34491.94
24319.93,34521.89
24320.89,34543.35
24291.65,34523.57
24265.46,34485.75
24277.1,34479.35
24309.04,34513.73
24315.79,34536.89
24292.52,34521.02
24269.84,34490.04
24279.43,34482.59
24311.28,34518.38
24317.6,34539.95
24295.14,34519.56
24270.19,34487.58
24287.47,34489.05
24318.65,34522.0
24317.42,34541.51
24294.71,34525.13
24268.03,34488.25
24282.51,34481.12
24318.74,34517.42
24322.21,34540.35
24304.71,34528.57
24279.98,34495.98
24289.26,34487.71
24323.21,34523.3
24322.43,34540.73
24294.63,34522.89
24269.75,34489.59
24278.13,34478.3
24308.53,34508.93
24315.03,34531.61
24288.16,34514.82
24261.72,34480.71
24278.93,34481.68
24310.36,34515.68
24310.49,34532.21
24287.09,34513.64
24265.57,34482.77
24282.78,34481.05
24313.22,34513.17
24317.4,34538.29
24298.6,34526.78
24273.12,34490.53
24283.16,34482.41
24318.79,34519.5
24324.11,34538.68
24304.01,34527.14
24277.3,34494.24
24287.36,34487.18
24319.95,34524.23
24320.87,34544.96
24297.66,34527.63
24270.78,34491.4
24282.29,34484.8
24308.57,34513.57
24312.97,34535.63
24289.57,34521.2
24262.95,34486.48
24280.01,34481.77
24315.81,34519.32
24320.35,34542.07
24301.64,34531.5
24277.95,34499.71
24282.89,34486.35
24310.18,34515.29
24319.03,34538.88
24304.19,34530.58
24285.06,34502.35
24295.25,34491.04
24327.24,34522.83
24333.05,34544.98
24312.19,34532.41
24283.05,34503.22
24285.04,34489.97
24310.61,34514.4
24317.22,34539.1
24304.91,34530.29
24280.54,34493.84
24291.58,34488.83
24324.2,34526.36
24322.56,34544.31
24297.26,34533.2
24271.85,34501.55
24281.01,34488.96
24317.42,34523.0
24323.39,34547.86
24303.14,34536.64
24279.78,34501.08
