33530.92,32148.74
33531.39,32171.22
33535.35,32180.83
33536.22,32185.77
33541.45,32156.13
33532.53,32151.26
33527.14,32173.12
33528.91,32178.93
33528.53,32184.46
33533.34,32154.5
33532.55,32151.96
33532.11,32173.93
33535.35,32181.93
33523.55,32177.75
33521.45,32143.08
33518.63,32140.44
33514.79,32157.65
33520.51,32161.83
33520.48,32164.96
33527.19,32139.53
33521.22,32138.92
33517.56,32161.05
33525.8,32171.87
33524.55,32175.74
33528.38,32144.67
33525.02,32140.78
33523.97,32163.89
33536.67,32178.75
33533.58,32182.24
33532.62,32151.55
33532.82,32152.11
33529.65,32171.42
33538.03,32182.58
33534.84,32187.81
33537.45,32161.88
33527.68,32152.09
33527.41,32174.24
33529.94,32179.94
33523.75,32180.14
33526.23,32149.94
33516.44,32139.64
33517.96,32162.35
33526.3,32175.51
33519.9,32178.71
33522.72,32149.09
33513.11,32139.19
33516.95,32169.43
33524.06,32179.22
33518.23,32181.95
33525.49,32157.41
33521.27,32151.53
33511.12,32163.82
33519.66,32177.55
33524.04,32186.98
33528.42,32160.18
33533.07,32162.64
33536.24,32187.94
33541.9,32196.28
33541.21,32203.5
33546.93,32175.8
33544.58,32165.48
33541.9,32186.0
33547.13,32197.49
33541.38,32196.41
33546.26,32166.3
33544.16,32163.78
33535.86,32179.72
33541.21,32188.7
33537.0,32195.41
33539.6,32167.27
33538.64,32162.37
33534.95,32181.35
33540.78,32192.9
33533.43,32194.13
33534.97,32164.9
33530.61,32153.63
33526.23,32172.92
33530.66,32184.48
33524.4,32187.99
33526.25,32158.88
33522.63,32148.6
33519.03,32166.35
33529.54,32177.44
33524.84,32180.54
33526.09,32155.06
33521.11,32146.93
33521.96,32172.05
33536.63,32188.7
33537.2,32197.2
33544.09,32172.7
33540.47,32164.29
33541.59,32188.37
33546.93,32199.1
33538.3,32197.55
33540.45,32168.88
33534.86,32158.97
33535.98,32185.15
33540.78,32194.18
33537.41,32200.28
33540.51,32173.23
33531.86,32159.2
33534.23,32186.04
33538.64,32194.22
33533.76,32197.93
33537.85,32173.14
33532.73,32159.31
33517.45,32170.93
33528.51,32188.46
33533.38,32198.96
33539.39,32171.38
33536.89,32159.29
33533.52,32181.33
33540.54,32193.98
33536.55,32198.89
33546.75,32175.94
33543.93,32162.35
33536.8,32179.07
33546.46,32194.85
33542.79,32200.75
33544.45,32172.5
33532.69,32153.86
33525.02,32171.98
33526.01,32176.52
33524.06,32184.1
33527.73,32157.97
33520.57,32144.24
33513.49,32162.57
33521.22,32177.21
33522.95,32185.93
33523.95,32157.19
33521.43,32142.93
33521.54,32165.19
33529.31,32175.98
33524.13,32180.83
33529.87,32157.48
33529.27,32149.43
33521.49,32169.43
33532.38,32184.23
33525.54,32180.88
33531.66,32157.41
33530.5,32150.61
33527.37,32175.02
33535.91,32188.97
33532.73,32195.7
33539.02,32171.2
33531.66,32154.53
33527.75,32174.62
33536.46,32189.28
33530.5,32193.42
33536.96,32170.48
33529.89,32154.23
33523.35,32174.8
33528.38,32186.31
33521.11,32187.43
33525.07,32161.34
33525.18,32148.71
33517.2,32165.16
33521.22,32177.26
33518.47,32182.17
33527.82,32159.44
33526.39,32146.08
33524.4,32167.6
33530.32,32179.25
33525.22,32185.46
33536.06,32164.88
33533.2,32149.96
33526.41,32168.61
33533.83,32181.84
33533.65,32191.7
33535.93,32167.98
33533.58,32151.49
33525.87,32165.93
33530.52,32179.87
33521.16,32182.0
33529.14,32158.41
33526.61,32144.45
33519.3,32165.9
33525.13,32177.46
33528.29,32189.42
33533.16,32169.72
33527.13,32148.76
33519.1,32163.78
33525.56,32174.44
33525.67,32179.07
33529.65,32156.87
33527.08,32142.01
33524.6,32161.5
33532.78,32173.14
33528.53,32180.32
33533.18,32158.71
33532.15,32142.54
33529.43,32163.33
33534.39,32176.27
33535.5,32187.03
33540.87,32164.63
33538.03,32149.79
33535.62,32173.3
33540.58,32185.53
33533.07,32187.27
33540.33,32163.02
33539.17,32147.24
33526.99,32162.95
33531.86,32171.38
33529.09,32179.56
33534.01,32160.56
33533.14,32142.5
33522.83,32159.49
33531.17,32171.89
33525.16,32174.69
33531.17,32155.67
33528.75,32137.47
33515.28,32148.42
33521.31,32159.78
33525.8,32171.85
33532.04,32153.47
33526.12,32133.56
33520.64,32155.02
33529.61,32172.9
33528.66,32179.22
33531.62,32155.2
33528.04,32136.2
33528.38,32164.14
33535.48,32180.39
33532.18,32183.96
33535.8,32163.29
33536.38,32146.63
33529.31,32162.55
33536.4,32176.77
33529.4,32182.06
33527.73,32158.26
33529.83,32142.61
33526.59,32159.49
33532.71,32172.94
33524.02,32174.29
33529.67,32153.54
33535.39,32141.09
33527.01,32157.41
33534.48,32171.92
33530.81,32177.19
33537.07,32158.48
33544.45,32150.01
33535.53,32166.37
33547.13,32184.54
33546.01,32191.34
33546.37,32167.15
33544.38,32148.69
33538.5,32166.46
33551.13,32184.52
33549.41,32195.81
33547.8,32172.72
33543.06,32150.88
33532.82,32164.52
33545.34,32185.1
33540.67,32190.22
33539.66,32167.98
33541.32,32151.62
33534.19,32167.02
33540.0,32180.72
33542.08,32186.85
33544.29,32165.46
33540.8,32146.14
33531.15,32162.86
33543.02,32182.09
33542.26,32189.91
33543.73,32169.17
33544.74,32149.96
33538.23,32170.48
33548.27,32192.34
33546.39,32201.33
33545.16,32181.44
33548.36,32163.13
33542.75,32180.59
33551.22,32199.34
33546.86,32204.15
33545.09,32180.99
33534.99,32151.15
33539.33,32174.24
33545.27,32189.04
33542.23,32197.06
33542.77,32176.47
33541.16,32153.3
33532.0,32168.09
33539.53,32183.61
33538.97,32192.05
33540.87,32174.13
33541.25,32151.11
33532.06,32164.74
33542.5,32183.94
33541.56,32191.67
33542.21,32174.29
33541.68,32150.66
33531.55,32165.25
33540.22,32181.1
33534.03,32180.43
33530.14,32155.75
33526.72,32133.98
33525.13,32154.79
33533.96,32172.88
33531.5,32182.0
33530.72,32160.98
33535.02,32143.39
33525.29,32157.86
33527.55,32168.83
33521.89,32169.19
33526.07,32152.47
33527.1,32128.62
33520.42,32144.62
33531.97,32165.16
33532.04,32174.66
33540.6,32165.75
33543.95,32149.83
33535.91,32163.82
33540.71,32181.75
33542.37,32194.54
33545.54,32181.39
33546.88,32158.71
33540.69,32173.41
33548.58,32194.09
33545.56,32200.03
33542.39,32176.65
33539.11,32150.55
33530.34,32160.61
33537.18,32172.72
33529.38,32175.13
33527.35,32156.13
33524.64,32130.16
33516.35,32144.82
33527.23,32167.11
33524.02,32171.8
33530.3,32159.06
33532.0,32139.68
33525.11,32155.2
33534.03,32173.97
33535.82,32183.74
33542.03,32170.62
33540.56,32146.01
33533.7,32162.91
33541.88,32181.55
33539.08,32185.1
33550.48,32175.47
33551.0,32147.64
33539.11,32157.48
33546.37,32177.5
33546.59,32184.46
33541.36,32167.91
33535.66,32142.21
33527.04,32152.85
33528.75,32167.45
33525.85,32170.39
33522.05,32148.47
33519.82,32123.23
33519.3,32140.42
33529.36,32159.76
33527.7,32166.64
33526.48,32151.26
33519.88,32122.18
33508.93,32134.05
33521.6,32158.01
33517.58,32161.88
33512.1,32143.19
33509.69,32119.97
33509.2,32139.57
33519.43,32159.67
33521.67,32167.04
33531.62,32162.79
33537.05,32143.75
33530.66,32157.59
33540.78,32180.14
33540.2,32187.65
33537.76,32171.67
33535.57,32144.67
33521.22,32153.21
33529.54,32173.46
33528.02,32178.42
33532.96,32168.32
33532.6,32142.34
33517.96,32148.42
33526.07,32163.4
33521.83,32167.04
33518.99,32153.07
33518.29,32126.65
33509.78,32137.07
33519.55,32158.75
33521.43,32162.84
33514.61,32141.23
33518.94,32119.95
33510.2,32130.23
33520.2,32153.99
33515.5,32161.21
33522.54,32155.87
33528.73,32137.02
33520.57,32148.29
33534.88,32172.85
33537.25,32182.51
33542.34,32175.71
33543.78,32151.91
33527.55,32156.13
33529.47,32174.13
33523.12,32172.52
33517.29,32153.86
33508.68,32119.12
33498.31,32128.15
33503.09,32144.33
33505.22,32153.68
33500.57,32139.48
33500.7,32111.86
33499.41,32127.08
33509.4,32146.3
33506.67,32149.92
33506.23,32140.49
33503.97,32111.3
33496.08,32123.08
33507.41,32147.37
33510.7,32152.16
33514.45,32142.68
33514.03,32115.72
33506.27,32128.46
33508.86,32146.08
33514.94,32160.34
33518.21,32151.49
33519.73,32125.16
33512.17,32141.05
33512.95,32157.97
33516.62,32165.23
33515.28,32158.13
33508.06,32122.85
33501.66,32132.46
33515.7,32160.58
33519.75,32167.94
33511.61,32147.69
33513.82,32120.04
33506.92,32129.65
33505.96,32143.33
33498.47,32141.79
33494.07,32130.01
33493.93,32101.57
33486.22,32109.64
33489.04,32125.4
33496.41,32141.4
33499.12,32136.71
33499.83,32109.55
33494.67,32120.46
33499.88,32138.75
33498.58,32144.98
33501.31,32138.32
33513.49,32117.31
33502.31,32123.59
33507.68,32144.67
33512.26,32155.62
33502.94,32140.62
33511.41,32121.78
33505.18,32132.06
33503.05,32140.94
33503.05,32147.98
33498.89,32137.81
33493.11,32098.22
33480.23,32102.16
33485.41,32120.15
33480.74,32122.29
33483.94,32118.4
33483.94,32086.58
33478.53,32094.8
33485.66,32117.85
33489.89,32126.7
33483.14,32113.85
33478.64,32082.26
33471.07,32089.04
33478.44,32113.67
33482.71,32125.47
33481.21,32118.14
33490.73,32097.1
33483.0,32103.47
33498.47,32131.95
33505.18,32145.67
33501.55,32139.06
33504.17,32112.17
33497.8,32121.4
33500.04,32140.27
33495.88,32143.55
33497.93,32137.14
33495.86,32103.72
33484.57,32104.17
33492.03,32126.25
33491.72,32131.99
33485.59,32120.93
33489.42,32095.16
33480.48,32103.21
33486.51,32123.9
33490.78,32133.67
33492.25,32131.5
33496.28,32105.22
33495.0,32118.03
33501.89,32140.94
33506.47,32152.09
33512.62,32151.24
33518.99,32123.86
33510.0,32129.8
33514.32,32154.23
33522.95,32167.36
33520.2,32161.14
33523.68,32130.14
33516.8,32134.16
33519.57,32155.67
33514.83,32158.79
33511.32,32149.81
33510.11,32117.2
33500.86,32120.48
33504.1,32139.1
33502.98,32141.61
33493.21,32127.86
33492.99,32096.97
33483.89,32102.09
33489.46,32125.02
33493.02,32135.53
33496.61,32136.44
33499.14,32104.81
33491.54,32111.45
33502.94,32140.76
33508.24,32151.55
33507.81,32147.64
33511.95,32119.9
33509.71,32128.24
33512.84,32146.48
33520.6,32158.73
33520.82,32157.77
33526.39,32133.69
33512.53,32134.86
33518.74,32158.97
33526.52,32172.56
33524.84,32167.47
33524.35,32134.45
33510.0,32133.4
33508.88,32148.31
33508.71,32153.5
33499.3,32144.13
33502.94,32114.94
33499.0,32120.93
33499.96,32141.38
33498.6,32144.76
33504.19,32145.29
33505.55,32113.38
33495.59,32115.46
33504.35,32138.14
33508.86,32143.66
33507.95,32141.67
33513.27,32114.38
33504.84,32117.58
33514.07,32147.06
33528.49,32166.64
33532.0,32168.52
33536.18,32142.25
33525.22,32144.13
33527.48,32161.46
33531.57,32165.84
33529.76,32164.74
33531.55,32138.39
33518.81,32136.58
33521.27,32157.14
33528.58,32166.28
33524.6,32160.27
33528.96,32131.64
33517.67,32129.09
33522.3,32154.68
33530.07,32166.82
33529.23,32164.65
33534.59,32139.64
33532.04,32147.24
33533.23,32168.27
33534.16,32174.06
33536.8,32173.39
33541.05,32146.14
33530.81,32148.54
33534.25,32172.79
33536.45,32180.16
33540.42,32181.91
33551.26,32156.13
33539.26,32155.24
33540.58,32177.26
33546.35,32188.48
33550.32,32192.9
33552.16,32163.18
33548.85,32168.21
33547.71,32186.85
33543.71,32185.24
33538.5,32178.06
33536.69,32146.48
33533.65,32151.17
33537.67,32171.13
33543.13,32178.49
33544.76,32180.21
33549.9,32154.53
33545.56,32159.76
33547.13,32183.63
33551.24,32192.75
33557.77,32200.14
33564.88,32172.79
33557.32,32170.6
33557.52,32188.48
33565.95,32200.86
33566.51,32204.26
33564.36,32171.8
33557.99,32173.39
33562.15,32199.72
33564.81,32205.35
33562.24,32204.3
33566.02,32177.59
33553.75,32174.51
33552.4,32192.21
33556.65,32200.88
33554.21,32199.9
33554.64,32165.7
33547.11,32164.52
33550.48,32189.97
33561.88,32205.42
33556.49,32203.45
33566.15,32179.56
33557.57,32177.64
33557.52,32197.57
33563.8,32205.4
33557.03,32202.94
33558.26,32170.15
33552.79,32169.86
33556.14,32191.54
33561.64,32197.75
33552.54,32193.8
33563.47,32169.21
33558.64,32170.35
33548.74,32185.73
33559.6,32202.11
33559.11,32197.84
33567.16,32166.46
33550.37,32156.78
33545.3,32175.36
33547.31,32181.35
33538.48,32176.03
33539.44,32143.55
33534.86,32140.53
33532.8,32157.99
33529.49,32161.34
33523.91,32162.73
33524.02,32128.82
33518.47,32127.28
33517.89,32146.28
33527.66,32153.74
33533.58,32165.14
33539.15,32139.77
33532.62,32138.99
33528.8,32156.38
33540.16,32171.51
33546.91,32180.39
33557.03,32156.09
33554.97,32155.96
33547.57,32169.39
33546.79,32170.66
33542.05,32169.61
33541.56,32138.75
33534.43,32135.24
33531.37,32155.53
33540.45,32167.89
33536.24,32167.02
33540.89,32139.24
33534.68,32139.75
33529.07,32156.4
33538.9,32167.47
33540.71,32172.21
33539.55,32143.01
33534.05,32139.3
33533.27,32157.5
33542.7,32169.43
33537.29,32166.19
33538.48,32132.62
33533.05,32128.26
33539.93,32156.25
33554.21,32172.79
33548.4,32170.02
33548.94,32137.45
33539.2,32129.4
33542.61,32155.29
33545.7,32162.46
33544.89,32165.41
33547.22,32136.17
33539.44,32132.38
33540.31,32157.54
33544.34,32165.34
33543.8,32169.05
33542.77,32135.5
33526.68,32121.56
33535.84,32151.24
33541.45,32161.79
33539.06,32167.0
33535.44,32131.99
33538.14,32134.39
33532.11,32154.48
33536.46,32160.16
33537.11,32162.33
33537.25,32130.59
33543.66,32136.53
33551.38,32166.97
33551.66,32171.38
33547.82,32173.9
33555.53,32152.29
33549.39,32147.08
33549.18,32167.94
33555.96,32176.83
33547.26,32173.08
33555.09,32149.23
33552.07,32146.39
33546.35,32164.94
33547.78,32170.13
33542.05,32171.22
33544.74,32141.72
33537.09,32132.4
33530.77,32144.02
33537.99,32152.02
33539.42,32161.43
33539.21,32129.51
33536.04,32125.4
33539.42,32152.38
33541.23,32160.49
33537.85,32163.22
33538.34,32132.89
33531.04,32125.36
33526.34,32141.38
33542.08,32156.85
33541.29,32161.61
33542.79,32131.73
33541.94,32131.21
33543.13,32152.29
33554.41,32163.55
33547.26,32164.43
33554.64,32143.62
33548.22,32133.56
33545.23,32153.9
33554.64,32165.81
33554.91,32173.35
33551.69,32140.6
33546.12,32132.31
33546.44,32152.49
33549.88,32161.54
33542.41,32161.61
33553.43,32137.07
33544.16,32127.37
33534.68,32142.05
33544.71,32152.78
33544.18,32154.79
33548.56,32128.2
33539.77,32118.4
33531.32,32136.17
33542.79,32152.18
33542.34,32156.74
33548.2,32132.11
33547.93,32131.55
33551.42,32159.55
33565.19,32173.35
33569.57,32183.4
33574.69,32158.28
33571.56,32149.25
33574.6,32174.73
33582.58,32185.51
33576.3,32188.77
33572.05,32155.62
33558.75,32138.52
33558.19,32163.04
33563.67,32172.65
33563.85,32179.78
33564.23,32149.9
33561.43,32141.49
33557.34,32163.22
33561.34,32172.29
33557.77,32178.06
33563.47,32152.38
33561.68,32144.2
33556.85,32163.4
33563.78,32174.42
33562.95,32180.68
33559.42,32149.36
33553.57,32139.44
33558.71,32164.54
33571.34,32178.22
33569.61,32185.84
33574.53,32163.18
33569.68,32153.05
33563.33,32172.99
33573.08,32185.57
33572.5,32192.43
33570.64,32163.27
33570.26,32154.88
33573.37,32183.18
33577.04,32191.72
33572.86,32194.69
33574.35,32166.26
33570.57,32154.97
33566.13,32173.84
33571.56,32182.85
33561.55,32182.24
33568.7,32158.06
33564.14,32146.01
33556.83,32165.25
33566.93,32179.96
33568.43,32189.06
33571.34,32164.67
33570.82,32152.74
33571.67,32177.73
33578.15,32191.83
33574.02,32195.85
33581.55,32170.89
33579.61,32159.64
33573.19,32176.7
33580.05,32189.17
33572.3,32187.14
33578.8,32162.79
33575.96,32152.4
33572.59,32172.79
33578.31,32183.83
33574.8,32189.6
33577.44,32160.98
33570.71,32145.9
33562.33,32164.63
33572.39,32177.23
33568.21,32178.38
33569.08,32148.42
33568.77,32138.66
33562.28,32158.73
33558.37,32161.14
33555.06,32167.33
33550.53,32138.1
33548.47,32124.46
33543.8,32142.95
33548.09,32152.47
33548.47,32163.31
33552.11,32141.92
33549.72,32127.97
33547.33,32149.32
33560.45,32167.49
33559.69,32175.8
33562.04,32150.05
33559.36,32138.28
33555.78,32157.19
33563.63,32168.32
33551.04,32166.53
33562.11,32147.48
33555.31,32126.12
33544.78,32137.18
33556.27,32153.07
33546.97,32154.35
33547.38,32130.36
33547.0,32118.47
33533.41,32133.4
33546.77,32154.77
33547.15,32163.8
33550.21,32137.25
33551.4,32119.84
33547.57,32137.98
33560.94,32158.13
33554.86,32162.66
33563.22,32145.81
33556.7,32130.03
33554.24,32151.82
33564.52,32164.58
33559.45,32168.61
33562.8,32144.87
33562.42,32129.2
33554.75,32146.84
33563.91,32159.33
33561.34,32161.83
33563.09,32138.43
33557.93,32120.24
33548.58,32134.07
33558.53,32149.83
33554.75,32155.46
33553.75,32130.14
33547.98,32111.21
33534.5,32125.47
33537.88,32136.58
33530.81,32136.4
33533.54,32113.6
33536.54,32102.58
33533.07,32123.05
33540.2,32134.41
33538.39,32141.67
33544.89,32121.27
33549.54,32112.64
33543.11,32132.69
33553.9,32150.64
33549.41,32156.25
33557.81,32138.25
33558.04,32123.19
33550.08,32141.65
33551.84,32152.78
33543.06,32154.62
33543.39,32126.9
33546.75,32111.88
33534.16,32122.81
33539.26,32134.34
33534.32,32138.23
33529.36,32111.14
33529.79,32096.03
33526.7,32115.43
33529.02,32127.7
33523.66,32132.89
33528.18,32112.1
33528.44,32094.73
33526.74,32114.45
33532.6,32125.8
33526.74,32129.63
33533.0,32112.59
33535.15,32099.32
33531.04,32116.59
33543.08,32135.95
33542.32,32145.23
33549.5,32132.31
33547.42,32111.5
33549.14,32136.06
33562.13,32158.57
33557.43,32157.81
33550.48,32128.49
33544.09,32110.4
33527.68,32121.2
33531.5,32129.89
33526.97,32131.84
33524.46,32104.48
33525.85,32085.57
33515.46,32096.97
33517.89,32109.93
33508.46,32111.97
33509.06,32086.33
33513.36,32071.4
33503.83,32091.27
33507.92,32102.31
33509.04,32110.58
33508.41,32086.13
33509.91,32068.2
33502.65,32085.19
33509.64,32098.82
33509.18,32109.13
33517.42,32093.21
33515.19,32073.7
33511.93,32094.82
33519.77,32109.58
33510.34,32107.47
33521.13,32091.87
33521.87,32074.17
33508.97,32086.73
33509.76,32095.74
33504.14,32102.94
33505.71,32083.65
33503.18,32062.77
33489.57,32071.91
33497.02,32086.87
33490.91,32091.25
33490.02,32074.13
33489.82,32054.72
33480.7,32067.78
33485.64,32079.87
33479.8,32085.41
33481.57,32066.5
33481.77,32046.48
33485.17,32073.37
33491.88,32090.24
33488.77,32097.6
33497.46,32081.75
33498.98,32064.09
33491.72,32082.26
33505.33,32106.18
33507.97,32117.64
33507.41,32095.14
33509.15,32075.6
33502.8,32091.16
33503.83,32101.26
33496.77,32109.02
33493.66,32085.73
33491.32,32060.02
33482.93,32073.34
33498.83,32093.64
33488.3,32096.34
33488.03,32078.87
33484.9,32049.56
33477.08,32062.41
33485.89,32082.38
33483.89,32092.72
33474.44,32070.35
33471.54,32041.09
33465.23,32055.15
33480.16,32080.21
33473.7,32082.73
33482.42,32072.43
33484.79,32055.02
33478.73,32074.44
33488.21,32093.57
33484.97,32098.31
33488.81,32083.85
33490.42,32065.19
33480.63,32078.06
33487.92,32093.17
33480.41,32093.71
33488.23,32080.85
33485.59,32056.16
33469.81,32063.67
33473.12,32074.06
33477.28,32082.75
33476.96,32067.44
33471.16,32040.82
33456.36,32049.18
33470.46,32068.27
33474.44,32082.11
33474.6,32066.44
33472.32,32038.9
33461.32,32049.74
33472.92,32072.16
33471.31,32079.4
33482.27,32070.51
33496.01,32057.03
33489.68,32071.04
33495.23,32084.99
33492.84,32088.48
33502.83,32080.32
33504.37,32058.28
33490.2,32068.34
33493.68,32085.12
33487.72,32091.54
33487.54,32073.21
33484.48,32041.92
33474.69,32054.61
33479.74,32073.1
33468.85,32072.23
33463.15,32049.63
33469.77,32031.19
33464.65,32045.18
33467.07,32058.48
33459.55,32063.49
33466.53,32055.28
33465.07,32033.49
33460.36,32050.14
33474.84,32071.62
33475.29,32079.8
33478.84,32066.39
33481.04,32042.86
33475.74,32059.42
33481.44,32077.88
33479.63,32087.54
33489.57,32081.66
33495.23,32063.06
33489.3,32076.79
33498.78,32098.13
33491.54,32098.33
33500.5,32089.53
33505.58,32069.81
33491.14,32075.0
33493.6,32089.06
33488.48,32091.16
33486.76,32072.2
33499.52,32059.04
33480.54,32064.47
33477.61,32074.89
33472.92,32075.87
33478.02,32067.55
33479.13,32045.02
33473.32,32055.26
33480.7,32075.22
33480.21,32084.1
33481.84,32071.33
33487.98,32046.52
33476.68,32055.24
33489.48,32078.87
33489.75,32085.46
33493.42,32072.81
33496.57,32046.83
33486.02,32058.86
33487.96,32076.25
33489.53,32087.2
33493.64,32078.64
33501.44,32056.69
33492.39,32069.81
33502.83,32093.46
33502.05,32099.16
33501.82,32084.88
33501.75,32058.7
33486.58,32067.82
33482.18,32077.08
33478.75,32080.25
33475.89,32067.18
33475.74,32043.82
33465.95,32053.21
33476.5,32076.18
33472.65,32083.02
33473.41,32068.49
33481.95,32044.82
33476.03,32059.96
33477.66,32074.15
33481.1,32084.27
33490.96,32079.92
33493.82,32055.78
33486.06,32066.28
33492.37,32086.02
33493.91,32094.67
33495.83,32086.44
33501.26,32062.03
33498.11,32078.22
33507.63,32099.36
33505.11,32103.72
33506.45,32093.42
33504.5,32064.85
33487.23,32067.46
33489.5,32080.88
33493.66,32088.57
33490.78,32078.22
33489.5,32050.81
33479.4,32060.8
33489.68,32084.34
33490.4,32090.76
33490.71,32078.64
33489.89,32047.66
33479.45,32056.47
33484.9,32077.57
33489.04,32086.35
33488.05,32076.36
33497.29,32057.79
33493.17,32070.59
33499.45,32093.37
33501.93,32101.71
33509.8,32098.54
33503.88,32064.89
33492.88,32071.42
33503.72,32093.82
33499.65,32097.33
33491.16,32080.68
33490.22,32049.07
33475.76,32052.0
33477.55,32069.19
33477.19,32074.89
33476.21,32063.51
33477.17,32035.39
33467.13,32042.86
33479.78,32068.83
33478.49,32076.54
33477.97,32068.56
33483.49,32043.1
33479.07,32055.11
33481.48,32073.21
33477.73,32079.85
33478.17,32070.35
33489.48,32049.23
33487.43,32063.67
33494.78,32086.73
33498.09,32098.8
33500.05,32093.42
33510.76,32070.62
33504.79,32080.21
33512.02,32102.89
33508.64,32106.56
33503.12,32096.68
33495.0,32059.98
33478.42,32058.44
33478.46,32071.09
33483.47,32082.49
33479.98,32071.62
33479.54,32040.46
33463.93,32044.35
33473.57,32070.75
33474.13,32081.64
33472.77,32075.67
33483.27,32053.7
33479.18,32061.54
33484.39,32081.37
33489.15,32091.83
33496.41,32093.21
33502.94,32068.74
33492.77,32073.95
33499.83,32098.98
33503.77,32111.83
33504.88,32107.41
33516.64,32084.1
33506.83,32089.35
33510.88,32109.08
33516.39,32120.82
33512.8,32111.79
33516.04,32080.99
33508.62,32087.34
33513.6,32110.2
33505.6,32108.15
33502.34,32098.02
33502.43,32064.76
33484.72,32061.77
33483.05,32078.26
33489.68,32088.79
33488.25,32086.11
33495.79,32061.14
33486.89,32064.45
33490.07,32085.21
33490.55,32094.13
33490.4,32090.35
33503.61,32071.73
33496.03,32078.53
33497.95,32100.88
33498.16,32108.62
33499.7,32102.24
33508.57,32076.16
33502.8,32085.82
33509.02,32112.04
33517.0,32125.33
33511.9,32120.26
33515.01,32093.62
33504.06,32095.32
33505.06,32113.24
33501.46,32113.51
33495.74,32102.31
33493.39,32069.68
33484.88,32072.23
33489.53,32091.25
33488.25,32098.31
33485.55,32093.01
33488.81,32063.55
33473.39,32063.33
33475.6,32083.54
33485.8,32100.1
33487.79,32102.42
33491.59,32071.6
33483.94,32073.23
33492.66,32100.52
33504.53,32116.35
33502.94,32108.84
33511.48,32084.56
33511.41,32098.2
33518.81,32124.57
33519.03,32136.78
33519.21,32135.28
33527.35,32108.01
33520.82,32111.77
33519.12,32129.02
33522.12,32137.92
33517.78,32130.65
33523.5,32099.25
33511.34,32100.05
33511.43,32120.28
33510.02,32124.82
33504.04,32118.14
33505.04,32081.86
33492.93,32079.31
33496.64,32103.05
33496.28,32108.84
33500.21,32108.93
33505.71,32080.65
33498.87,32084.32
33503.21,32107.92
33511.03,32125.74
33518.65,32132.87
33521.8,32102.74
33519.46,32111.39
33525.45,32136.91
33525.78,32143.44
33528.09,32139.48
33538.23,32110.34
33530.39,32113.0
33532.69,32135.79
33535.66,32144.27
33529.94,32138.59
33535.93,32110.07
33523.66,32109.13
33526.68,32132.62
33525.45,32136.62
33519.32,32129.87
33523.52,32098.42
33511.41,32098.02
33508.64,32116.84
33510.09,32122.16
33500.59,32111.72
33510.72,32089.24
33510.16,32097.19
33510.43,32117.36
33520.55,32132.71
33523.88,32137.25
33526.03,32108.86
33513.73,32107.47
33523.21,32135.97
33532.98,32148.65
33534.75,32148.69
33539.21,32120.55
33536.54,32127.53
33538.75,32150.66
33536.78,32153.79
33538.66,32153.72
33545.34,32124.17
33530.95,32118.58
33527.68,32134.95
33530.79,32138.7
33523.75,32133.6
33525.78,32103.38
33520.64,32105.73
33518.41,32123.81
33516.93,32128.17
33520.42,32131.03
33529.58,32104.21
33518.18,32099.92
33523.28,32127.61
33522.99,32135.75
33519.19,32135.95
33523.35,32106.89
33510.63,32104.41
33510.79,32123.81
33519.7,32135.21
33524.73,32141.16
33533.45,32115.12
33528.42,32116.06
33535.13,32144.0
33541.29,32155.87
33536.87,32155.29
33537.16,32119.1
33533.74,32121.15
33533.94,32142.43
33530.95,32145.76
33524.98,32143.46
33522.96,32108.3
33517.31,32108.86
33519.73,32134.68
33520.71,32136.64
33516.39,32131.73
33520.62,32103.27
33513.33,32101.84
33514.34,32122.47
33518.63,32133.63
33511.5,32129.89
33519.86,32103.92
33514.9,32101.48
33520.82,32125.94
33527.21,32135.77
33529.76,32141.32
33538.37,32117.29
33528.42,32112.84
33533.36,32138.14
33539.93,32149.05
33529.09,32141.94
33540.96,32119.66
33532.31,32118.76
33532.29,32138.95
33537.11,32147.89
33533.83,32149.88
33536.85,32118.03
33533.16,32118.65
33532.06,32141.34
33532.33,32144.13
33526.52,32140.22
33528.64,32109.31
33519.17,32106.56
33519.86,32129.02
33519.48,32133.76
33519.14,32134.81
33525.27,32103.9
33516.75,32097.62
33521.27,32123.9
33526.45,32133.83
33524.84,32136.22
33532.71,32108.91
33521.96,32104.46
33526.45,32129.78
33531.48,32138.86
33529.74,32141.9
33538.1,32116.35
33527.7,32108.79
33527.79,32130.5
33534.52,32140.56
33531.91,32141.56
33535.62,32112.64
33524.22,32108.88
33524.69,32130.1
33527.64,32137.4
33521.83,32135.77
33525.74,32104.57
33521.71,32102.04
33525.07,32125.36
33532.33,32135.01
33529.61,32135.41
33532.82,32103.59
33532.31,32106.98
33532.2,32131.71
33537.9,32142.79
33531.46,32141.58
33539.77,32117.42
33534.61,32116.77
33535.28,32141.23
33544.34,32154.97
33541.77,32155.75
33547.84,32128.46
33546.41,32127.26
33546.95,32150.55
33555.6,32161.43
33550.28,32161.3
33543.8,32124.64
33531.73,32114.74
33524.22,32131.59
33528.24,32141.05
33526.36,32141.81
33526.32,32109.64
33517.4,32102.11
33514.92,32121.89
33522.12,32130.27
33522.3,32132.58
33520.66,32097.91
33515.66,32094.27
33516.75,32116.28
33521.09,32122.85
33518.09,32127.12
33529.14,32106.74
33524.22,32103.83
33527.23,32130.52
33537.88,32143.86
33538.79,32150.35
33542.32,32124.39
33536.2,32116.73
33538.97,32141.63
33543.57,32151.2
33539.15,32156.87
33546.75,32131.97
33539.75,32122.12
33534.23,32139.55
33535.91,32145.67
33530.39,32147.75
33534.61,32121.24
33526.45,32113.0
33524.38,32132.62
33523.73,32135.41
33520.44,32134.61
33522.16,32104.1
33520.6,32101.87
33516.73,32120.08
33522.9,32129.29
33518.05,32132.22
33519.64,32100.68
33520.24,32097.95
33522.72,32123.41
33528.42,32131.32
33532.89,32141.94
33542.9,32118.72
33540.11,32110.8
33541.16,32136.09
33557.97,32153.79
33558.17,32159.02
33565.75,32137.61
33567.16,32136.22
33564.12,32155.13
33568.25,32164.27
33558.37,32162.73
33559.45,32134.34
33556.23,32124.69
33553.75,32149.74
33558.77,32161.68
33553.52,32163.24
33556.92,32135.79
33550.41,32127.32
33546.3,32146.7
33550.77,32152.29
33540.85,32150.48
33551.78,32126.94
33545.41,32116.53
33536.33,32133.49
33541.32,32143.82
33536.49,32145.03
33547.38,32123.9
33548.98,32122.09
33549.88,32145.14
33554.84,32152.11
33556.18,32160.7
33558.1,32134.9
33551.53,32124.06
33545.43,32137.92
33564.61,32158.01
33558.26,32159.2
33553.03,32127.08
33543.86,32115.92
33540.65,32136.17
33547.26,32141.54
33540.38,32141.16
33551.84,32119.61
33548.25,32112.86
33541.77,32133.49
33543.84,32141.88
33543.13,32144.0
33551.96,32122.56
33543.11,32109.53
33530.61,32120.73
33550.93,32143.26
33546.7,32146.68
33551.38,32121.51
33556.56,32122.38
33552.61,32141.94
33557.81,32153.47
33554.5,32159.46
33555.45,32132.15
33557.14,32129.8
33557.37,32153.63
33561.16,32159.58
33562.24,32169.03
33563.27,32140.2
33552.38,32123.1
33550.62,32144.74
33556.49,32153.86
33550.59,32156.47
33552.96,32131.41
33553.25,32123.55
33549.88,32141.09
33556.09,32150.44
33550.44,32157.12
33547.2,32128.75
33537.79,32112.71
33529.31,32127.17
33535.73,32136.98
33529.45,32135.86
33547.78,32124.62
33544.58,32114.34
33539.62,32132.71
33548.96,32144.89
33548.47,32153.5
33554.13,32130.9
33541.29,32113.0
33541.9,32138.9
33559.94,32157.12
33552.34,32155.31
33554.24,32129.09
33549.66,32116.13
33552.16,32142.88
33557.43,32154.62
33556.29,32162.73
33563.02,32139.97
33555.73,32123.01
33549.48,32142.95
33557.84,32157.92
33547.13,32156.58
33543.2,32121.8
33535.08,32105.96
33536.02,32133.45
33542.12,32147.82
33533.27,32146.95
33539.66,32126.05
33541.79,32116.19
33534.12,32129.71
33546.17,32147.19
33545.99,32156.49
33550.82,32135.28
33548.58,32121.91
33549.3,32142.23
33553.19,32148.8
33552.07,32156.58
33557.07,32135.44
33556.96,32127.37
33550.21,32142.48
33552.85,32149.43
33552.79,32159.58
33553.34,32134.95
33547.91,32117.62
33544.2,32137.29
33543.69,32144.58
33544.78,32154.17
33542.9,32124.53
33543.66,32115.03
33534.05,32129.54
33540.54,32141.7
33532.6,32143.06
33525.4,32108.88
33518.09,32086.84
33521.31,32112.88
33524.89,32125.11
33521.0,32133.4
33528.46,32112.77
33533.29,32102.76
33532.36,32125.13
33541.32,32140.76
33537.03,32148.13
33543.06,32127.79
33543.08,32116.17
33542.39,32137.9
33548.69,32147.71
33535.89,32142.95
33542.17,32121.0
33540.54,32108.62
33532.36,32123.7
33542.46,32136.31
33541.25,32143.48
33548.43,32122.72
33545.03,32108.32
33536.11,32127.7
33544.18,32142.99
33540.85,32146.03
33543.53,32123.99
33543.08,32111.68
33531.5,32126.23
33535.75,32132.84
33529.36,32134.81
33532.71,32115.07
33532.2,32105.08
33529.11,32124.44
33540.85,32139.13
33534.72,32141.9
33545.92,32128.04
33541.29,32110.67
33532.6,32125.16
33541.18,32139.35
33544.45,32147.24
33548.89,32124.98
33552.16,32114.29
33541.65,32128.87
33545.03,32137.7
33535.98,32140.15
33525.47,32109.4
33534.03,32101.26
33533.67,32122.81
33534.66,32132.24
33528.87,32138.41
33534.52,32117.11
33531.55,32099.7
33524.44,32117.44
33529.83,32128.26
33529.58,32136.76
33537.59,32121.58
33525.31,32095.96
33524.13,32118.32
33540.73,32139.19
33537.09,32142.72
33547.33,32130.3
33552.96,32120.06
33551.2,32140.87
33560.52,32152.98
33555.91,32156.52
33561.48,32141.85
33564.56,32131.39
33556.11,32146.9
33564.23,32162.1
33560.88,32164.79
33556.54,32138.59
33552.76,32123.95
33552.94,32149.14
33561.32,32164.12
33552.36,32167.51
33555.06,32145.7
33561.93,32130.14
33561.68,32149.99
33564.56,32161.23
33559.06,32165.12
33556.2,32140.87
33553.07,32122.76
33541.5,32134.28
33545.47,32143.46
33543.91,32150.55
33549.25,32132.13
33543.29,32110.31
33537.38,32126.9
33546.64,32142.88
33548.49,32155.22
33556.02,32142.23
33556.98,32127.75
33552.85,32145.47
33559.13,32160.05
33557.21,32166.37
33562.44,32148.36
33561.34,32128.29
33556.36,32146.23
33563.98,32164.36
33558.57,32168.76
33562.15,32147.39
33556.88,32122.07
33550.1,32137.47
33557.5,32153.41
33552.07,32156.09
33555.36,32137.38
33553.75,32116.57
33539.42,32128.37
33550.79,32147.44
33547.24,32152.11
33546.86,32131.44
33548.29,32112.84
33545.86,32134.19
33556.83,32152.2
33557.03,32160.58
33562.24,32145.79
33560.43,32124.08
33556.89,32141.27
33563.45,32157.03
33561.48,32166.15
33566.53,32153.72
33564.47,32132.22
33557.41,32147.42
33565.79,32164.47
33559.85,32169.41
33561.01,32149.61
33559.2,32124.02
33544.98,32129.54
33550.5,32143.39
33548.05,32150.41
33551.44,32134.61
33549.39,32112.35
33542.99,32129.31
33544.8,32143.06
33541.88,32148.65
33545.86,32131.17
33547.46,32112.48
33544.51,32129.54
33553.23,32145.41
33549.41,32152.54
33552.38,32139.15
33554.77,32121.58
33547.31,32138.59
33555.87,32157.05
33556.41,32166.19
33559.55,32149.54
33559.54,32125.4
33549.32,32137.05
33557.25,32156.56
33560.03,32165.46
33562.55,32149.38
33556.23,32122.67
33537.7,32127.81
33548.71,32147.57
33551.0,32156.18
33546.52,32134.95
33539.57,32107.03
33530.5,32121.74
33539.6,32140.78
33534.41,32141.94
33538.14,32128.13
33537.88,32108.91
33531.84,32123.5
33539.86,32139.71
33536.73,32149.03
33537.63,32134.12
33543.46,32119.7
33536.09,32135.17
33537.52,32144.96
33536.15,32151.73
33542.75,32141.12
33542.41,32117.33
33539.64,32133.56
33553.36,32156.6
33549.99,32162.08
33549.03,32144.09
33547.2,32120.82
33533.27,32127.88
33544.07,32148.94
33538.19,32151.96
33538.5,32137.16
33536.76,32112.57
33531.71,32127.48
33540.56,32144.29
33533.18,32144.11
33532.8,32127.61
33527.82,32102.31
33518.86,32119.48
33529.36,32139.88
33525.11,32142.68
33525.76,32125.4
33527.64,32104.12
33517.38,32116.91
33528.82,32137.87
33527.73,32146.1
33528.6,32135.95
33528.13,32112.08
33522.68,32124.91
33533.56,32144.11
33534.57,32150.66
33540.16,32140.44
33539.55,32116.24
33530.68,32126.99
33542.19,32147.31
33541.65,32153.63
33540.82,32138.25
33544.56,32116.21
33537.74,32131.01
33555.55,32161.83
33547.11,32161.88
33547.71,32144.76
33544.51,32117.76
33533.85,32128.8
33542.32,32146.57
33536.69,32149.09
33534.57,32132.06
33532.96,32105.17
33529.52,32121.09
33534.97,32138.77
33535.39,32149.32
33533.63,32134.83
33536.36,32111.79
33528.84,32125.29
33536.46,32141.67
33540.22,32150.59
33546.46,32141.99
33551.55,32123.88
33543.39,32139.13
33553.27,32159.33
33547.73,32160.31
33546.35,32146.7
33545.88,32119.57
33531.15,32124.62
33536.8,32144.2
33533.29,32148.49
33531.06,32134.12
33537.2,32115.81
33527.26,32127.37
33538.3,32148.0
33536.54,32155.4
33533.41,32143.35
33534.16,32118.43
33524.4,32128.87
33536.42,32153.45
33533.27,32156.72
33527.19,32140.06
33525.02,32110.13
33515.46,32117.31
33527.01,32140.2
33528.46,32146.81
33532.2,32138.66
33534.39,32116.57
33529.83,32131.79
33536.31,32152.89
33538.01,32164.07
33540.71,32157.23
33545.03,32134.72
33534.57,32139.3
33540.38,32152.54
33538.66,32158.41
33532.24,32143.37
33537.74,32119.59
33521.69,32123.3
33528.75,32144.71
33539.04,32157.45
33539.2,32150.19
33540.67,32126.65
33534.14,32137.52
33538.14,32155.58
33532.4,32153.03
33530.68,32138.19
33537.2,32115.59
33526.3,32124.84
33529.02,32141.09
33531.13,32148.67
33532.18,32139.91
33532.69,32113.62
33530.5,32129.27
33536.29,32149.47
33534.84,32156.36
33537.72,32147.91
33534.88,32116.24
33533.23,32131.66
33541.38,32150.66
33539.57,32154.19
33545.56,32149.65
33549.16,32130.27
33543.51,32143.73
33547.24,32162.1
33547.13,32168.76
33549.16,32158.71
33552.92,32133.52
33546.23,32144.13
33550.46,32163.29
33541.14,32160.92
33535.91,32147.37
33539.75,32123.5
33526.25,32128.37
33532.67,32147.35
33536.64,32154.35
33536.87,32146.14
33537.96,32120.66
33532.67,32128.53
33548.25,32155.24
33552.56,32168.88
33550.88,32161.1
33547.02,32126.96
33536.36,32130.77
33547.84,32156.2
33545.03,32161.28
33545.45,32152.45
33541.0,32115.77
33531.06,32121.18
33537.94,32142.01
33531.59,32144.24
33530.72,32135.46
33532.71,32109.93
33524.93,32119.9
33532.67,32143.33
33536.58,32155.31
33532.87,32145.81
33538.81,32122.76
33536.29,32136.09
33538.05,32151.37
33548.69,32167.74
33548.87,32158.3
33549.05,32126.12
33539.33,32133.52
33540.38,32151.96
33539.77,32156.2
33538.03,32150.66
33539.06,32121.2
33536.31,32133.0
33540.98,32156.52
33546.79,32167.87
33546.14,32160.87
33551.24,32135.95
33554.46,32151.55
33563.02,32175.69
33565.3,32183.09
33560.7,32171.45
33554.82,32136.78
33546.64,32141.76
33548.05,32158.73
33544.07,32160.22
33540.73,32152.71
33545.77,32126.9
33537.07,32129.8
33543.69,32151.66
33546.01,32159.33
33539.24,32151.24
33544.4,32128.04
33537.32,32138.19
33543.11,32159.78
33542.39,32167.58
33542.55,32161.97
33551.82,32138.59
33547.69,32145.72
33555.45,32167.82
33559.31,32173.68
33565.52,32173.35
33565.64,32144.54
33550.48,32143.15
33554.77,32160.72
33555.38,32165.34
33556.32,32160.49
33557.86,32132.76
33542.46,32131.48
33549.32,32154.57
33545.68,32156.58
33537.65,32145.45
33537.96,32115.28
33524.73,32116.82
33526.74,32134.88
33524.29,32137.54
33527.41,32135.17
33532.89,32110.67
33524.57,32117.06
33531.26,32140.78
33541.79,32153.18
33545.81,32155.17
33550.21,32130.16
33545.88,32141.32
33546.44,32161.48
33553.27,32169.14
33554.62,32168.07
33562.37,32141.25
33550.53,32140.78
33547.64,32158.86
33561.12,32175.25
33560.61,32172.68
33562.66,32146.88
33550.35,32149.63
33552.36,32166.95
33545.45,32161.37
33537.59,32150.59
33544.56,32122.43
33525.13,32112.73
33533.41,32135.53
33534.3,32142.88
33529.67,32135.57
33528.78,32103.68
33515.05,32104.32
33525.38,32132.15
33530.77,32144.02
33533.45,32144.98
33535.39,32115.39
33525.56,32117.62
33529.49,32140.64
33544.02,32159.71
33544.8,32158.97
33549.21,32133.54
33548.76,32142.54
33550.26,32162.3
33551.62,32171.07
33548.47,32166.64
33556.54,32138.66
33550.17,32142.84
33548.63,32160.18
33551.24,32166.24
33547.08,32162.04
33544.36,32127.61
33529.61,32123.37
33532.85,32146.63
33537.9,32156.92
33536.85,32152.56
33538.07,32123.26
33537.18,32132.24
33542.43,32154.84
33546.82,32161.75
33546.68,32162.48
33550.35,32134.97
33540.85,32134.56
33544.56,32156.74
33550.62,32167.09
33553.36,32172.74
33553.12,32142.14
33548.47,32147.28
33555.45,32170.71
33558.82,32178.6
33558.46,32178.6
33561.21,32145.58
33548.27,32139.51
33545.63,32156.38
33551.89,32166.64
33545.23,32163.22
33539.35,32127.41
33533.56,32127.86
33538.66,32152.45
33539.3,32159.76
33534.5,32158.1
33534.52,32127.14
33529.31,32129.54
33533.56,32153.05
33534.34,32159.0
33530.25,32152.89
33530.75,32120.89
33525.92,32122.36
33533.96,32150.81
33541.79,32159.6
33544.91,32160.16
33549.81,32133.29
33542.59,32133.2
33554.28,32163.35
33567.51,32181.44
33563.94,32179.16
33573.21,32153.77
33566.42,32155.13
33562.89,32170.04
33563.78,32172.92
33557.66,32167.31
33546.66,32126.52
33532.73,32122.38
33535.71,32143.95
33533.63,32141.99
33536.71,32144.29
33540.13,32117.76
33526.3,32112.55
33528.24,32134.65
33532.98,32142.9
33535.89,32149.96
33537.74,32122.12
33537.05,32125.36
33536.51,32147.19
33543.69,32159.42
33538.12,32156.0
33543.84,32128.93
33544.29,32138.01
33549.32,32164.81
33558.15,32175.07
33560.14,32176.03
33564.09,32146.01
33557.7,32142.66
33555.2,32161.19
33557.21,32169.52
33545.0,32163.02
33542.55,32128.6
33536.46,32128.8
33533.0,32149.18
33534.05,32152.94
33530.43,32150.28
33523.12,32111.48
33517.07,32111.32
33518.68,32137.07
33527.14,32149.32
33520.42,32146.03
33531.88,32124.17
33533.27,32131.06
33533.67,32149.83
33542.82,32159.2
33540.85,32159.71
33549.72,32135.79
33543.46,32137.29
33541.94,32157.32
33542.93,32156.25
33539.26,32153.63
33556.09,32137.14
33543.78,32132.4
33542.93,32154.01
33548.87,32163.35
33547.04,32161.95
33543.17,32125.29
33537.65,32125.07
33538.25,32146.81
33543.13,32157.83
33538.21,32158.01
33541.03,32128.22
33528.98,32122.09
33520.26,32137.16
33531.66,32150.73
33526.99,32151.2
33526.36,32119.32
33523.57,32117.96
33520.15,32134.48
33522.0,32140.71
33519.43,32143.93
33530.48,32118.65
33527.77,32116.64
33536.67,32145.41
33546.1,32159.02
33543.86,32160.65
33541.16,32125.76
33539.33,32127.66
33542.99,32151.53
33542.17,32154.57
33538.79,32158.19
33544.22,32132.49
33530.81,32125.69
33522.65,32141.32
33528.44,32151.49
33523.39,32151.17
33516.42,32112.97
33514.9,32111.37
33517.96,32137.56
33520.33,32146.35
33519.97,32149.38
33521.65,32116.97
33515.61,32114.58
33513.73,32133.4
33518.03,32138.88
33521.07,32145.67
33528.46,32125.24
33524.02,32124.11
33527.14,32147.37
33537.88,32159.78
33538.7,32165.28
33546.59,32141.27
33542.95,32137.63
33542.99,32157.03
33551.64,32167.78
33546.44,32167.8
33549.07,32137.31
33537.85,32128.64
33535.15,32149.09
33543.51,32160.2
33538.81,32161.9
33544.98,32137.98
33543.04,32133.78
33537.92,32149.54
33544.25,32157.68
33539.37,32155.98
33534.75,32120.3
33527.57,32115.41
33527.26,32136.53
33528.82,32139.44
33526.25,32142.7
33533.47,32116.68
33532.36,32115.01
33532.49,32137.67
33547.42,32152.83
33553.27,32166.62
33555.96,32136.91
33556.63,32134.72
33553.23,32156.76
33552.52,32160.0
33548.76,32158.57
33548.83,32125.89
33537.83,32116.42
33530.14,32134.95
33541.72,32151.87
33537.41,32154.53
33545.5,32131.64
33534.54,32122.36
33528.82,32140.71
33538.37,32154.28
33537.07,32160.45
33541.29,32131.5
33533.18,32120.08
33529.54,32136.89
33540.49,32148.6
33536.09,32152.34
33531.37,32117.13
33526.99,32109.38
33533.61,32136.8
33541.25,32151.2
33537.9,32155.96
33537.43,32124.22
33529.87,32114.76
33532.82,32139.48
33546.12,32156.0
33542.43,32160.98
33542.84,32130.72
33540.54,32125.36
33540.09,32149.92
33542.32,32157.45
33536.96,32160.65
33543.17,32132.67
33536.91,32122.0
33531.84,32138.72
33538.46,32146.86
33539.26,32158.04
33541.61,32129.45
33534.52,32117.64
33535.3,32144.89
33542.05,32153.59
33534.75,32154.64
33540.45,32131.82
33534.59,32122.88
33531.82,32140.71
33536.31,32148.96
33535.33,32156.36
33541.56,32131.73
33531.73,32118.92
33529.58,32139.06
33546.3,32160.54
33540.38,32161.21
33544.43,32134.19
33541.92,32125.8
33541.5,32148.02
33544.25,32155.58
33537.65,32155.96
33538.57,32126.74
33534.68,32120.3
33535.95,32143.39
33547.29,32155.11
33545.12,32161.39
33545.9,32133.34
33545.3,32125.89
33543.46,32146.93
33545.34,32152.54
33542.66,32158.86
33544.56,32132.22
33542.21,32122.21
33543.3,32144.29
33552.67,32158.48
33551.62,32165.79
33554.37,32139.88
33547.35,32129.25
33539.86,32145.36
33541.45,32154.23
33538.97,32163.27
33533.89,32130.25
33530.23,32118.29
33529.14,32137.52
33540.07,32148.87
33536.13,32152.27
33545.9,32131.03
33547.31,32124.48
33543.11,32143.21
33550.46,32154.77
33546.75,32162.57
33550.95,32142.03
33540.38,32125.69
33533.89,32143.8
33541.05,32152.85
33536.11,32155.17
33546.59,32133.89
33544.13,32125.54
33535.24,32142.37
33545.23,32158.26
33551.33,32173.57
33560.38,32152.27
33555.91,32139.35
33552.36,32161.21
33566.02,32182.02
33560.05,32183.81
33562.66,32156.4
33557.19,32137.63
33554.95,32152.76
33558.06,32161.34
33552.23,32165.88
33558.26,32142.19
33549.14,32124.96
33539.93,32142.52
33558.98,32167.56
33552.45,32172.23
33559.29,32151.17
33558.17,32141.96
33554.64,32165.41
33562.57,32176.63
33558.93,32180.16
33558.82,32150.77
33561.5,32143.33
33557.1,32158.64
33567.04,32169.84
33567.54,32178.44
33575.4,32161.86
33575.02,32152.69
33573.35,32173.3
33578.22,32186.76
33573.68,32192.57
33575.8,32168.56
33571.83,32160.9
33564.99,32179.45
33571.18,32187.56
33562.71,32187.96
33570.75,32165.37
33567.69,32151.64
33558.86,32168.88
33563.13,32179.92
33560.81,32186.6
33567.09,32165.93
33569.32,32157.74
33561.66,32174.46
33567.98,32188.54
33571.29,32198.54
33576.43,32173.35
33576.86,32158.79
33566.6,32173.59
33573.04,32185.62
33573.5,32195.76
33578.31,32171.15
33576.97,32155.53
33572.72,32176.45
33579.49,32189.08
33572.72,32197.04
33577.21,32175.36
33570.31,32156.54
33570.57,32181.01
33584.46,32201.84
33574.91,32205.24
33580.28,32182.06
33576.16,32163.58
33568.99,32179.78
33572.16,32188.9
33568.43,32198.0
33571.31,32173.41
33566.78,32156.34
33556.74,32171.96
33565.86,32185.97
33559.27,32190.06
33563.91,32165.19
33559.22,32145.18
33558.82,32169.43
33568.27,32186.42
33566.3,32193.28
33572.01,32169.41
33573.86,32156.69
33563.69,32174.02
33573.28,32187.2
33566.51,32193.37
33573.17,32171.83
33574.78,32157.19
33570.78,32178.6
33576.3,32191.45
33572.05,32197.87
33574.58,32175.13
33569.23,32155.2
33561.05,32172.74
33570.93,32188.59
33564.99,32191.56
33572.63,32172.52
33567.85,32151.91
33559.09,32169.7
33567.54,32184.23
33564.74,32188.48
33565.68,32164.65
33566.57,32150.66
33558.95,32170.11
33565.75,32182.17
33556.47,32181.77
33559.87,32158.55
33558.57,32142.59
33559.09,32166.35
33566.98,32180.1
33564.29,32191.65
33566.3,32168.32
33566.24,32147.42
33554.53,32158.24
33564.7,32173.55
33567.58,32189.82
33569.91,32169.17
33563.51,32150.39
33555.96,32168.05
33568.14,32186.76
33566.55,32195.0
33562.73,32166.71
33564.9,32150.26
33555.91,32162.55
33560.2,32175.09
33549.21,32176.68
33551.51,32154.28
33559.82,32145.81
33554.8,32166.42
33559.94,32181.04
33556.58,32188.43
33563.38,32172.03
33566.22,32154.95
33551.73,32166.64
33562.68,32185.46
33560.67,32197.71
33563.8,32180.05
33563.11,32159.24
33553.03,32171.49
33563.31,32185.75
33558.86,32193.26
33559.0,32170.33
33557.97,32153.92
33551.46,32170.71
33561.64,32182.8
33559.71,32191.12
33560.76,32169.48
33562.62,32151.42
33554.19,32167.69
33556.2,32179.78
33553.19,32186.94
33553.66,32165.48
33562.3,32155.02
33555.6,32174.84
33556.38,32183.34
33548.16,32184.37
33553.52,32164.58
33550.82,32143.06
33543.89,32159.42
33550.1,32172.0
33545.52,32180.34
33561.25,32172.23
33561.77,32153.32
33556.58,32170.62
33557.95,32183.58
33552.29,32192.86
33562.64,32180.61
33559.27,32156.16
33550.41,32171.63
33558.48,32186.42
33556.96,32194.22
33554.3,32168.07
33559.76,32153.83
33552.94,32173.75
33560.14,32187.36
33554.39,32192.12
33555.46,32172.74
33557.34,32153.54
33549.9,32168.96
33560.32,32184.7
33556.92,32187.58
33557.01,32166.37
33561.32,32154.19
33552.16,32168.29
33560.83,32182.91
33556.43,32188.25
33562.89,32173.1
33563.85,32154.68
33555.4,32171.27
33563.33,32186.87
33558.95,32192.61
33568.5,32182.46
33568.45,32161.52
33551.93,32166.48
33559.73,32182.06
33565.23,32197.66
33568.21,32180.23
33568.59,32160.56
33562.24,32176.7
33568.72,32193.35
33569.21,32203.12
33574.02,32187.27
33574.06,32162.1
33563.22,32174.08
33561.9,32186.71
33564.25,32199.9
33567.4,32180.19
33566.8,32157.41
33559.94,32174.29
33569.73,32192.66
33563.69,32195.94
33566.04,32180.86
33569.73,32165.39
33562.57,32181.28
33573.75,32201.8
33572.5,32210.72
33576.01,32192.57
33578.62,32168.61
33570.17,32180.28
33576.9,32197.89
33570.69,32203.32
33579.02,32195.43
33577.82,32172.34
33569.26,32185.42
33578.87,32200.46
33567.43,32197.6
33571.0,32184.01
33576.57,32167.49
33567.31,32181.66
33578.98,32204.59
33576.19,32211.57
33573.48,32190.33
33571.09,32165.37
33568.36,32184.03
33570.11,32198.27
33563.87,32202.72
33570.51,32188.93
33576.27,32170.46
33568.27,32182.42
33577.57,32198.71
33572.92,32200.12
33574.91,32183.94
33583.5,32165.12
33577.71,32182.78
33582.13,32198.36
33581.82,32207.54
33585.26,32195.45
33584.01,32171.51
33572.48,32183.72
33582.27,32203.97
33583.96,32214.03
33588.88,32202.31
33586.45,32180.36
33570.02,32185.73
33574.2,32196.12
33571.22,32198.6
33574.62,32184.74
33567.13,32152.25
33556.18,32163.11
33568.59,32187.09
33564.45,32192.63
33566.11,32176.23
33570.4,32155.51
33562.95,32168.05
33572.25,32186.51
33567.69,32193.91
33576.59,32185.46
33578.53,32159.35
33569.55,32171.22
33577.01,32193.46
33571.63,32199.5
33565.23,32182.8
33570.11,32163.11
33559.04,32169.95
33570.69,32193.19
33576.03,32205.78
33580.03,32192.08
33579.34,32167.24
33569.14,32181.04
33579.45,32201.46
33576.66,32206.52
33573.75,32188.32
33584.86,32171.54
33574.02,32182.73
33579.65,32200.03
33586.29,32215.7
33588.01,32205.38
33591.05,32181.59
33581.46,32190.67
33581.84,32202.25
33585.42,32212.62
33579.34,32195.74
33578.27,32169.37
33570.48,32179.34
33571.47,32194.87
33576.36,32206.81
33582.24,32200.12
33583.41,32175.71
33582.54,32194.58
33595.83,32218.16
33600.59,32228.58
33595.05,32210.74
33594.38,32185.97
33590.0,32202.56
33593.87,32215.63
33592.68,32221.11
33594.13,32213.73
33597.64,32187.07
33588.66,32195.41
33594.98,32211.59
33591.86,32215.88
33587.25,32198.65
33584.25,32171.94
33574.2,32180.83
33581.33,32197.98
33581.57,32207.66
33575.02,32193.75
33574.06,32171.47
33564.77,32183.11
33577.3,32206.52
33578.71,32213.47
33578.76,32201.29
33578.04,32175.36
33574.04,32188.03
33575.45,32203.63
33574.58,32207.74
33575.8,32195.63
33578.78,32170.93
33567.85,32178.82
33573.73,32196.1
33570.22,32196.81
33569.5,32184.63
33572.27,32158.1
33564.7,32170.11
33572.34,32188.99
33569.82,32194.36
33567.2,32183.02
33564.29,32152.47
33563.2,32170.71
33567.65,32187.49
33566.02,32193.39
33570.82,32189.64
33570.4,32161.57
33567.16,32177.93
33574.96,32200.01
33575.96,32210.63
33572.07,32196.37
33574.82,32170.75
33569.5,32180.68
33580.12,32199.9
33574.62,32203.25
33578.64,32199.14
33580.28,32173.93
33574.93,32185.57
33576.41,32199.01
33574.75,32200.99
33577.19,32195.07
33577.77,32170.39
33571.65,32179.34
33576.21,32198.67
33573.46,32199.81
33574.24,32189.77
33575.74,32166.77
33568.99,32179.16
33580.32,32202.78
33575.25,32204.88
33572.9,32193.48
33574.29,32166.35
33563.11,32174.64
33568.32,32190.29
33569.37,32194.51
33575.76,32194.24
33583.03,32170.62
33571.04,32175.31
33571.56,32194.27
33570.31,32198.09
33567.09,32184.41
33564.38,32151.6
33561.28,32163.06
33571.65,32188.12
33573.17,32196.64
33567.51,32183.98
33567.8,32156.36
33562.95,32168.88
33566.22,32189.17
33568.43,32196.7
33567.91,32188.14
33569.66,32161.97
33565.39,32172.05
33573.86,32193.55
33572.12,32199.32
33570.04,32188.99
33577.48,32166.04
33567.43,32172.18
33574.96,32195.81
33574.75,32203.48
33570.29,32191.85
33568.43,32159.24
33559.42,32166.6
33566.82,32187.65
33570.73,32197.31
33568.92,32189.55
33565.95,32160.22
33554.8,32166.82
33564.74,32192.41
33565.46,32198.4
33558.08,32184.37
33562.39,32158.86
33556.47,32160.2
33565.99,32181.79
33567.98,32190.73
33563.73,32180.36
33569.77,32158.08
33568.25,32168.65
33575.11,32192.72
33571.94,32197.87
33584.57,32203.68
33583.59,32171.63
33570.71,32174.73
33575.54,32194.09
33581.82,32203.81
33588.14,32201.29
33586.36,32169.95
33573.53,32174.8
33570.15,32189.95
33569.57,32195.63
33575.54,32196.03
33575.56,32164.34
33566.98,32171.51
33575.76,32200.14
33578.36,32209.2
33572.99,32196.35
33580.95,32172.12
33577.41,32182.09
33581.66,32205.6
33578.82,32209.11
33576.86,32199.97
33578.27,32170.66
33574.66,32179.6
33582.4,32200.62
33583.79,32209.62
33582.87,32207.28
33583.03,32179.76
33573.55,32181.95
33579.49,32205.24
33576.25,32208.59
33572.09,32198.33
33578.78,32174.31
33564.88,32174.46
33569.61,32197.42
33565.41,32200.37
33564.12,32198.54
33568.95,32176.47
33559.96,32181.35
33567.98,32202.49
33572.61,32207.39
33570.17,32201.78
33574.91,32177.48
33570.93,32189.06
33579.0,32212.13
33579.83,32216.48
33580.95,32212.01
33592.08,32188.84
33584.37,32194.67
33587.25,32214.36
33591.05,32221.45
33590.89,32218.45
33592.93,32190.45
33583.45,32196.44
33583.94,32216.87
33585.62,32222.38
33580.84,32219.5
33577.35,32186.35
33572.7,32191.92
33572.74,32211.43
33576.57,32217.76
33581.02,32216.82
33581.37,32184.83
33571.56,32187.61
33577.75,32211.72
33581.13,32219.39
33581.15,32219.32
33584.59,32193.62
33579.89,32200.82
33583.34,32221.25
33585.21,32227.32
33583.7,32221.18
33589.73,32194.98
33586.54,32202.74
33588.17,32221.96
33592.35,32230.01
33588.84,32223.41
33593.42,32195.29
33583.43,32198.98
33583.76,32220.96
33586.69,32227.3
33577.41,32215.52
33578.98,32188.66
33564.79,32187.81
33571.94,32211.75
33573.53,32217.45
33573.28,32216.39
33579.61,32189.46
33568.39,32188.79
33573.64,32212.8
33576.1,32215.52
33576.36,32213.65
33580.88,32185.48
33580.32,32193.44
33586.11,32216.42
33589.62,32224.87
33594.78,32230.95
33594.34,32200.41
33590.07,32205.49
33597.04,32231.48
33600.55,32239.24
33599.77,32239.95
33595.65,32206.61
33581.68,32204.73
33581.98,32225.29
33580.54,32229.25
33576.23,32226.36
33575.52,32195.41
33568.03,32197.04
33572.05,32216.66
33576.92,32225.94
33575.36,32222.47
33579.88,32187.67
33564.47,32181.35
33562.53,32199.94
33566.69,32206.09
33563.89,32202.25
33567.18,32176.99
33564.43,32183.02
33575.4,32211.84
33579.88,32220.15
33582.58,32225.71
33588.59,32198.6
33583.72,32204.08
33583.79,32224.64
33586.29,32231.55
33582.96,32229.63
33587.5,32202.74
33578.53,32200.21
33581.89,32225.16
33576.63,32223.08
33575.96,32222.45
33582.33,32197.8
33572.68,32198.13
33570.69,32217.78
33575.27,32227.71
33572.99,32225.49
33572.77,32188.03
33559.51,32181.73
33558.75,32199.81
33565.77,32209.33
33559.49,32204.3
33560.43,32172.45
33555.53,32172.52
33559.6,32196.97
33568.03,32206.11
33566.13,32204.13
33569.1,32174.57
33568.32,32181.64
33575.16,32208.39
33580.16,32218.76
33578.44,32220.69
33576.45,32190.67
33564.09,32187.58
33565.75,32208.01
33568.59,32212.19
33564.09,32211.68
33563.25,32180.77
33563.31,32183.45
33563.82,32206.76
33563.91,32211.08
33566.86,32212.8
33577.77,32186.96
33571.02,32184.3
33570.51,32204.86
33577.46,32214.54
33576.81,32215.79
33578.15,32185.13
33567.67,32181.73
33568.16,32202.34
33573.5,32210.72
33570.84,32211.54
33577.35,32183.45
33570.71,32180.65
33573.57,32202.54
33580.19,32213.18
33574.33,32212.08
33576.41,32180.81
33567.34,32175.94
33568.16,32198.54
33568.16,32204.01
33559.09,32200.23
33562.04,32172.52
33554.37,32166.01
33557.99,32185.86
33564.45,32196.84
33562.2,32199.12
33570.44,32175.78
33570.15,32182.22
33574.46,32206.78
33583.11,32215.12
33588.37,32222.45
33586.76,32193.46
33566.46,32178.26
33565.34,32197.93
33564.96,32201.22
33561.5,32200.32
33562.66,32171.04
33551.91,32167.76
33540.25,32177.08
33549.05,32187.65
33540.4,32183.38
33543.24,32154.39
33539.71,32154.17
33536.45,32171.4
33540.09,32180.23
33538.75,32181.53
33532.73,32142.68
33524.8,32136.78
33528.2,32163.18
33533.11,32171.8
33525.78,32171.0
33531.57,32145.03
33528.24,32140.64
33531.44,32165.03
33537.9,32174.2
33534.97,32172.29
33537.29,32141.56
33527.28,32134.48
33520.57,32151.22
33522.9,32156.18
33518.03,32159.58
33518.34,32129.8
33515.19,32129.49
33510.32,32147.91
33516.68,32158.19
33512.26,32157.48
33516.17,32127.53
33515.64,32127.44
33516.68,32149.52
33527.77,32164.47
33520.2,32163.58
33526.12,32140.94
33528.53,32141.83
33534.7,32165.75
33544.49,32180.12
33537.47,32180.77
33546.23,32157.25
33545.59,32158.08
33538.93,32179.04
33539.77,32184.9
33536.82,32187.47
33536.51,32156.07
33527.26,32148.51
33527.04,32169.37
33531.04,32178.24
33524.06,32179.04
33522.32,32141.88
33518.47,32136.17
33514.56,32156.09
33522.61,32167.02
33526.36,32177.3
33530.61,32150.35
33521.38,32139.53
33517.07,32160.54
33530.36,32176.14
33533.05,32180.56
33542.17,32153.45
33540.33,32150.66
33538.3,32175.42
33545.86,32187.7
33547.02,32192.97
33550.7,32163.35
33545.56,32157.36
33541.61,32176.7
33548.71,32189.84
33550.88,32200.68
33551.49,32170.75
33544.18,32160.65
33539.77,32178.93
33543.33,32183.92
33537.72,32182.8
33536.02,32150.05
33526.77,32140.69
33524.82,32159.62
33533.14,32169.59
33532.11,32174.24
33531.75,32146.72
33525.78,32140.02
33523.01,32160.81
33526.01,32168.54
33528.4,32178.35
33533.29,32154.88
33533.56,32152.85
33534.16,32173.46
33541.79,32183.29
33537.43,32187.49
33541.34,32163.13
33538.1,32158.28
33538.61,32184.39
33548.47,32201.13
33540.11,32201.51
33550.84,32176.86
33551.22,32168.43
33545.23,32182.33
33549.83,32189.15
33541.7,32188.7
33540.67,32158.68
33537.25,32149.29
33534.14,32164.23
33537.07,32168.61
33533.45,32173.97
33542.41,32152.16
33536.2,32143.69
33532.02,32161.75
33542.61,32177.26
33542.52,32186.85
33537.92,32153.83
33532.29,32146.14
33527.79,32169.26
33536.73,32186.24
33534.16,32192.08
33540.25,32168.47
33546.04,32170.55
33546.14,32194.31
33553.19,32200.62
33552.29,32202.38
33557.32,32173.46
33551.82,32165.1
33547.2,32183.34
33549.88,32185.82
33546.35,32188.19
33553.68,32164.34
33545.81,32154.55
33541.61,32174.17
33551.02,32183.7
33549.59,32187.2
33550.32,32160.05
33546.52,32150.79
33546.19,32176.97
33549.14,32187.38
33547.13,32196.55
33552.56,32176.23
33541.32,32159.49
33541.23,32182.17
33549.92,32193.78
33550.77,32203.05
33556.29,32178.2
33557.7,32172.18
33559.94,32195.16
33576.3,32213.53
33573.01,32215.23
33579.96,32191.41
33580.7,32185.79
33571.22,32200.1
33578.73,32209.31
33573.3,32209.51
33571.25,32178.73
33565.64,32164.83
33552.94,32175.76
33554.06,32183.58
33548.69,32190.02
33543.62,32157.86
33535.91,32141.43
33532.71,32163.55
33532.11,32171.54
33527.62,32180.97
33533.11,32157.88
33534.41,32152.92
33535.24,32180.95
33547.98,32198.45
33551.2,32210.03
33559.71,32187.74
33559.22,32180.07
33562.66,32206.2
33570.6,32218.23
33566.78,32222.07
33572.21,32196.57
33570.08,32187.83
33564.23,32208.26
33572.34,32223.26
33568.39,32228.58
33570.69,32199.97
33569.26,32188.81
33561.9,32203.97
33565.86,32211.68
33560.88,32215.08
33564.34,32189.95
33559.11,32173.5
33551.66,32189.6
33554.57,32197.57
33544.63,32196.81
33547.26,32171.0
33541.83,32157.9
33536.54,32175.07
33549.99,32190.15
33552.56,32204.15
33557.21,32181.28
33558.1,32171.63
33554.84,32194.47
33564.09,32208.42
33561.57,32214.67
33565.9,32193.64
33566.64,32183.47
33561.64,32201.13
33569.73,32214.32
33565.43,32217.78
33567.13,32192.17
33562.91,32180.12
33558.21,32198.49
33564.81,32211.34
33557.3,32215.14
33561.79,32190.04
33553.97,32168.54
33543.3,32181.84
33546.77,32190.87
33545.81,32197.75
33545.09,32174.84
33539.91,32158.1
33530.84,32171.92
33538.77,32184.03
33541.14,32195.16
33547.26,32175.51
33550.32,32167.2
33549.36,32188.05
33555.0,32197.49
33553.01,32205.24
33558.71,32184.03
33561.32,32174.08
33554.66,32194.18
33565.25,32209.58
33562.44,32213.98
33568.63,32193.89
33567.47,32178.93
33562.91,32196.3
33567.49,32209.02
33563.13,32216.19
33564.09,32193.26
33558.42,32174.02
33547.64,32185.24
33554.62,32197.51
33549.05,32200.12
33546.93,32172.23
33537.54,32149.63
33532.38,32170.15
33542.82,32184.63
33537.0,32189.08
33537.74,32166.53
33541.56,32154.08
33532.73,32166.24
33546.57,32185.51
33552.58,32198.98
33551.71,32174.44
33549.88,32159.53
33548.49,32183.47
33559.6,32200.46
33555.31,32205.31
33556.7,32183.0
33557.07,32171.0
33550.55,32189.6
33555.73,32199.81
33553.92,32209.04
33557.63,32185.48
33559.6,32170.35
33548.8,32184.57
33555.91,32197.66
33551.78,32204.46
33553.9,32182.02
33554.71,32169.95
33546.48,32184.48
33556.92,32200.06
33553.99,32209.06
33551.04,32184.59
33552.87,32172.76
33549.5,32192.57
33556.02,32206.38
33554.53,32214.14
33554.73,32190.47
33553.57,32173.88
33547.6,32189.71
33558.44,32206.02
33556.76,32213.8
33560.03,32190.96
33558.04,32171.27
33550.91,32188.84
33560.96,32208.95
33554.71,32211.84
33559.04,32192.81
33559.06,32179.74
33549.27,32194.71
33555.51,32208.15
33550.21,32212.95
33555.64,32192.37
33557.32,32176.07
33547.55,32187.05
33548.58,32197.78
33541.68,32199.05
33547.2,32180.63
33545.03,32163.51
33537.29,32176.72
33549.03,32194.15
33547.08,32202.58
33553.86,32188.37
33550.46,32168.72
33543.93,32185.3
33557.45,32206.02
33556.18,32217.94
33557.86,32198.94
33556.74,32180.12
33546.3,32193.8
33551.44,32206.58
33552.67,32216.28
33560.27,32201.84
33564.47,32187.43
33559.04,32201.44
33569.77,32218.9
33567.25,32224.75
33572.86,32207.54
33574.06,32189.55
33566.04,32206.27
33573.23,32220.42
33565.88,32223.28
33569.26,32203.79
33568.32,32186.98
33555.62,32199.54
33564.61,32213.87
33562.95,32222.79
33561.32,32203.32
33559.2,32181.91
33550.48,32194.29
33555.49,32207.86
33556.63,32217.69
33563.4,32202.25
33568.54,32187.36
33562.8,32206.56
33572.81,32223.35
33572.61,32228.4
33578.6,32217.33
33575.43,32195.34
33564.23,32204.44
33572.5,32220.91
33569.68,32228.98
33569.57,32209.38
33567.02,32187.25
33557.79,32200.08
33564.56,32212.95
33558.93,32217.09
33559.18,32197.2
33558.33,32176.79
33553.03,32195.43
33563.33,32217.38
33556.47,32221.29
33555.93,32198.47
33555.64,32177.48
33547.22,32191.14
33560.94,32209.44
33561.32,32220.17
33563.89,32206.16
33565.25,32185.53
33558.82,32199.34
33566.26,32213.76
33564.79,32224.84
33571.49,32212.44
33572.16,32189.46
33563.47,32203.77
33569.59,32219.26
33567.11,32227.64
33570.55,32207.03
33569.7,32184.41
33559.4,32199.83
33564.41,32214.14
33563.09,32220.69
33562.68,32203.99
33559.55,32183.22
33546.93,32196.93
33555.18,32213.98
33558.08,32226.86
33559.54,32210.94
33560.36,32191.38
33552.0,32206.43
33564.47,32224.53
33562.46,32229.45
33561.59,32209.62
33560.9,32186.53
33550.26,32198.71
33554.37,32213.62
33549.79,32215.81
33558.26,32205.51
33558.66,32182.62
33553.61,32199.03
33562.46,32217.47
33561.95,32227.28
33565.12,32213.98
33568.47,32193.82
33560.81,32209.67
33568.72,32223.28
33570.38,32228.87
33567.83,32210.43
33568.25,32189.39
33559.96,32205.09
33563.13,32220.35
33559.27,32226.59
33563.51,32211.9
33567.31,32186.55
33556.27,32200.68
33563.11,32220.33
33559.89,32224.96
33562.33,32212.24
33565.21,32189.21
33561.79,32203.97
33562.33,32214.14
33562.55,32225.16
33563.0,32208.24
33560.32,32180.54
33552.11,32196.86
33561.23,32216.89
33557.79,32223.86
33561.79,32211.63
33563.76,32187.7
33552.8,32200.84
33564.7,32223.82
33564.03,32231.46
33566.91,32217.4
33568.65,32192.1
33555.42,32202.4
33562.3,32223.39
33564.92,32235.82
33569.66,32226.19
33571.94,32200.14
33556.7,32201.6
33562.55,32218.43
33560.65,32226.5
33563.31,32218.43
33557.93,32188.5
33552.38,32203.12
33559.78,32221.8
33555.64,32223.32
33557.61,32207.59
33561.95,32183.92
33552.79,32197.93
33557.1,32218.54
33556.74,32228.76
33557.5,32213.69
33564.34,32195.65
33554.57,32205.98
33560.61,32221.58
33564.9,32232.2
33564.41,32218.68
33567.76,32195.41
33559.11,32209.47
33565.43,32228.8
33563.69,32236.29
33562.51,32223.48
33565.37,32199.41
33561.37,32214.85
33565.75,32233.58
33566.86,32242.84
33570.13,32229.02
33572.79,32202.92
33566.46,32218.7
33574.62,32239.19
33571.61,32245.03
33575.96,32237.12
33574.98,32207.63
33558.33,32209.85
33561.95,32228.73
33567.2,32242.86
33572.97,32230.63
33574.58,32200.55
33565.48,32212.15
33573.84,32235.01
33576.05,32246.84
33577.37,32235.77
33581.64,32211.86
33574.49,32223.46
33576.05,32238.05
33573.64,32243.42
33569.91,32229.85
33572.34,32204.97
33565.77,32216.93
33575.18,32239.8
33576.12,32250.04
33576.77,32239.78
33578.31,32214.36
33564.18,32219.32
33568.65,32234.16
33568.03,32243.2
33566.57,32230.63
33567.16,32200.5
33556.79,32208.33
33563.42,32225.04
33561.07,32231.24
33563.11,32220.98
33566.08,32193.42
33551.13,32197.89
33556.36,32217.76
33553.14,32222.12
33552.09,32211.25
33561.25,32191.0
33556.16,32201.44
33563.51,32220.2
33563.4,32228.29
33565.73,32222.41
33568.36,32197.15
33556.07,32203.34
33562.8,32226.61
33565.93,32238.57
33562.17,32226.48
33563.22,32201.4
33552.07,32209.55
33556.18,32225.43
33560.59,32233.88
33562.86,32225.09
33561.93,32194.2
33549.9,32199.54
33553.32,32218.12
33549.01,32225.09
33549.03,32216.31
33553.95,32188.99
33539.33,32190.51
33547.46,32212.95
33549.83,32221.38
33549.77,32210.79
33553.12,32183.72
33542.75,32189.21
33548.58,32205.49
33545.81,32210.76
33546.86,32203.07
33546.75,32173.21
33533.79,32177.01
33539.8,32200.95
33539.55,32210.94
33541.86,32203.32
33550.46,32178.58
33541.9,32188.32
33545.86,32210.05
33549.25,32221.4
33548.27,32213.33
33552.67,32186.96
33541.83,32196.03
33548.47,32217.94
33551.49,32227.41
33549.16,32216.66
33548.13,32186.31
33536.06,32194.47
33537.96,32211.52
33537.99,32217.09
33536.96,32211.39
33544.6,32187.88
33535.39,32192.05
33546.61,32218.03
33546.93,32223.99
33546.91,32217.49
33555.0,32194.49
33550.95,32205.22
33556.47,32226.16
33554.15,32231.86
33556.61,32229.34
33562.73,32203.1
33554.37,32207.54
33550.37,32218.61
33551.2,32228.6
33553.3,32224.13
33557.81,32197.57
33551.06,32206.43
33557.21,32226.86
33555.69,32230.3
33557.16,32224.67
33558.35,32194.58
33546.05,32198.33
33546.77,32214.14
33544.34,32217.33
33544.91,32214.67
33546.28,32185.75
33539.89,32194.18
33548.11,32219.46
33541.45,32217.22
33540.69,32208.35
33546.08,32183.52
33536.45,32188.3
33538.9,32206.9
33541.83,32214.36
33539.37,32206.45
33549.14,32184.07
33552.63,32200.1
33556.09,32222.41
33542.01,32214.03
33545.47,32212.97
33552.71,32187.09
33546.37,32192.12
33549.88,32213.24
33543.69,32213.45
33537.47,32202.74
33537.32,32173.35
33523.37,32169.77
33522.16,32184.9
33521.27,32190.4
33515.3,32180.54
33511.7,32142.39
33501.11,32141.56
33498.4,32157.88
33503.39,32170.35
33498.65,32163.67
33495.12,32127.68
33485.66,32133.36
33491.79,32159.11
33488.63,32164.2
33484.99,32154.48
33489.53,32128.24
33482.09,32137.58
33488.72,32158.93
33491.92,32169.86
33494.56,32172.16
33499.54,32143.64
33496.26,32149.47
33505.13,32177.86
33511.39,32190.62
33512.02,32186.55
33516.57,32158.86
33502.2,32157.65
33505.73,32178.49
33506.63,32181.55
33502.71,32174.31
33503.83,32144.24
33491.7,32145.63
33493.89,32169.32
33493.06,32176.03
33496.3,32175.47
33504.08,32151.96
33493.11,32156.63
33491.76,32171.22
33495.47,32178.8
33497.82,32178.67
33499.61,32148.83
33491.74,32155.98
33494.94,32180.97
33501.69,32192.97
33503.79,32192.46
33513.78,32168.05
33505.53,32172.81
33509.38,32194.67
33511.1,32201.38
33510.54,32198.31
33513.54,32166.04
33507.48,32170.22
33508.48,32190.18
33506.52,32194.92
33509.27,32197.11
33513.22,32167.13
33502.71,32168.47
33503.72,32186.6
33504.26,32191.99
33500.64,32190.29
33504.28,32162.17
33500.1,32167.38
33500.75,32185.37
33504.23,32197.31
33500.41,32192.7
33504.46,32163.11
33493.04,32162.97
33495.34,32183.4
33502.49,32193.42
33502.87,32190.4
33508.26,32162.77
33501.26,32164.99
33505.29,32184.46
33510.76,32192.86
33510.72,32193.19
33511.3,32159.55
33504.66,32163.71
33509.15,32189.1
33517.69,32202.27
33519.19,32206.56
33526.7,32179.22
33521.43,32184.86
33528.71,32212.75
33531.88,32219.5
33528.27,32216.39
33528.35,32184.23
33517.31,32181.79
33519.59,32204.97
33526.41,32213.8
33522.14,32209.44
33526.59,32182.8
33520.33,32183.4
33520.78,32203.07
33522.95,32209.62
33523.55,32208.93
33522.81,32175.74
33515.57,32175.6
33512.21,32193.75
33512.24,32198.4
33512.17,32201.55
33513.02,32170.64
33507.79,32172.18
33508.93,32194.09
33514.85,32205.29
33521.56,32213.02
33529.83,32185.93
33525.89,32188.95
33527.41,32212.64
33526.72,32216.26
33519.93,32213.24
33519.84,32179.58
33509.58,32172.96
33513.6,32195.79
33521.09,32207.88
33518.63,32204.66
33522.5,32175.98
33513.89,32175.6
33516.6,32200.79
33520.53,32209.78
33507.63,32202.38
33508.97,32169.9
33501.96,32167.29
33504.17,32189.66
33509.09,32197.31
33511.61,32200.3
33518.16,32176.27
33512.35,32177.03
33515.64,32203.12
33520.17,32214.81
33513.91,32212.08
33512.37,32177.21
33507.63,32178.15
33510.36,32203.99
33515.77,32210.79
33518.63,32213.96
33520.08,32182.96
33510.81,32179.94
33512.37,32204.08
33519.99,32216.44
33515.23,32213.42
33518.41,32182.24
33509.71,32180.88
33506.38,32196.95
33508.5,32199.03
33502.76,32194.65
33509.76,32166.08
33505.22,32164.47
33498.87,32182.22
33501.38,32191.34
33506.0,32197.64
33512.13,32170.73
33507.41,32165.23
33508.68,32189.37
33511.72,32201.31
33508.01,32204.88
33508.97,32175.71
33498.71,32169.23
33502.11,32194.36
33515.19,32208.88
33514.99,32209.91
33520.15,32182.0
33517.49,32184.59
33516.98,32202.8
33525.43,32213.13
33524.22,32215.57
33523.1,32184.23
33512.15,32175.8
33507.63,32191.32
33510.81,32198.36
33504.3,32194.74
33506.14,32164.34
33500.1,32161.81
33496.97,32184.12
33504.21,32194.94
33503.99,32199.68
33511.07,32174.57
33508.82,32176.63
33509.98,32199.16
33516.82,32206.11
33514.05,32208.73
33515.75,32179.07
33509.53,32173.53
33507.84,32195.43
33509.93,32202.47
33505.67,32203.77
33506.54,32170.02
33501.44,32164.07
33501.89,32185.75
33509.64,32198.98
33508.91,32203.52
33512.28,32173.86
33501.08,32167.8
33500.14,32187.43
33510.63,32201.4
33507.41,32204.57
33506.76,32173.57
33495.63,32165.81
33493.3,32185.68
33496.82,32194.04
33491.92,32195.59
33500.28,32169.59
33496.79,32167.42
33496.19,32191.0
33503.88,32203.88
33504.77,32207.05
33509.76,32179.2
33503.54,32172.05
33504.73,32198.04
33513.78,32211.84
33519.14,32222.68
33523.17,32200.19
33515.88,32196.73
33516.68,32219.32
33518.41,32228.0
33510.98,32233.09
33516.66,32209.04
33513.11,32204.79
33511.79,32227.04
33520.42,32245.1
33513.55,32251.09
33516.46,32223.93
33510.05,32219.21
33506.18,32242.23
33512.28,32257.08
33512.95,32268.41
33518.12,32242.86
33510.54,32234.81
33512.66,32256.56
33517.51,32264.5
33512.44,32267.04
33515.5,32241.63
33506.36,32237.88
33509.87,32267.45
33516.39,32279.43
33508.71,32283.36
33516.73,32264.65
33514.56,32261.39
33510.92,32285.06
33519.03,32300.19
33519.17,32308.06
33523.17,32281.26
33516.46,32273.86
33510.54,32294.76
33510.47,32303.1
33509.82,32308.57
33509.24,32276.1
33500.66,32267.96
33500.1,32291.61
33510.92,32307.43
33499.99,32304.48
33506.45,32281.13
33500.75,32273.68
33498.02,32293.55
33501.26,32300.48
33501.82,32308.73
33509.46,32284.32
33505.89,32279.58
33503.36,32303.39
33508.04,32311.93
33505.67,32318.14
33511.93,32292.3
33509.49,32286.78
33507.88,32308.46
33515.86,32319.17
33516.73,32328.51
33524.96,32305.89
33517.38,32295.77
33515.79,32316.08
33521.65,32324.44
33519.93,32330.43
33524.57,32306.05
33520.95,32302.45
33516.35,32323.68
33526.54,32336.54
33521.98,32337.77
33517.29,32302.27
33511.95,32291.41
33504.82,32305.4
33514.2,32315.99
33514.54,32322.95
33515.12,32296.24
33511.48,32288.03
33505.11,32304.51
33513.96,32316.44
33512.44,32321.85
33518.36,32299.74
33515.88,32291.81
33513.71,32314.23
33522.92,32328.02
33518.65,32328.76
33524.35,32301.76
33524.51,32295.83
33526.12,32322.14
33527.64,32329.34
33525.25,32335.31
33526.74,32307.41
33516.77,32291.59
33511.99,32312.26
33522.32,32324.18
33519.95,32329.41
33523.44,32307.17
33521.65,32298.81
33514.9,32315.08
33516.84,32323.95
33513.13,32325.63
33515.79,32299.61
33511.05,32292.77
33506.56,32312.64
33517.67,32325.72
33520.08,32335.4
33521.2,32308.69
33518.74,32296.93
33518.32,32320.78
33526.39,32334.1
33520.93,32339.71
33525.36,32315.77
33522.21,32303.5
33523.5,32326.39
33534.46,32341.19
33532.93,32346.48
33536.58,32319.97
33530.72,32307.61
33525.4,32326.39
33534.52,32337.45
33525.25,32338.84
33524.8,32311.1
33517.56,32295.83
33513.0,32317.0
33514.85,32325.45
33509.78,32329.52
33508.55,32299.79
33502.43,32285.73
33501.15,32309.07
33510.76,32323.55
33505.2,32328.29
33512.68,32306.9
33511.03,32294.98
33507.3,32314.45
33516.75,32327.39
33511.88,32331.1
33518.07,32308.98
33512.77,32295.16
33509.82,32312.11
33522.86,32325.45
33518.09,32330.88
33522.79,32308.78
33524.82,32300.46
33521.18,32320.69
33524.55,32330.86
33519.43,32337.81
33524.22,32316.46
33519.64,32301.09
33509.29,32317.51
33514.2,32328.0
33506.2,32328.13
33509.62,32305.22
33501.89,32287.56
33497.13,32306.56
33507.84,32318.68
33504.5,32323.93
33509.29,32303.9
33507.32,32292.93
33501.06,32311.97
33513.85,32329.83
33516.04,32339.8
33517.82,32314.74
33510.16,32298.22
33506.61,32316.22
33513.18,32324.06
33511.43,32330.3
33519.01,32309.54
33520.82,32298.4
33515.05,32316.84
33523.44,32328.4
33522.36,32337.12
33525.27,32313.27
33524.75,32302.88
33524.46,32324.2
33525.98,32329.88
33512.53,32327.75
33515.1,32305.0
33513.36,32293.96
33504.66,32312.24
33514.52,32329.83
33512.28,32336.25
33513.82,32309.94
33512.44,32295.1
33507.99,32315.62
33511.75,32323.19
33511.52,32330.7
33517.73,32308.73
33516.73,32295.03
33510.79,32313.2
33521.11,32328.87
33521.0,32337.59
33525.61,32316.04
33520.64,32299.41
33512.26,32316.62
33519.77,32329.61
33512.57,32333.34
33508.75,32304.3
33507.25,32288.79
33500.26,32302.76
33508.21,32316.8
33501.82,32319.68
33504.62,32296.21
33502.05,32280.41
33493.89,32297.6
33499.83,32309.13
33500.61,32318.41
33502.34,32295.56
33500.95,32279.56
33490.18,32292.88
33501.42,32310.85
33499.65,32320.08
33502.05,32296.77
33497.69,32276.39
33494.73,32299.16
33503.9,32316.44
33503.25,32325.27
33513.22,32310.38
33511.81,32294.04
33510.38,32314.27
33522.7,32332.22
33519.1,32335.82
33522.68,32313.76
33518.41,32292.82
33512.24,32312.62
33517.65,32325.72
33510.16,32326.28
33513.96,32306.16
33509.4,32287.32
33502.27,32306.29
33510.43,32323.71
33505.71,32325.96
33510.61,32303.81
33509.87,32288.44
33501.91,32304.48
33509.98,32318.41
33503.52,32325.94
33510.16,32306.79
33513.31,32295.01
33502.83,32311.44
33511.59,32326.12
33513.6,32335.02
33512.62,32311.14
33513.31,32295.28
33505.82,32314.12
33517.31,32331.06
33515.5,32335.44
33520.42,32318.41
33521.56,32303.99
33514.16,32320.6
33523.1,32331.64
33516.35,32330.46
33515.97,32306.63
33514.9,32289.73
33507.43,32305.31
33512.44,32318.25
33511.39,32324.33
33512.66,32301.15
33515.9,32286.51
33512.17,32308.78
33523.55,32327.46
33517.49,32331.42
33513.78,32309.24
33510.02,32288.95
33504.41,32304.53
33521.49,32324.44
33519.77,32328.27
33520.69,32306.74
33523.28,32290.54
33518.0,32311.3
33527.68,32328.51
33525.89,32335.57
33532.73,32321.67
33531.73,32307.75
33523.55,32324.64
33529.98,32337.97
33526.16,32344.36
33524.29,32318.7
33524.11,32296.66
33519.37,32314.99
33527.68,32330.14
33525.18,32338.23
33525.89,32322.14
33528.8,32304.06
33521.51,32318.52
33525.18,32330.77
33525.02,32339.64
33531.55,32321.63
33531.59,32301.02
33525.54,32316.02
33529.92,32328.47
33524.46,32334.66
33525.18,32314.68
33526.77,32296.39
33521.76,32316.71
33526.09,32328.53
33521.34,32334.59
33522.43,32316.55
33522.72,32296.19
33516.93,32312.02
33521.67,32326.14
33527.08,32339.17
33531.73,32320.31
33529.2,32296.79
33525.34,32311.14
33534.19,32329.03
33528.15,32332.45
33531.73,32317.63
33531.82,32295.56
33519.66,32306.85
33523.39,32320.26
33520.91,32326.39
33523.91,32310.88
33518.05,32284.3
33515.68,32303.16
33524.2,32322.72
33526.34,32335.96
33529.67,32318.79
33526.25,32294.58
33518.25,32310.52
33528.96,32329.58
33524.4,32330.66
33525.87,32312.93
33528.55,32297.51
33517.42,32310.94
33523.88,32327.53
33525.65,32338.75
33524.78,32318.7
33524.53,32294.34
33519.21,32311.52
33529.52,32327.68
33523.44,32332.98
33521.29,32315.48
33522.99,32294.69
33511.81,32304.06
33516.95,32316.42
33517.22,32324.58
33516.68,32303.66
33512.04,32277.35
33506.89,32295.03
33516.6,32317.56
33513.69,32323.44
33513.76,32305.62
33512.95,32282.2
33504.84,32296.32
33511.34,32313.4
33514.85,32323.28
33518.74,32312.44
33513.82,32283.34
33509.58,32299.34
33521.07,32320.35
33521.74,32327.19
33529.7,32320.42
33527.91,32299.7
33520.39,32313.74
33529.67,32332.27
33523.55,32334.61
33526.79,32324.49
33520.78,32295.14
33511.7,32306.54
33522.27,32328.22
33518.65,32335.42
33521.16,32323.39
33520.26,32298.36
33511.19,32311.66
33516.42,32328.02
33518.29,32335.4
33516.89,32320.04
33517.36,32295.63
33507.36,32306.36
33515.75,32326.16
33513.15,32332.38
33518.03,32319.71
33520.62,32298.18
33513.49,32309.47
33520.87,32327.53
33522.72,32335.22
33521.74,32319.93
33518.27,32292.55
33511.48,32306.83
33518.45,32322.46
33517.91,32329.58
33521.11,32314.72
33518.41,32285.39
33511.84,32300.66
33520.08,32323.15
33519.68,32331.55
33525.16,32320.85
33524.51,32292.5
33513.49,32298.4
33519.59,32316.75
33519.93,32327.04
33520.3,32313.51
33517.07,32287.94
33512.71,32304.08
33518.99,32320.24
33519.79,32331.04
33516.35,32314.79
33514.85,32290.27
33506.29,32300.13
33514.32,32316.06
33509.76,32318.12
33513.6,32306.63
33515.99,32282.04
33507.03,32293.11
33517.82,32314.88
33519.32,32324.0
33523.48,32312.89
33529.58,32291.03
33514.63,32297.8
33523.12,32320.71
33523.57,32329.18
33519.55,32311.86
33522.27,32285.78
33511.59,32295.03
33519.26,32312.31
33520.38,32320.6
33519.1,32309.29
33521.04,32285.78
33515.12,32297.06
33527.66,32319.82
33522.77,32321.63
33520.08,32307.68
33527.57,32286.78
33518.14,32297.4
33520.42,32310.99
33517.58,32317.69
33522.12,32311.5
33523.14,32284.57
33514.67,32295.7
33518.74,32310.5
33519.61,32317.07
33516.33,32303.68
33514.34,32275.83
33505.73,32288.75
33518.7,32315.17
33525.25,32326.5
33527.57,32313.6
33532.82,32291.03
33521.29,32301.76
33533.11,32325.34
33533.41,32329.09
33536.98,32320.04
33538.77,32293.89
33532.85,32305.47
33539.89,32324.38
33532.49,32322.52
33527.48,32307.63
33527.04,32281.15
33519.86,32290.25
33525.07,32308.19
33525.36,32315.5
33527.35,32308.06
33529.54,32282.49
33522.68,32290.67
33529.05,32311.14
33529.79,32319.06
33531.62,32311.86
33534.19,32288.28
33527.86,32299.66
33533.49,32319.19
33540.49,32330.32
33542.26,32321.85
33545.12,32296.59
33540.0,32310.74
33545.86,32332.42
33543.29,32339.84
33549.45,32335.4
33551.31,32306.12
33539.44,32310.54
33543.93,32329.0
33543.86,32332.47
33549.77,32328.47
33552.29,32301.47
33542.95,32308.08
33547.4,32326.48
33545.63,32329.25
33541.45,32317.96
33544.56,32294.63
33540.78,32307.79
33547.6,32327.35
33543.73,32330.41
33538.99,32320.71
33538.59,32290.58
33530.1,32295.83
33540.87,32319.88
33546.19,32332.09
33545.07,32324.06
33552.47,32299.1
33544.49,32306.41
33547.46,32326.97
33551.04,32336.07
33552.71,32329.85
33553.57,32301.22
33541.79,32302.47
33540.87,32315.9
33544.09,32326.68
33547.33,32324.44
33549.52,32295.86
33546.88,32307.95
33549.36,32324.44
33553.48,32333.76
33558.44,32333.41
33559.6,32303.84
33548.07,32309.76
33551.22,32327.57
33546.39,32325.18
33545.07,32315.32
33546.57,32287.32
33534.37,32292.08
33533.67,32305.09
33537.47,32313.49
33543.89,32313.69
33543.22,32284.39
33532.0,32293.11
33540.33,32320.71
33545.18,32332.22
33548.58,32329.67
33556.85,32306.52
33548.02,32310.25
33556.63,32333.61
33563.4,32347.82
33562.84,32342.68
33568.09,32316.71
33558.33,32321.58
33555.31,32337.14
33550.28,32337.79
33547.66,32329.7
33547.26,32295.39
33535.68,32297.67
33538.39,32316.8
33536.91,32321.2
33536.4,32313.67
33542.99,32286.04
33538.77,32296.12
33548.43,32322.66
33553.3,32336.2
33553.19,32333.21
33558.46,32303.72
33554.75,32311.23
33560.54,32329.23
33561.32,32333.5
33563.02,32330.19
33563.42,32298.72
33560.11,32307.34
33564.83,32328.96
33568.81,32339.66
33571.49,32339.31
33574.38,32311.1
33565.23,32316.58
33566.02,32334.72
33565.21,32337.47
33562.73,32332.8
33563.82,32299.12
33553.54,32299.97
33557.54,32321.13
33558.5,32326.16
33568.95,32333.09
33571.83,32302.63
33562.93,32307.23
33566.04,32328.29
33571.94,32337.97
33567.91,32328.29
33572.63,32299.48
33567.8,32308.08
33571.27,32331.1
33573.39,32338.48
33575.96,32338.23
33579.47,32311.14
33578.76,32320.82
33585.35,32347.91
33586.54,32357.39
33592.77,32360.05
33591.52,32324.94
33582.63,32328.29
33589.95,32354.04
33593.57,32365.91
33587.36,32356.03
33589.82,32324.02
33579.27,32323.62
33574.26,32336.22
33573.84,32340.98
33577.15,32342.06
33576.16,32306.63
33569.26,32312.26
33573.95,32336.29
33574.22,32345.19
33569.37,32339.31
33573.5,32306.9
33563.36,32309.42
33564.18,32330.48
33571.85,32341.7
33572.27,32341.61
33579.32,32314.77
33570.82,32316.2
33577.24,32342.95
33580.63,32352.34
33580.21,32353.66
33581.57,32323.97
33573.19,32326.88
33577.53,32350.1
33584.16,32360.27
33581.86,32355.51
33583.09,32323.39
33576.21,32323.42
33576.01,32345.59
33579.52,32356.23
33576.5,32350.68
33576.07,32314.68
33567.63,32313.76
33567.4,32334.88
33570.62,32341.41
33566.8,32337.47
33574.78,32309.91
33570.89,32313.27
33570.44,32332.65
33572.3,32342.44
33570.13,32340.89
33575.45,32309.6
33568.77,32311.66
33577.01,32339.75
33581.33,32348.47
33576.1,32347.13
33579.29,32314.29
33577.84,32317.02
33575.25,32331.42
33579.56,32341.1
33570.53,32334.46
33566.89,32297.96
33559.42,32299.81
33559.91,32322.03
33565.59,32331.82
33564.09,32331.19
33566.53,32296.46
33556.14,32293.44
33553.54,32310.99
33560.07,32322.59
33561.66,32327.55
33564.77,32296.15
33558.1,32292.97
33555.24,32311.57
33555.78,32318.12
33557.41,32321.25
33563.09,32295.25
33555.49,32290.47
33554.62,32307.88
33559.0,32321.09
33556.63,32323.68
33565.66,32299.3
33558.75,32300.66
33559.0,32320.73
33567.16,32332.56
33567.09,32333.56
33574.38,32306.61
33560.38,32298.96
33563.78,32322.46
33567.49,32326.92
33557.39,32315.99
33560.18,32285.08
33555.2,32286.78
33561.37,32312.78
33564.25,32321.02
33561.68,32321.65
33570.13,32293.64
33567.13,32291.81
33561.01,32308.44
33570.62,32322.16
33565.52,32323.77
33568.0,32296.95
33560.56,32299.14
33560.16,32319.24
33558.19,32322.21
33559.91,32328.69
33567.02,32299.48
33563.67,32297.53
33566.13,32321.63
33565.97,32328.58
33561.68,32326.16
33568.5,32296.91
33563.22,32292.97
33566.71,32316.49
33573.05,32323.46
33564.94,32318.14
33568.88,32287.09
33563.51,32284.63
33562.37,32305.4
33568.7,32319.19
33568.5,32320.49
33575.18,32292.84
33569.08,32289.96
33569.86,32310.47
33573.86,32319.55
33568.74,32320.11
33573.39,32290.63
33570.33,32288.72
33573.05,32311.77
33582.96,32327.06
33571.49,32323.1
33574.46,32292.48
33576.14,32294.74
33572.68,32312.75
33577.24,32323.08
33579.41,32329.43
33582.4,32299.32
33581.33,32300.19
33580.45,32320.62
33585.33,32329.52
33578.09,32329.14
33576.21,32293.31
33570.55,32289.2
33572.27,32312.11
33578.27,32321.74
33574.02,32323.68
33578.67,32294.38
33569.44,32289.96
33568.45,32311.48
33577.37,32323.37
33578.2,32329.45
33580.88,32299.19
33577.95,32296.93
33577.66,32318.97
33583.34,32330.52
33580.39,32335.69
33585.98,32307.28
33572.83,32297.2
33569.44,32314.79
33572.63,32322.88
33574.49,32328.65
33581.66,32297.15
33578.78,32294.02
33578.82,32318.1
33589.84,32334.41
33590.74,32342.06
33598.09,32314.12
33593.42,32309.69
33587.09,32327.04
33593.46,32337.99
33585.24,32336.51
33585.37,32301.09
33579.29,32294.6
33574.64,32314.77
33578.33,32322.16
33578.53,32327.04
33581.28,32300.75
33574.73,32291.36
33582.33,32321.47
33586.49,32331.71
33578.91,32332.49
33584.23,32302.23
33581.44,32298.18
33577.44,32315.12
33586.6,32326.52
33585.66,32328.91
33588.3,32298.63
33581.33,32290.0
33582.55,32312.53
33588.37,32325.18
33586.87,32332.67
33592.23,32304.82
33584.59,32294.38
33581.77,32316.82
33594.11,32331.55
33593.46,32338.55
33595.63,32308.84
33593.4,32304.01
33598.65,32329.18
33601.0,32337.79
33597.46,32343.33
33600.41,32313.58
33589.62,32297.93
33583.96,32314.56
33592.28,32325.67
33589.91,32329.76
33591.25,32297.62
33585.93,32288.39
33585.75,32310.29
33593.69,32323.28
33592.68,32330.52
33594.54,32303.75
33591.34,32299.7
33587.61,32320.26
33594.47,32332.2
33592.95,32335.91
33594.52,32300.01
33591.07,32293.42
33592.3,32317.36
33601.91,32328.31
33601.51,32332.74
33611.01,32310.34
33606.27,32303.34
33595.54,32317.87
33603.95,32330.59
33603.25,32339.98
33605.71,32308.22
33602.47,32299.37
33597.82,32317.45
33603.93,32327.95
33603.39,32334.88
33606.67,32302.58
33601.06,32293.62
33595.43,32313.16
33601.36,32321.92
33601.69,32327.08
33606.05,32297.91
33600.23,32290.33
33600.23,32314.61
33602.79,32322.1
33601.22,32329.32
33610.25,32305.15
33604.04,32293.15
33606.25,32316.58
33609.22,32326.41
33600.44,32327.86
33609.04,32306.29
33603.07,32296.64
33598.76,32315.32
33609.76,32332.22
33611.41,32340.43
33618.79,32312.91
33612.15,32303.14
33604.19,32322.54
33607.52,32333.88
33603.84,32339.26
33604.42,32308.6
33600.93,32298.56
33596.97,32317.29
33608.53,32331.1
33605.54,32334.21
33615.75,32311.1
33609.98,32297.76
33603.9,32317.69
33612.71,32329.27
33608.48,32331.53
33611.93,32305.0
33610.47,32295.74
33612.17,32318.74
33611.9,32321.83
33608.73,32325.07
33618.18,32304.19
33611.32,32292.95
33603.14,32308.13
33611.37,32319.04
33610.23,32330.1
33609.04,32302.14
33599.12,32287.12
33591.36,32301.91
33604.71,32321.81
33601.69,32325.0
33606.76,32298.52
33604.89,32288.84
33603.7,32311.95
33612.2,32325.61
33616.57,32333.65
33620.89,32307.93
33612.69,32291.7
33607.81,32309.74
33611.73,32317.07
33605.8,32318.7
33605.67,32290.22
33599.16,32275.65
33590.91,32294.54
33602.18,32307.68
33601.91,32315.06
33602.92,32287.03
33598.31,32274.09
33595.18,32295.81
33608.11,32308.66
33602.11,32312.04
33610.94,32292.57
33606.74,32278.96
33599.88,32297.58
33611.28,32311.81
33607.23,32315.73
33609.78,32291.38
33607.5,32281.77
33605.02,32305.85
33613.76,32319.12
33604.21,32318.92
33611.52,32296.06
33608.35,32281.3
33605.24,32301.47
33612.13,32313.11
33606.7,32316.84
33607.55,32287.94
33607.7,32275.27
33610.12,32300.35
33618.77,32312.98
33616.29,32324.69
33620.66,32304.66
33613.94,32287.21
33607.57,32306.05
33616.71,32318.5
33612.51,32323.71
33613.8,32297.89
33609.47,32281.06
33599.61,32294.43
33603.59,32302.05
33599.45,32304.48
33599.63,32277.21
33602.83,32269.48
33599.68,32290.38
33607.28,32302.81
33601.8,32308.6
33604.37,32283.27
33599.07,32266.82
33595.99,32287.12
33603.93,32297.2
33599.3,32302.58
33605.42,32281.75
33603.16,32266.35
33599.23,32288.3
33604.5,32300.86
33601.76,32307.79
33608.6,32289.4
33609.8,32275.02
33602.25,32290.29
33610.32,32303.1
33607.03,32306.41
33606.9,32279.65
33608.44,32266.06
33608.17,32288.19
33622.12,32305.94
33618.63,32312.98
33621.27,32291.25
33610.36,32267.04
33602.07,32283.03
33612.11,32300.55
33602.58,32300.62
33605.02,32276.48
33604.59,32263.27
33600.32,32284.5
33608.46,32297.35
33607.28,32303.7
33610.72,32283.14
33611.52,32270.46
33613.29,32292.84
33622.7,32309.2
33620.8,32316.4
33625.05,32295.81
33618.23,32273.88
33613.69,32292.66
33621.85,32309.42
33620.55,32318.95
33627.08,32298.87
33621.96,32280.41
33614.96,32296.91
33625.65,32312.04
33623.86,32318.56
33627.37,32295.79
33627.06,32279.34
33619.57,32297.13
33631.2,32312.37
33641.14,32332.67
33643.24,32317.25
33621.25,32275.31
33609.09,32288.5
33615.26,32301.49
33601.36,32294.96
33600.8,32272.07
