40052.04,34120.74
40120.89,34169.89
40197.04,34230.76
40115.17,34184.6
40008.17,34101.86
40046.41,34116.38
40112.08,34156.39
40196.55,34225.57
40116.2,34180.53
40013.55,34098.73
40056.07,34122.15
40122.68,34169.63
40198.56,34236.21
40117.71,34187.33
40021.31,34109.45
40065.03,34132.21
40132.96,34183.26
40203.43,34248.48
40125.47,34199.13
40024.48,34114.86
40067.02,34138.31
40132.24,34181.25
40207.99,34249.46
40133.32,34203.62
40036.53,34123.58
40071.27,34141.86
40132.58,34184.58
40199.1,34251.01
40118.43,34199.24
40021.96,34117.93
40062.13,34139.25
40134.77,34196.16
40217.76,34277.32
40135.11,34221.1
40029.11,34120.36
40063.02,34137.62
40130.32,34195.44
40210.65,34271.21
40140.36,34219.43
40037.67,34122.71
40074.71,34143.12
40146.59,34199.62
40217.22,34273.31
40131.3,34210.28
40030.48,34117.79
40065.05,34145.82
40137.23,34202.71
40209.73,34272.06
40135.15,34215.25
40030.81,34114.53
40071.47,34144.7
40138.48,34208.41
40218.54,34293.52
40137.9,34218.6
40029.36,34109.41
40072.18,34147.07
40143.91,34207.15
40219.26,34290.68
40132.02,34213.01
40025.6,34108.29
40068.79,34144.25
40138.03,34203.78
40219.55,34291.06
40139.55,34222.93
40029.13,34111.13
40067.42,34144.48
40136.8,34210.86
40221.18,34301.03
40144.04,34228.97
40035.08,34116.67
40072.74,34152.32
40146.82,34221.7
40239.6,34324.43
40139.91,34229.1
40009.96,34091.01
40055.06,34130.26
40121.31,34187.95
40208.86,34282.23
40117.51,34199.4
40002.71,34080.35
40045.74,34124.16
40120.06,34191.86
40210.41,34287.48
40123.97,34201.03
40003.36,34074.18
40039.59,34111.36
40118.41,34184.69
40207.3,34285.16
40122.72,34210.86
40008.26,34088.62
40050.03,34126.93
40124.82,34196.07
40218.21,34298.08
40128.46,34214.3
40004.59,34091.62
40050.14,34140.72
40134.57,34215.25
40226.66,34307.87
40140.89,34231.85
40011.1,34102.97
40056.74,34148.19
40137.36,34212.43
40236.49,34309.46
40153.52,34232.7
40027.61,34111.51
40071.18,34153.82
40148.7,34220.81
40233.56,34310.3
40151.49,34238.13
40026.16,34116.61
40066.02,34150.76
40143.02,34209.07
40234.17,34295.2
40149.01,34228.25
40024.17,34113.1
40068.5,34149.48
40146.1,34209.48
40238.37,34299.0
40157.88,34233.55
40027.84,34118.33
40071.85,34153.26
40148.83,34212.76
40245.41,34302.93
40157.34,34240.21
40026.96,34125.28
40071.29,34156.68
40152.43,34216.21
40239.82,34288.13
40153.28,34224.25
40024.75,34121.19
40063.69,34147.14
40145.95,34204.0
40242.62,34284.73
40157.81,34222.09
40043.06,34134.44
40089.13,34173.22
40155.45,34216.94
40243.06,34288.0
40177.33,34248.66
40053.74,34153.2
40086.82,34175.26
40167.96,34228.25
40272.32,34314.96
40194.07,34264.42
40065.05,34163.81
40097.84,34183.21
40180.39,34240.21
40275.03,34320.54
40195.12,34273.47
40064.29,34174.74
40101.44,34193.99
40182.02,34245.53
40276.28,34317.32
40193.78,34266.21
40060.56,34172.17
40099.43,34197.52
40179.34,34245.17
40280.12,34317.95
40208.42,34282.68
40072.12,34188.2
40108.73,34204.49
40187.27,34246.43
40288.55,34325.53
40208.02,34287.33
40070.26,34191.64
40111.75,34215.6
40189.26,34257.6
40287.88,34326.73
40206.16,34281.92
40060.74,34179.3
40108.77,34208.32
40187.96,34256.39
40291.16,34329.64
40215.95,34297.88
40069.99,34199.26
40101.09,34207.42
40181.26,34251.84
40290.89,34323.52
40210.79,34288.34
40058.21,34192.2
40093.42,34202.48
40173.77,34241.62
40286.34,34316.83
40208.86,34282.68
40059.38,34187.53
40096.26,34201.21
40178.98,34242.51
40286.11,34313.57
40208.77,34285.86
40053.83,34193.38
40092.08,34207.91
40175.65,34245.87
40285.89,34311.4
40197.93,34275.26
40043.8,34188.47
40087.61,34212.54
40174.11,34251.61
40282.96,34313.39
40362.42,34740.2
40336.98,34698.31
40220.0,34494.82
40214.07,34494.29
40276.3,34598.11
40348.94,34731.91
40322.1,34687.31
40214.39,34489.68
40214.18,34493.68
40276.41,34600.36
40345.52,34730.95
40323.89,34693.41
40219.57,34502.33
40220.02,34505.48
40282.67,34608.88
40354.57,34739.55
40326.39,34696.5
40216.24,34497.5
40210.07,34492.83
40283.43,34608.77
40356.16,34740.85
40323.55,34691.14
40211.03,34488.65
40210.77,34491.11
40276.75,34597.35
40340.56,34724.02
40318.19,34689.68
40202.81,34487.49
40200.04,34486.3
40268.68,34597.95
40332.18,34724.8
40304.02,34679.94
40192.61,34478.75
40193.2,34482.3
40252.83,34582.64
40326.34,34714.71
40312.69,34687.47
40197.13,34482.01
40190.2,34474.23
40267.54,34591.67
40340.32,34729.91
40307.79,34682.33
40187.23,34466.3
40189.75,34469.23
40260.79,34584.0
40323.24,34708.66
40299.25,34673.05
40196.91,34482.73
40195.95,34478.32
40249.19,34569.23
40326.93,34705.91
40312.15,34678.06
40189.82,34471.89
40177.97,34461.88
40243.18,34568.6
40323.02,34712.21
40303.97,34682.38
40195.05,34481.79
40192.28,34477.27
40256.3,34579.89
40328.98,34711.07
40310.32,34680.03
40199.48,34484.47
40196.91,34483.2
40255.4,34584.54
40326.64,34722.47
40303.61,34686.42
40186.4,34480.63
40180.21,34471.73
40253.46,34583.38
40327.64,34717.18
40304.06,34683.07
40187.25,34478.26
40184.73,34474.48
40249.48,34581.59
40320.24,34713.22
40297.82,34681.14
40183.7,34477.92
40183.76,34475.51
40245.7,34580.67
40312.91,34711.21
40289.58,34675.07
40176.21,34473.34
40175.0,34470.95
40243.09,34580.9
40318.21,34717.2
40297.87,34684.56
40179.52,34475.57
40179.63,34476.0
40250.3,34589.52
40322.37,34725.42
40297.47,34693.91
40183.83,34487.94
40187.5,34485.37
40252.43,34591.85
40318.77,34721.07
40300.55,34692.41
40185.86,34486.82
40178.29,34475.91
40240.43,34580.9
40317.02,34721.07
40303.64,34697.98
40181.84,34484.43
40169.95,34476.22
40241.01,34591.74
40320.49,34732.26
40301.87,34704.34
40186.04,34497.1
40185.15,34493.32
40255.78,34605.64
40327.17,34739.82
40313.49,34716.71
40194.89,34508.14
40188.3,34498.98
40249.41,34601.8
40322.05,34736.29
40296.98,34701.95
40175.2,34490.51
40169.17,34479.2
40234.43,34587.45
40306.03,34722.63
40286.8,34697.48
40177.46,34496.59
40167.07,34480.2
40231.98,34587.13
40308.29,34726.68
40296.82,34708.1
40175.45,34494.84
40166.64,34482.79
40232.11,34590.98
40312.13,34730.43
40296.28,34707.68
40178.71,34502.06
40170.15,34489.99
40234.05,34595.76
40310.34,34733.83
40288.93,34705.04
40169.75,34493.08
40165.41,34484.56
40231.15,34592.14
40300.73,34722.83
40289.11,34704.59
40172.18,34497.97
40156.23,34477.99
40219.21,34580.18
40292.84,34713.87
40281.11,34694.51
40161.95,34487.6
40152.88,34473.86
40221.14,34585.55
40298.56,34724.95
40285.8,34705.62
40171.63,34498.06
40162.73,34483.98
40224.62,34588.5
40298.25,34722.79
40281.89,34701.35
40166.53,34494.21
40160.12,34480.54
40222.59,34584.5
40297.31,34718.94
40287.39,34701.6
40170.13,34494.78
40158.02,34479.46
40216.71,34580.07
40287.09,34713.02
40282.07,34703.92
40162.82,34491.47
40143.15,34466.9
40211.7,34575.78
40287.66,34710.43
40276.01,34696.52
40158.57,34488.72
40154.19,34478.1
40223.95,34586.26
40296.15,34718.16
40288.95,34707.7
40173.48,34499.54
40159.47,34480.34
40227.39,34591.85
40295.79,34721.71
40278.51,34700.93
40159.16,34489.55
40147.38,34471.21
40218.25,34584.18
40300.02,34728.89
40292.19,34716.39
40176.3,34507.94
40156.96,34481.7
40218.95,34587.2
40292.39,34721.15
40283.23,34706.02
40166.13,34496.86
40152.2,34480.36
40222.5,34589.61
40293.46,34722.41
40292.95,34716.44
40173.55,34503.74
40159.02,34484.74
40223.55,34589.68
40296.02,34722.43
40283.68,34708.97
40170.84,34501.66
40155.22,34479.42
40220.06,34586.77
40285.96,34715.57
40268.92,34699.81
40156.94,34495.29
40147.53,34481.77
40207.3,34582.68
40277.75,34713.58
40273.02,34706.04
40158.73,34497.86
40144.76,34479.6
40209.78,34588.96
40281.38,34722.14
40269.48,34708.37
40154.68,34501.35
40140.8,34474.48
40213.45,34587.45
40293.11,34728.13
40287.57,34721.22
40170.38,34512.97
40149.05,34482.21
40207.52,34582.77
40280.05,34717.38
40271.16,34706.34
40153.34,34495.6
40136.94,34472.54
40208.57,34583.51
40282.83,34720.68
40270.27,34711.72
40144.27,34496.36
40125.85,34464.22
40186.16,34561.34
40263.4,34696.63
40265.48,34698.36
40148.38,34491.24
40133.32,34468.47
40198.25,34576.25
40277.98,34716.64
40282.27,34720.39
40166.39,34511.18
40146.97,34481.75
40202.18,34576.38
40274.51,34711.41
40263.07,34698.63
40145.25,34492.85
40125.14,34468.8
40182.49,34565.83
40252.76,34693.66
40254.51,34694.96
40135.77,34489.1
40113.47,34456.29
40174.06,34554.43
40244.76,34679.87
40238.95,34672.41
40114.61,34459.86
40093.95,34434.34
40161.43,34543.35
40234.73,34678.3
40226.05,34671.38
40110.58,34464.36
40091.54,34434.45
40158.89,34542.3
40223.48,34665.61
40228.38,34671.2
40117.56,34470.5
40088.48,34430.47
40146.46,34527.99
40217.85,34662.04
40218.3,34663.78
40101.62,34449.89
40087.5,34422.45
40148.96,34524.46
40218.18,34659.57
40210.16,34658.82
40099.61,34455.79
40081.41,34423.56
40139.57,34522.02
40216.82,34661.12
40219.19,34664.56
40104.19,34456.24
40087.25,34430.67
40154.66,34539.84
40221.2,34665.86
40222.48,34671.4
40114.61,34469.5
40105.58,34448.15
40169.86,34554.07
40241.81,34686.75
40230.14,34679.87
40115.19,34471.69
40098.22,34445.8
40154.82,34544.62
40222.84,34670.59
40227.39,34679.36
40113.13,34473.05
40098.27,34446.12
40153.77,34541.56
40225.56,34674.8
40229.41,34684.07
40118.54,34483.8
40095.88,34447.1
40145.41,34531.86
40219.26,34665.99
40234.01,34689.86
40125.52,34488.67
40106.49,34455.95
40171.22,34559.33
40250.68,34700.14
40256.65,34711.03
40138.21,34500.21
40119.08,34467.42
40191.21,34577.81
40270.0,34717.69
40268.75,34722.07
40147.44,34508.37
40126.21,34473.32
40189.31,34576.47
40262.49,34710.31
40261.21,34711.21
40152.02,34510.29
40135.33,34480.31
40192.93,34577.5
40266.29,34710.27
40273.68,34725.27
40164.63,34524.5
40143.75,34489.72
40201.51,34587.16
40274.24,34719.95
40280.32,34734.39
40164.23,34525.96
40136.94,34483.24
40195.21,34581.14
40267.2,34715.01
40267.65,34725.11
40155.78,34520.84
40134.79,34485.19
40193.84,34584.68
40264.63,34716.95
40267.92,34728.3
40148.27,34516.1
40121.78,34472.29
40185.95,34572.85
40255.85,34703.47
40266.29,34725.6
40156.0,34523.12
40136.45,34484.92
40192.44,34580.18
40262.73,34709.78
40264.97,34722.09
40148.45,34513.51
40124.09,34474.59
40189.26,34582.08
40268.57,34720.59
40268.23,34730.96
40154.55,34524.57
40132.46,34487.46
40192.55,34587.27
40266.29,34721.0
40270.58,34735.64
40154.66,34527.66
40130.32,34485.79
40193.24,34587.85
40264.39,34721.22
40263.11,34731.32
40141.86,34517.24
40113.67,34469.74
40177.73,34572.07
40257.75,34713.78
40270.82,34734.9
40149.12,34520.37
40125.0,34478.97
40186.82,34580.52
40255.76,34709.87
40265.68,34731.1
40153.23,34525.15
40129.79,34483.0
40191.74,34586.29
40260.05,34716.48
40265.01,34733.25
40148.49,34523.39
40123.41,34480.67
40189.26,34584.2
40264.07,34717.4
40273.73,34738.36
40157.1,34531.79
40124.06,34483.91
40183.07,34581.63
40253.39,34710.94
40258.75,34728.35
40146.82,34525.57
40121.4,34481.52
40176.97,34577.12
40253.1,34713.62
40259.94,34734.97
40145.18,34532.35
40115.75,34481.57
40177.71,34580.29
40250.55,34713.62
40259.16,34735.06
40149.48,34533.54
40117.67,34481.57
40169.21,34572.18
40245.75,34706.6
40259.85,34732.64
40143.35,34525.42
40113.96,34475.26
40173.68,34574.21
40252.79,34712.48
40259.58,34735.77
40147.49,34533.4
40119.84,34485.81
40175.88,34581.88
40251.15,34719.16
40260.25,34741.27
40151.87,34540.46
40122.27,34491.67
40178.49,34587.49
40247.87,34716.82
40255.87,34739.82
40144.56,34536.39
40115.79,34484.49
40173.41,34584.63
40244.8,34718.98
40254.73,34744.18
40142.12,34539.64
40113.24,34490.64
40167.65,34585.48
40242.26,34720.04
40254.21,34745.81
40142.46,34542.03
40111.99,34490.44
40173.93,34593.68
40247.33,34725.47
40260.72,34755.06
40146.88,34547.95
40107.72,34484.56
40166.82,34582.98
40242.66,34720.55
40257.52,34750.84
40140.91,34541.98
40103.36,34481.12
40165.52,34580.2
40242.93,34717.2
40256.74,34747.35
40142.14,34540.44
40102.7,34477.83
40159.98,34571.69
40237.45,34708.7
40251.24,34738.81
40140.4,34535.52
40107.05,34480.98
40159.24,34572.65
40236.11,34707.99
40245.95,34733.43
40131.8,34527.43
40101.04,34475.29
40163.51,34578.39
40232.71,34704.97
40244.18,34732.29
40135.59,34530.79
40100.88,34474.91
40159.71,34571.24
40237.63,34706.29
40254.24,34740.82
40145.09,34540.73
40113.56,34485.63
40167.34,34577.12
40237.27,34705.78
40261.23,34747.04
40144.6,34540.35
40110.2,34483.51
40174.93,34583.82
40253.05,34718.47
40261.37,34741.83
40142.46,34534.11
40110.27,34476.76
40162.71,34567.02
40236.8,34701.62
40254.13,34736.11
40137.72,34528.57
40104.95,34473.72
40167.52,34577.66
40240.96,34711.27
40261.46,34745.88
40151.87,34542.86
40116.2,34484.72
40176.97,34585.43
40252.27,34721.87
40265.73,34755.57
40147.44,34547.48
40111.79,34489.3
40167.6,34582.93
40240.58,34714.25
40257.43,34750.1
40145.07,34547.88
40104.04,34484.45
40156.32,34572.43
40231.57,34707.39
40250.98,34748.71
40134.75,34542.43
40099.68,34477.81
40164.38,34580.23
40237.56,34710.34
40248.98,34740.96
40138.1,34540.24
40101.71,34481.07
40158.82,34577.28
40241.81,34719.52
40263.87,34761.68
40142.39,34549.61
40107.23,34486.82
40162.42,34577.93
40240.02,34711.45
40260.32,34751.66
40151.0,34553.74
40114.47,34490.3
40168.27,34581.63
40235.91,34709.64
40249.66,34749.21
40143.33,34553.96
40108.95,34497.93
40165.3,34592.96
40237.41,34721.27
40252.36,34754.93
40135.53,34547.39
40101.73,34490.04
40157.28,34583.96
40232.49,34716.57
40252.05,34755.8
40137.77,34547.48
40098.85,34480.89
40161.34,34579.89
40240.78,34716.75
40256.03,34753.07
40141.86,34549.96
40103.68,34486.57
40163.09,34584.29
40237.48,34716.73
40255.02,34756.31
40143.8,34554.57
40106.74,34490.28
40163.67,34584.92
40234.88,34714.02
40251.36,34753.52
40139.06,34550.66
40099.92,34483.29
40145.83,34569.21
40219.35,34703.56
40242.17,34747.2
40136.45,34551.15
40093.57,34484.09
40151.24,34579.62
40224.62,34711.66
40245.39,34754.93
40132.22,34552.02
40090.24,34482.32
40151.29,34579.38
40228.54,34714.7
40250.62,34757.81
40137.83,34555.5
40097.66,34488.72
40152.09,34581.46
40226.34,34711.27
40251.54,34760.25
40146.88,34567.33
40108.68,34503.58
40158.02,34590.17
40228.31,34716.24
40249.97,34764.18
40147.33,34573.3
40100.84,34494.73
40153.93,34583.24
40227.42,34714.58
40250.37,34760.38
40139.73,34565.09
40100.37,34498.87
40157.39,34592.14
40225.98,34718.74
40248.47,34765.3
40138.03,34568.98
40103.07,34501.61
40156.88,34593.91
40230.95,34726.32
40256.23,34772.59
40142.82,34571.24
40099.05,34500.0
40152.76,34591.27
40230.52,34725.63
40254.46,34773.08
40140.49,34573.97
40091.47,34495.02
40148.38,34588.14
40220.49,34716.48
40241.88,34761.63
40129.25,34561.99
40085.62,34487.0
40144.74,34579.22
40216.96,34707.74
40235.24,34753.96
40127.79,34558.72
40090.24,34490.64
40143.55,34583.18
40214.86,34712.84
40241.25,34766.1
40134.14,34571.35
40088.57,34492.7
40139.29,34578.46
40212.62,34709.78
40244.71,34768.88
40140.89,34573.5
40088.48,34488.0
40147.11,34584.34
40220.42,34715.19
40245.95,34768.07
40137.27,34571.2
40092.79,34496.43
40142.75,34583.58
40218.03,34715.23
40242.06,34766.64
40128.13,34565.96
40087.83,34492.52
40150.97,34591.27
40232.87,34729.69
40269.37,34792.59
40157.1,34595.47
40105.69,34511.0
40157.52,34596.25
40232.87,34726.7
40262.13,34783.23
40156.18,34590.73
40108.82,34508.99
40164.56,34600.48
40240.98,34738.34
40262.31,34793.3
40156.29,34600.84
40107.12,34513.19
40158.33,34597.68
40237.77,34734.01
40269.19,34793.42
40164.54,34602.42
40105.64,34508.07
40149.68,34587.04
40229.38,34727.08
40268.14,34796.88
40157.79,34601.93
40101.96,34509.64
40155.33,34595.45
40236.02,34731.73
40269.17,34794.45
40164.18,34606.49
40109.87,34511.88
40155.18,34588.72
40232.82,34728.95
40267.88,34800.95
40159.58,34606.11
40110.94,34512.34
40163.58,34598.22
40249.97,34743.04
40286.29,34810.45
40170.29,34606.02
40116.26,34514.8
40158.64,34590.46
40234.1,34724.44
40273.24,34800.17
40173.48,34618.8
40114.52,34523.18
40166.91,34602.71
40253.05,34743.24
40288.91,34812.98
40182.38,34621.4
40127.91,34527.07
40185.89,34619.01
40265.28,34756.34
40295.81,34819.17
40194.76,34632.02
40132.06,34528.93
40179.34,34609.08
40258.35,34748.82
40294.79,34823.32
40190.58,34637.45
40135.39,34542.12
40178.06,34615.63
40253.03,34746.07
40291.61,34818.65
40190.83,34636.22
40130.28,34538.18
40165.77,34607.68
40244.83,34741.16
40286.98,34815.88
40183.32,34626.79
40128.82,34535.03
40173.39,34613.89
40251.15,34749.77
40293.2,34831.35
40192.48,34644.06
40132.46,34539.12
40180.59,34616.41
40262.26,34755.91
40303.19,34832.64
40199.93,34647.64
40138.23,34548.93
40179.9,34621.71
40242.73,34742.7
40276.61,34809.04
40174.78,34623.23
40117.4,34526.07
40163.2,34605.15
40230.64,34734.07
40260.21,34798.02
40155.78,34606.87
40095.47,34504.95
40148.78,34592.52
40235.31,34741.07
40271.11,34811.37
40153.39,34608.73
40092.84,34505.71
40147.11,34592.41
40225.72,34731.04
40266.62,34806.43
40171.09,34623.39
40108.37,34520.77
40156.65,34604.34
40235.57,34738.68
40270.71,34807.23
40167.29,34619.43
40105.24,34516.03
40142.64,34588.72
40221.79,34728.71
40267.8,34811.48
40148.34,34605.13
40077.88,34490.17
40130.21,34572.8
40215.66,34715.05
40252.0,34789.77
40150.01,34604.99
40094.25,34507.18
40141.18,34587.11
40222.28,34724.17
40262.84,34799.36
40158.95,34610.89
40104.86,34515.29
40160.07,34603.52
40236.56,34735.23
40276.08,34810.52
40165.39,34616.55
40098.29,34508.05
40153.32,34596.03
40234.01,34726.54
40262.44,34789.62
40158.17,34604.39
40103.63,34512.01
40154.59,34598.96
40228.04,34728.38
40263.63,34797.39
40152.27,34601.82
40101.8,34507.49
40156.25,34593.97
40232.76,34726.59
40270.0,34803.74
40162.3,34615.72
40108.48,34519.14
40162.13,34608.43
40236.85,34738.86
40278.11,34812.62
40174.06,34624.5
40119.88,34530.43
40165.68,34612.59
40238.77,34743.48
40278.49,34818.36
40171.85,34629.96
40117.0,34531.61
40165.61,34614.31
40234.23,34739.95
40268.77,34812.93
40166.2,34627.19
40106.89,34522.6
40157.9,34607.45
40234.97,34742.25
40273.42,34818.83
40168.9,34633.02
40118.83,34539.61
40164.77,34622.23
40248.11,34759.93
40294.52,34841.88
40188.84,34656.13
40130.43,34550.12
40179.11,34630.23
40260.21,34765.57
40305.74,34849.92
40202.58,34666.53
40143.08,34561.29
40185.51,34634.74
40259.58,34762.28
40298.83,34838.95
40201.36,34659.24
40142.26,34559.17
40186.0,34638.96
40256.9,34765.32
40298.59,34844.82
40193.46,34663.06
40131.73,34558.68
40175.79,34636.78
40251.0,34764.88
40299.64,34850.26
40205.07,34675.31
40141.52,34565.03
40183.52,34637.63
40260.39,34771.02
40310.59,34860.32
40211.37,34681.55
40146.55,34566.88
40192.82,34641.52
40262.66,34769.07
40301.78,34851.58
40203.37,34674.82
40137.63,34564.11
40183.61,34639.93
40259.22,34767.45
40303.84,34853.1
40205.47,34678.21
40134.34,34561.88
40179.47,34635.99
40253.79,34762.13
40295.54,34843.06
40201.02,34671.09
40134.01,34553.88
40179.47,34631.59
40262.06,34768.9
40310.36,34858.66
40213.45,34686.17
40145.61,34567.98
40193.42,34643.28
40270.13,34772.7
40319.1,34865.77
40219.46,34691.36
40147.53,34569.86
40190.8,34643.95
40273.71,34779.52
40322.66,34867.67
40226.81,34689.7
40153.86,34568.58
40204.15,34648.55
40286.13,34788.01
40323.35,34867.74
40220.31,34687.13
40155.71,34576.43
40201.82,34653.68
40278.04,34785.3
40324.73,34873.93
40230.1,34696.88
40164.54,34579.0
40218.61,34663.84
40295.43,34799.63
40338.5,34886.31
40242.1,34710.43
40174.89,34591.65
40217.67,34665.16
40299.97,34808.48
40349.28,34904.19
40246.86,34725.11
40178.6,34604.59
40227.3,34680.59
40301.16,34810.14
40342.39,34894.04
40243.91,34720.93
40172.21,34598.84
40214.12,34668.02
40291.84,34802.54
40343.22,34899.41
40249.48,34726.96
40176.86,34603.5
40223.93,34679.87
40298.09,34808.66
40348.94,34905.55
40259.47,34740.4
40187.05,34614.69
40228.67,34682.06
40310.54,34817.51
40366.29,34918.92
40271.09,34747.73
40196.82,34622.32
40233.63,34691.2
40314.41,34827.08
40364.93,34921.58
40270.4,34747.35
40187.61,34610.47
40221.05,34676.0
40305.18,34816.95
40357.39,34917.52
40261.21,34748.89
40183.38,34618.2
40223.08,34682.39
40301.56,34810.45
40357.48,34910.94
40268.61,34744.36
40198.0,34622.2
40243.06,34701.37
40317.54,34831.08
40353.95,34907.43
40259.6,34733.52
40197.93,34619.39
40251.49,34703.94
40331.17,34836.78
40369.53,34917.8
40266.71,34739.26
40203.43,34625.55
40251.18,34704.64
40324.4,34830.63
40365.08,34910.92
40269.97,34735.39
40196.23,34607.83
40240.65,34683.0
40317.83,34814.99
40361.68,34902.38
40261.04,34726.88
40193.24,34609.57
40250.06,34696.16
40327.84,34828.02
40364.93,34909.82
40264.16,34730.83
40198.07,34611.65
40250.66,34698.58
40335.24,34836.73
40379.59,34923.66
40280.05,34749.9
40209.78,34628.71
40250.21,34700.48
40326.5,34827.13
40369.75,34913.38
40275.54,34748.45
40205.96,34632.15
40246.19,34703.09
40315.66,34824.4
40366.55,34920.64
40265.28,34746.48
40194.18,34620.93
40233.92,34689.48
40301.6,34808.13
40346.68,34899.88
40261.14,34740.49
40195.07,34623.39
40234.55,34691.85
40314.43,34822.54
40361.8,34912.15
40275.56,34749.27
40209.25,34629.69
40254.62,34706.34
40326.73,34830.92
40372.01,34920.93
40277.3,34754.59
40207.68,34631.57
40251.87,34705.17
40319.06,34826.07
40362.31,34911.88
40272.88,34749.09
40200.86,34625.45
40249.01,34703.34
40321.65,34827.68
40371.63,34918.32
40281.08,34752.89
40209.91,34626.56
40253.84,34701.98
40330.5,34832.02
40374.31,34922.39
40279.88,34757.77
40207.28,34630.23
40252.38,34704.84
40328.47,34833.23
40379.43,34926.93
40290.61,34765.75
40211.21,34631.28
40251.91,34700.25
40330.5,34832.04
40382.23,34932.67
40287.48,34768.59
40205.89,34630.79
40243.27,34695.85
40324.56,34826.9
40376.12,34926.57
40292.46,34771.91
40215.93,34637.29
40252.45,34700.93
40323.62,34825.58
40379.45,34929.11
40303.1,34780.86
40217.87,34639.57
40250.15,34702.96
40320.29,34827.26
40374.56,34927.68
40292.91,34774.82
40211.03,34635.64
40248.27,34698.42
40325.7,34828.31
40386.79,34937.32
40299.88,34781.84
40210.27,34635.28
40244.45,34694.73
40323.24,34825.0
40392.6,34938.59
40310.66,34778.26
40232.33,34641.87
40267.4,34703.9
40346.17,34835.82
40402.81,34943.89
40314.21,34786.84
40234.84,34649.18
40268.3,34710.05
40348.38,34842.55
40399.35,34942.48
40308.42,34783.67
40229.0,34644.27
40260.86,34701.62
40329.05,34824.04
40391.46,34939.04
40308.08,34791.56
40232.87,34657.3
40271.88,34718.85
40355.67,34850.88
40408.55,34951.96
40324.42,34801.96
40241.05,34660.54
40274.55,34718.07
40350.33,34848.45
40400.11,34947.29
40318.72,34797.17
40235.17,34654.34
40278.36,34720.64
40352.39,34843.48
40405.02,34945.95
40318.77,34791.0
40233.7,34647.19
40268.97,34708.26
40343.13,34834.19
40401.31,34942.79
40311.88,34787.56
40225.74,34641.25
40262.13,34705.24
40340.63,34832.91
40400.64,34942.39
40319.98,34797.11
40238.23,34653.9
40278.6,34720.55
40361.37,34853.14
40422.12,34964.99
40335.0,34812.17
40243.18,34662.48
40280.12,34726.41
40356.68,34853.39
40414.81,34960.09
40332.22,34810.72
40250.37,34667.44
40287.12,34729.34
40364.93,34860.43
40424.0,34969.21
40331.93,34811.14
40239.13,34659.93
40270.49,34715.63
40345.93,34843.86
40407.21,34954.24
40317.63,34801.89
40235.11,34660.07
40268.3,34716.71
40351.31,34847.02
40419.13,34962.13
40337.84,34815.66
40251.04,34669.43
40285.17,34730.56
40360.57,34855.2
40420.74,34964.88
40334.86,34814.36
40251.67,34671.55
40286.49,34729.89
40358.18,34852.31
40414.77,34962.75
40336.38,34819.08
40246.35,34666.5
40274.13,34715.41
40348.88,34838.66
40414.48,34953.9
40327.13,34805.98
40235.51,34654.41
40266.06,34709.46
40344.99,34838.99
40413.0,34960.21
40330.57,34818.0
40236.89,34664.89
40272.99,34723.84
40355.4,34857.21
40417.61,34967.98
40337.34,34821.38
40252.61,34674.86
40295.43,34738.16
40368.99,34861.41
40423.04,34970.49
40339.82,34826.21
40244.61,34670.93
40276.01,34728.91
40348.27,34849.97
40411.48,34963.96
40337.3,34826.45
40246.86,34673.01
40277.08,34725.29
40349.88,34846.14
40412.04,34959.78
40331.66,34819.93
40240.96,34669.66
40270.85,34722.79
40346.93,34848.34
40415.11,34965.79
40341.1,34828.35
40255.67,34679.25
40291.03,34737.61
40368.93,34868.34
40427.24,34981.21
40344.29,34837.2
40254.8,34684.18
40283.72,34733.47
40357.82,34858.53
40422.08,34977.66
40340.05,34836.11
40249.48,34683.67
40278.67,34735.75
40350.15,34859.46
40413.61,34975.18
40333.41,34832.38
40238.97,34674.62
40264.07,34723.61
40334.62,34844.67
40398.32,34962.98
40319.28,34820.91
40234.03,34669.21
40276.1,34731.84
40353.97,34859.42
40414.59,34974.46
40338.21,34837.59
40249.61,34684.63
40276.1,34733.49
40348.9,34858.01
40412.42,34973.91
40339.55,34841.34
40252.43,34689.37
40284.48,34740.22
40353.91,34858.68
40407.01,34965.44
40323.46,34822.3
40238.61,34673.57
40272.79,34730.3
40346.6,34855.93
40410.21,34971.85
40332.07,34832.6
40242.17,34675.85
40275.38,34732.11
40352.59,34860.38
40415.04,34973.13
40344.47,34841.32
40252.5,34683.58
40281.62,34732.78
40361.08,34861.57
40420.47,34975.16
40340.29,34839.24
40251.49,34685.75
40277.64,34736.13
40356.54,34864.38
40424.78,34987.25
40354.48,34857.23
40263.47,34697.91
40287.34,34746.95
40356.5,34867.69
40423.08,34985.53
40342.77,34846.03
40252.16,34690.62
40280.7,34739.17
40357.44,34865.05
40419.84,34979.5
40347.33,34847.82
40256.14,34691.34
40282.49,34739.37
40359.96,34863.0
40424.43,34984.3
40355.83,34859.04
40270.2,34706.04
40291.9,34747.6
40362.38,34867.91
40433.43,34993.06
40354.78,34857.43
40259.63,34694.18
40291.12,34746.77
40367.47,34870.35
40432.88,34989.51
40361.95,34862.84
40265.7,34700.19
40287.77,34745.65
40360.1,34866.78
40422.66,34980.77
40345.21,34844.29
40262.6,34696.01
40292.37,34749.5
40362.33,34868.47
40428.45,34990.25
40352.65,34857.75
40257.79,34693.93
40286.85,34744.11
40367.56,34872.68
40434.21,34994.88
40355.45,34859.91
40257.1,34695.14
40285.98,34743.3
40356.77,34860.09
40425.88,34980.55
40358.96,34856.16
40268.92,34701.35
40300.44,34754.35
40380.39,34882.06
40444.95,34999.63
40372.5,34872.57
40277.04,34709.0
40304.55,34758.14
40378.76,34879.49
40436.7,34990.87
40366.24,34866.15
40271.98,34705.64
40297.11,34752.0
40371.96,34874.87
40439.31,34996.71
40374.36,34877.86
40280.43,34716.53
40304.17,34759.82
40381.29,34884.99
40453.15,35011.17
40381.2,34886.71
40278.36,34715.68
40307.21,34762.01
40383.68,34883.61
40453.1,35009.38
40381.2,34886.63
40287.63,34725.13
40313.36,34771.02
40385.09,34889.33
40446.84,35005.02
40376.01,34877.84
40275.36,34708.44
40297.49,34751.35
40371.9,34872.45
40442.21,34994.76
40367.52,34867.8
40269.86,34704.12
40301.29,34754.64
40375.09,34876.57
40443.58,34998.09
40367.5,34868.45
40271.58,34706.49
40301.0,34755.42
40377.71,34882.04
40450.87,35011.19
40386.27,34894.34
40287.7,34727.88
40310.86,34768.92
40376.19,34878.84
40445.88,35004.04
40374.45,34882.27
40279.32,34718.25
40308.71,34767.46
40383.75,34890.25
40445.05,35004.21
40366.89,34871.74
40275.34,34711.27
40303.79,34764.56
40369.33,34879.43
40439.82,35003.9
40368.57,34879.89
40278.69,34725.18
40314.25,34782.53
40385.33,34901.78
40441.64,35009.92
40372.41,34882.0
40282.29,34724.24
40314.48,34779.4
40391.72,34901.46
40447.85,35009.49
40373.75,34880.81
40285.57,34724.64
40320.07,34784.03
40388.93,34902.92
40445.14,35013.83
40367.88,34882.45
40278.09,34723.19
40306.34,34772.12
40376.61,34887.85
40443.94,35007.52
40371.14,34878.42
40278.13,34718.72
40314.23,34777.37
40383.81,34893.96
40445.86,35010.36
40378.78,34889.26
40284.35,34727.73
40322.28,34784.75
40396.89,34903.34
40451.36,35014.41
40371.94,34886.09
40281.82,34729.34
40317.7,34780.95
40388.93,34893.78
40451.47,35010.61
40382.96,34891.41
40284.23,34725.42
40315.28,34776.72
40387.14,34899.07
40450.46,35017.45
40376.77,34891.27
40282.51,34730.03
40311.14,34781.08
40380.3,34896.39
40448.07,35016.27
40380.77,34895.95
40285.91,34731.55
40317.11,34783.4
40386.83,34896.35
40453.71,35015.59
40384.97,34895.99
40298.68,34745.47
40334.68,34805.38
40392.24,34907.86
40444.88,35014.12
40377.71,34895.9
40284.88,34733.76
40308.6,34786.98
40380.32,34906.9
40444.77,35015.37
40375.88,34890.58
40289.13,34732.35
40319.68,34783.07
40390.45,34900.44
40446.84,35014.16
40372.25,34892.32
40274.85,34725.11
40308.57,34778.44
40384.86,34898.25
40452.7,35015.44
40382.49,34896.79
40287.48,34734.79
40315.48,34783.31
40387.99,34903.1
40448.3,35020.18
40384.93,34904.82
40287.66,34736.04
40315.41,34784.61
40389.87,34903.14
40453.01,35021.18
40388.66,34908.26
40291.66,34741.23
40317.09,34787.45
40386.74,34900.19
40448.18,35013.47
40380.97,34896.7
40284.79,34730.79
40314.34,34781.84
40388.62,34901.82
40454.91,35021.32
40386.63,34900.79
40291.54,34733.47
40325.21,34785.08
40398.07,34904.44
40461.71,35024.8
40398.65,34912.62
40300.55,34743.46
40324.09,34788.9
40396.29,34905.02
40461.06,35022.07
40400.96,34912.55
40306.92,34745.99
40333.41,34792.14
40405.61,34912.51
40468.48,35032.58
40400.02,34916.73
40300.39,34745.92
40326.12,34788.03
40391.52,34899.25
40455.65,35021.05
40387.57,34906.23
40290.16,34736.53
40316.36,34780.83
40387.97,34898.07
40454.38,35019.44
40390.59,34908.98
40294.29,34742.46
40325.74,34792.19
40396.39,34906.65
40464.43,35028.89
40403.04,34919.26
40303.95,34749.27
40330.68,34795.18
40402.92,34910.47
40468.73,35029.32
40407.46,34919.5
40307.21,34748.91
40329.5,34791.56
40404.89,34910.83
40472.77,35033.54
40410.97,34922.7
40310.52,34749.38
40338.04,34793.55
40405.2,34907.57
40466.6,35028.18
40405.0,34922.95
40300.39,34744.69
40323.84,34784.32
40400.29,34904.91
40465.95,35029.03
40409.96,34929.83
40311.32,34758.05
40336.54,34801.75
40406.34,34918.54
40472.21,35040.58
40418.01,34936.45
40323.62,34765.3
40347.69,34806.07
40418.55,34923.37
40483.93,35044.38
40417.96,34931.64
40322.01,34762.1
40348.43,34808.21
40423.89,34931.21
40488.86,35050.46
40427.11,34942.55
40327.02,34767.78
40345.52,34805.2
40412.91,34916.42
40485.78,35042.86
40434.86,34945.79
40329.14,34766.21
40351.89,34807.01
40419.69,34918.03
40484.77,35039.78
40429.16,34940.38
40332.56,34770.6
40355.22,34811.03
40425.79,34926.79
40492.91,35050.39
40433.39,34944.18
40336.16,34772.0
40358.96,34811.45
40430.15,34927.21
40499.04,35050.39
40437.03,34947.36
40334.64,34771.11
40353.35,34807.79
40419.98,34921.4
40485.18,35041.5
40426.86,34940.65
40324.2,34764.47
40347.45,34804.82
40421.5,34925.18
40485.56,35047.87
40433.45,34950.95
40335.2,34772.47
40354.31,34807.45
40425.99,34923.95
40494.92,35053.37
40441.52,34962.75
40340.85,34789.06
40360.75,34824.11
40423.64,34929.83
40489.54,35051.42
40433.14,34953.72
40333.68,34778.98
40354.26,34815.66
40424.04,34930.28
40492.93,35055.71
40434.1,34957.3
40332.58,34780.45
40353.35,34815.03
40428.49,34932.22
40494.41,35054.15
40438.17,34955.58
40337.25,34778.69
40362.2,34819.61
40433.88,34934.19
40502.16,35059.83
40450.24,34967.0
40352.07,34793.8
40370.96,34828.11
40436.88,34936.18
40504.96,35059.52
40450.26,34962.31
40347.82,34785.01
40364.77,34818.47
40437.86,34935.77
40502.32,35061.41
40443.82,34961.77
40345.81,34785.39
40363.85,34816.95
40435.89,34931.51
40495.57,35048.94
40441.93,34957.79
40343.6,34783.2
40363.43,34817.98
40435.51,34932.29
40505.7,35059.11
40451.54,34966.75
40343.31,34785.48
40366.11,34825.34
40430.04,34935.02
40500.38,35060.9
40456.75,34974.55
40355.16,34795.21
40378.87,34832.6
40452.1,34946.91
40518.86,35069.42
40465.21,34979.16
40359.27,34799.3
40376.01,34833.65
40443.25,34942.61
40511.78,35067.98
40460.46,34980.5
40355.18,34798.29
40372.52,34828.93
40443.07,34940.6
40510.39,35063.09
40450.84,34969.35
40346.98,34789.77
40363.98,34820.73
40432.38,34932.11
40505.63,35063.02
40454.27,34975.83
40352.05,34797.24
40367.88,34830.19
40437.66,34945.86
40507.68,35074.11
40450.26,34976.86
40349.61,34797.95
40372.48,34836.96
40443.0,34952.02
40508.47,35072.25
40459.18,34985.2
40351.02,34798.11
40363.74,34827.77
40437.5,34946.62
40506.23,35072.81
40457.35,34987.05
40352.03,34802.71
40366.94,34832.06
40429.27,34941.95
40491.95,35068.43
40443.54,34985.53
40338.55,34799.9
40354.46,34827.55
40422.05,34941.88
40492.24,35072.93
40443.04,34987.27
40342.95,34808.73
40358.62,34836.22
40436.32,34956.43
40513.34,35089.24
40458.45,34995.7
40353.57,34811.88
40365.8,34838.34
40432.72,34948.63
40500.0,35074.27
40455.72,34996.46
40353.14,34815.88
40364.57,34841.92
40433.54,34953.59
40501.72,35079.27
40451.49,34995.52
40347.0,34809.76
40361.64,34834.72
40431.38,34947.91
40508.94,35082.31
40463.38,35002.61
40358.0,34817.64
40377.4,34850.35
40440.88,34956.81
40508.91,35083.27
40464.79,35004.91
40360.68,34822.21
40374.96,34847.69
40443.71,34956.52
40507.19,35077.22
40454.96,34993.06
40347.31,34807.88
40369.24,34845.03
40435.04,34954.19
40505.58,35080.28
40457.91,34998.83
40346.95,34808.93
40357.97,34835.66
40423.71,34948.0
40492.39,35074.54
40443.42,34990.89
40338.77,34807.77
40353.64,34836.73
40422.93,34948.09
40493.63,35078.74
40447.22,34999.48
40344.96,34814.0
40360.41,34837.54
40433.23,34952.09
40504.62,35084.28
40462.29,35010.45
40349.73,34816.44
40362.06,34839.26
40435.27,34953.5
40503.39,35079.7
40463.45,35007.64
40355.29,34820.42
40365.3,34842.14
40435.89,34955.36
40510.5,35090.85
40468.46,35016.98
40359.79,34827.73
40369.33,34847.08
40432.76,34953.72
40500.67,35080.5
40454.55,35003.7
40355.2,34822.43
40374.85,34853.48
40446.57,34968.41
40513.86,35093.6
40469.6,35019.89
40362.76,34832.71
40372.59,34850.39
40438.08,34957.88
40510.1,35092.77
40472.05,35026.05
40361.06,34831.04
40378.07,34856.2
40443.38,34963.69
40518.7,35096.13
40474.07,35022.23
40362.85,34830.7
40370.91,34849.27
40436.23,34958.26
40506.16,35086.0
40466.78,35015.91
40361.06,34828.4
40367.38,34844.42
40438.2,34956.96
40506.3,35081.42
40460.88,35008.89
40353.73,34822.14
40364.52,34843.11
40432.38,34951.87
40502.16,35078.38
40463.47,35011.5
40357.59,34822.99
40370.69,34843.46
40438.64,34953.16
40505.85,35080.57
40468.17,35017.63
40357.97,34825.18
40364.75,34839.46
40430.64,34947.13
40498.77,35075.38
40462.98,35016.55
40352.72,34823.52
40354.08,34831.48
40420.8,34939.55
40495.53,35073.21
40455.7,35005.6
40349.3,34816.66
40355.43,34833.25
40423.75,34946.28
40497.2,35080.79
40468.59,35024.04
40363.92,34837.09
40374.02,34855.33
40441.66,34966.4
40510.66,35094.45
40473.2,35029.0
40365.68,34839.82
40366.87,34849.23
40434.21,34959.65
40507.64,35096.26
40470.98,35032.65
40362.96,34838.12
40378.94,34860.16
40447.2,34970.42
40516.27,35098.88
40479.16,35036.58
40370.73,34846.95
40378.63,34863.69
40447.85,34973.44
40519.57,35102.36
40483.55,35040.23
40371.54,34845.45
40383.16,34862.37
40448.74,34969.41
40516.58,35098.74
40479.86,35037.45
40368.52,34843.02
40375.95,34858.84
40447.45,34971.92
40518.37,35099.77
40480.28,35036.34
40366.54,34837.63
40374.31,34854.75
40440.59,34965.3
40511.8,35095.95
40481.2,35043.09
40373.73,34856.02
40382.63,34871.54
40451.05,34980.75
40523.38,35110.97
40486.09,35046.95
40379.54,34856.79
40386.56,34871.54
40457.44,34984.46
40526.59,35112.58
40485.0,35046.64
40377.11,34855.4
40382.63,34867.38
40452.16,34977.21
40528.27,35112.55
40488.48,35048.85
40378.83,34856.25
40382.7,34869.37
40445.93,34975.2
40523.2,35111.1
40483.12,35045.63
40370.18,34846.79
40384.66,34868.47
40452.3,34980.39
40521.32,35109.47
40489.16,35054.17
40381.53,34860.81
40387.75,34873.55
40455.54,34984.23
40529.1,35116.29
40497.96,35060.45
40379.61,34854.39
40384.17,34868.14
40461.77,34988.79
40535.63,35123.06
40502.23,35065.66
40388.62,34867.56
40398.14,34882.45
40463.47,34990.94
40532.5,35121.7
40491.26,35057.28
40373.6,34852.25
40378.4,34862.93
40448.81,34974.98
40525.41,35108.8
40495.23,35055.2
40386.14,34863.56
40393.89,34877.04
40464.05,34988.28
40534.39,35117.56
40491.88,35054.33
40383.21,34860.81
40389.8,34874.13
40455.32,34984.52
40522.23,35113.45
40492.91,35059.67
40384.46,34864.9
40394.94,34880.07
40459.16,34986.13
40527.2,35116.67
40497.56,35065.95
40381.18,34865.88
40377.73,34867.25
40439.09,34969.48
40508.38,35097.54
40482.11,35050.95
40378.96,34862.37
40391.23,34876.52
40464.21,34989.4
40542.44,35123.6
40505.11,35068.32
40383.88,34862.64
40389.89,34874.8
40457.73,34984.46
40535.25,35120.91
40508.82,35075.09
40395.93,34879.27
40398.25,34886.33
40470.27,34998.16
40551.54,35139.06
40518.05,35087.41
40404.0,34888.5
40403.5,34891.59
40463.32,34991.27
40529.7,35119.86
40499.82,35071.59
40385.89,34873.05
40390.34,34881.13
40462.31,34992.3
40532.45,35122.73
40505.92,35077.04
40401.31,34886.85
40401.83,34891.27
40467.83,34998.18
40540.77,35130.44
40515.13,35089.31
40398.95,34888.81
40399.93,34897.82
40467.79,35009.11
40535.13,35135.8
40513.83,35093.04
40402.39,34891.61
40408.29,34901.93
40475.1,35012.6
40542.66,35138.04
40521.7,35097.36
40404.2,34892.66
40405.34,34895.18
40472.14,35005.98
40546.91,35139.82
40521.79,35096.11
40407.21,34897.73
40409.79,34906.25
40475.75,35013.98
40544.79,35142.95
40516.54,35099.3
40404.91,34901.38
40411.42,34910.59
40476.91,35015.73
40547.94,35143.82
40520.52,35098.81
40405.2,34897.0
40406.9,34899.1
40469.8,35005.29
40539.07,35139.15
40511.73,35097.29
40397.83,34900.71
40398.16,34906.47
40462.09,35009.74
40535.2,35137.43
40511.08,35095.93
40398.16,34896.41
40394.94,34894.89
40464.77,35007.59
40535.87,35137.88
40518.41,35100.42
40401.69,34901.09
40403.41,34908.46
40469.46,35014.83
40542.13,35144.05
40513.0,35100.53
40403.32,34906.96
40405.45,34911.32
40476.19,35020.93
40546.24,35148.65
40516.18,35104.98
40401.31,34904.48
40398.63,34906.25
40456.93,35003.52
40519.2,35124.38
40492.78,35085.15
40379.41,34889.2
40377.22,34889.53
40439.31,34990.83
40513.05,35120.94
40489.78,35080.08
40382.79,34886.24
40383.03,34886.18
40448.23,34992.01
40512.82,35117.65
40488.69,35083.45
40373.91,34879.38
40370.67,34874.46
40435.49,34976.7
40511.89,35112.69
40490.12,35078.31
40378.02,34878.84
40369.98,34872.43
40427.51,34971.11
40497.52,35100.38
40480.89,35072.81
40367.81,34873.55
40362.49,34865.19
40433.23,34976.93
40506.79,35110.54
40486.7,35076.77
40380.73,34883.83
40379.3,34880.54
40447.63,34988.82
40524.63,35126.95
40502.99,35095.46
40391.72,34895.95
40389.58,34892.82
40453.84,34998.61
40525.41,35132.43
40501.79,35098.54
40394.21,34903.23
40393.73,34902.38
40460.37,35007.82
40536.12,35142.73
40519.0,35112.06
40403.79,34908.35
40394.88,34900.75
40453.17,34999.88
40530.68,35137.46
40511.78,35110.1
40397.51,34907.88
40399.64,34909.0
40471.48,35017.23
40541.55,35143.56
40523.62,35116.51
40410.34,34917.56
40405.25,34910.77
40469.35,35013.43
40538.53,35140.83
40519.64,35112.15
40409.41,34916.53
40410.66,34916.73
40483.1,35028.47
40558.67,35163.65
40538.84,35134.8
40416.51,34928.2
40414.61,34924.78
40481.04,35029.56
40550.91,35154.93
40527.27,35121.09
40407.5,34915.41
40397.2,34906.18
40463.83,35014.79
40536.38,35145.9
40521.27,35122.14
40400.98,34914.56
40398.59,34909.69
40470.13,35021.11
40541.95,35153.21
40529.63,35131.64
40418.41,34930.86
40411.08,34920.89
40475.32,35025.14
40544.66,35150.2
40524.72,35119.33
40415.39,34923.75
40418.03,34927.13
40481.87,35034.32
40555.27,35169.86
40544.86,35149.77
40430.48,34945.39
40425.95,34934.99
40491.59,35038.19
40553.77,35160.32
40529.34,35131.29
40415.11,34929.65
40401.4,34913.29
40465.33,35016.55
40536.38,35147.07
40525.97,35129.77
40414.66,34929.27
40414.79,34926.66
40486.77,35036.8
40562.34,35170.83
40544.83,35147.47
40428.16,34942.68
40422.52,34934.97
40489.49,35041.77
40559.86,35170.2
40540.81,35142.68
40423.71,34938.08
40415.93,34929.83
40484.55,35039.69
40560.88,35174.07
40542.93,35149.86
40425.16,34945.68
40426.35,34942.91
40490.65,35045.99
40560.66,35176.04
40543.09,35151.65
40423.4,34944.07
40421.12,34937.72
40487.3,35043.04
40567.14,35182.38
40554.22,35163.18
40438.91,34959.69
40429.97,34946.93
40498.63,35054.64
40567.77,35182.47
40561.55,35169.48
40454.09,34970.93
40441.3,34950.13
40502.41,35050.55
40573.67,35186.2
40563.0,35173.8
40447.18,34971.23
40442.24,34958.84
40510.14,35062.2
40576.37,35186.67
40559.81,35166.51
40443.27,34965.14
40432.32,34950.01
40498.12,35054.22
40571.84,35187.07
40559.56,35170.07
40448.52,34970.31
40445.59,34961.68
40511.62,35065.55
40588.33,35199.68
40573.2,35180.3
40454.36,34975.52
40448.88,34964.07
40512.71,35067.63
40586.48,35199.28
40575.9,35182.27
40464.41,34980.81
40455.27,34966.17
40518.44,35070.27
40595.82,35204.13
40585.27,35189.45
40469.38,34986.8
40456.03,34967.56
40521.9,35073.66
40591.97,35201.52
40577.55,35185.85
40466.34,34985.93
40462.2,34973.26
40522.77,35074.07
40592.58,35202.7
40582.34,35189.36
40470.31,34987.79
40462.04,34974.36
40518.17,35072.81
40589.63,35202.19
40580.89,35191.93
40463.27,34985.48
40450.53,34966.6
40517.3,35073.73
40587.57,35203.08
40585.67,35198.5
40474.38,34999.34
40462.13,34980.77
40525.81,35081.73
40593.56,35202.72
40582.92,35190.27
40470.71,34991.36
40461.71,34976.14
40523.58,35078.96
40600.2,35213.05
40589.94,35199.14
40474.45,34996.93
40467.63,34983.0
40529.03,35084.23
40607.15,35216.76
40597.11,35203.23
40490.07,35004.8
40484.62,34989.0
40549.39,35095.43
40612.29,35221.14
40600.96,35211.73
40494.25,35019.01
40480.77,34999.43
40536.74,35093.89
40603.15,35217.21
40601.14,35215.24
40492.6,35016.46
40480.5,34991.45
40535.76,35088.41
40610.59,35223.02
40606.77,35220.61
40483.68,35010.09
40468.35,34986.67
40529.81,35087.92
40607.38,35226.55
40605.05,35221.74
40499.21,35022.79
40483.97,34996.97
40548.7,35101.43
40618.66,35231.58
40608.45,35222.17
40493.54,35019.84
40481.38,35001.02
40543.18,35102.74
40619.96,35238.95
40617.77,35236.72
40502.32,35033.07
40484.53,35009.27
40546.15,35108.91
40620.63,35237.59
40620.0,35235.69
40509.09,35035.0
40484.44,35004.08
40546.09,35108.02
40626.35,35246.75
40619.78,35242.13
40492.42,35025.29
40477.91,35001.04
40546.27,35105.36
40624.23,35238.48
40623.13,35238.78
40510.12,35039.69
40498.79,35019.59
40565.64,35125.86
40632.05,35251.74
40624.03,35245.32
40507.95,35038.62
40493.47,35011.01
40558.25,35113.49
40635.38,35251.67
40637.68,35257.93
40522.62,35053.95
40503.77,35023.84
40569.27,35128.02
40633.55,35252.97
40626.84,35250.4
40508.85,35041.66
40493.78,35015.86
40558.71,35121.23
40624.2,35245.28
40626.33,35251.58
40513.05,35048.56
40496.93,35022.21
40558.82,35123.02
40637.39,35255.63
40635.07,35256.77
40516.45,35052.25
40498.1,35026.32
40556.9,35121.96
40626.89,35251.14
40627.58,35255.59
40507.71,35044.92
40494.34,35021.11
40559.95,35126.93
40637.91,35262.49
40638.49,35268.77
40514.91,35058.66
40495.95,35028.38
40557.64,35127.04
40634.15,35258.67
40633.04,35259.07
40518.68,35054.69
40496.8,35023.44
40553.84,35122.26
40624.88,35252.5
40620.74,35252.77
40510.68,35052.74
40495.26,35024.76
40553.75,35121.77
40627.94,35253.41
40632.14,35264.82
40523.13,35067.5
40510.28,35042.71
40566.63,35139.09
40637.73,35267.12
40637.66,35270.89
40524.0,35068.41
40512.56,35041.75
40572.75,35142.39
40636.36,35262.76
40623.85,35255.23
40507.44,35053.55
40491.17,35024.24
40553.57,35124.36
40625.55,35253.48
40623.82,35258.85
40510.95,35057.32
40488.11,35019.1
40555.59,35126.75
40626.51,35257.53
40628.0,35262.74
40514.88,35059.29
40494.63,35025.7
40552.01,35124.07
40626.21,35256.39
40627.11,35264.61
40506.63,35057.35
40491.82,35029.52
40557.42,35135.04
40636.34,35269.66
40636.77,35274.58
40517.43,35064.59
40497.31,35028.13
40560.5,35125.03
40628.12,35250.8
40623.36,35255.27
40506.84,35049.72
40487.84,35015.75
40547.61,35118.37
40619.33,35248.97
40625.5,35261.75
40516.13,35065.71
40497.74,35033.56
40562.85,35137.46
40637.66,35265.13
40638.0,35275.32
40524.52,35076.95
40496.6,35034.05
40555.12,35129.72
40628.63,35260.08
40636.79,35275.23
40516.43,35069.02
40494.95,35033.81
40558.98,35133.54
40633.05,35262.96
40629.37,35268.61
40515.57,35063.49
40489.47,35021.58
40552.5,35122.5
40622.84,35249.5
40626.66,35264.82
40515.08,35064.3
40499.64,35030.3
40567.88,35135.62
40640.45,35264.77
40646.78,35282.61
40527.6,35078.94
40501.52,35037.92
40565.96,35140.61
40638.96,35270.54
40640.25,35280.64
40526.3,35075.83
40505.32,35038.84
40568.13,35140.38
40642.87,35272.84
40648.55,35288.84
40533.37,35085.31
40507.21,35045.34
40569.51,35149.84
40641.01,35277.73
40647.52,35292.98
40529.32,35086.63
40501.74,35041.45
40563.23,35140.74
40639.96,35273.64
40650.09,35292.66
40528.65,35083.32
40503.62,35039.69
40573.13,35146.75
40648.08,35278.81
40650.47,35296.15
40532.0,35095.86
40510.46,35056.43
40567.39,35148.36
40640.14,35276.35
40654.45,35303.55
40543.47,35101.63
40505.58,35046.04
40565.53,35148.5
40639.94,35281.42
40642.64,35296.38
40527.42,35094.18
40502.43,35050.39
40642.93,35284.64
40650.91,35300.87
40534.82,35096.66
40507.71,35051.11
40568.3,35149.32
40641.04,35278.41
40651.0,35301.7
40532.94,35098.88
40508.2,35053.88
40566.71,35147.18
40639.58,35278.47
40646.69,35298.97
40531.94,35096.21
40506.07,35050.57
40570.47,35149.52
40640.97,35278.23
40645.06,35296.53
40527.49,35092.04
40500.0,35045.61
40566.7,35148.43
40639.4,35275.54
40648.3,35295.1
40536.14,35096.02
40503.71,35045.01
40563.56,35140.05
40636.5,35269.33
40641.44,35289.74
40531.47,35092.59
40507.77,35050.8
40569.73,35150.87
40644.72,35285.09
40658.2,35310.23
40551.29,35113.81
40520.43,35063.43
40575.19,35156.99
40650.09,35287.35
40664.82,35314.66
40546.91,35110.48
40522.44,35064.16
40582.9,35158.87
40649.95,35282.56
40657.84,35305.05
40545.21,35104.13
40513.32,35050.37
40572.68,35147.51
40644.21,35275.72
40657.91,35304.42
40541.41,35099.73
40511.17,35048.52
40574.92,35148.99
40651.34,35281.58
40661.2,35304.27
40543.18,35097.18
40509.83,35043.33
40571.95,35140.03
40642.8,35269.96
40657.84,35299.19
40547.54,35097.31
40516.13,35047.63
40575.81,35146.66
40651.38,35279.01
40664.28,35305.23
40550.85,35104.46
40521.57,35054.38
40579.43,35148.0
40647.7,35268.66
40663.28,35300.2
40557.6,35106.92
40520.67,35048.65
40579.57,35143.11
40652.3,35273.09
40662.92,35303.62
40553.93,35106.83
40525.25,35056.61
40586.43,35155.29
40660.41,35286.61
40674.61,35317.1
40555.61,35110.14
40521.39,35053.28
40574.32,35148.43
40654.07,35282.2
40665.51,35308.85
40554.98,35112.55
40520.87,35054.89
40579.05,35149.91
40651.74,35278.7
40665.29,35309.43
40550.0,35107.7
40516.49,35053.37
40575.14,35148.81
40641.8,35271.12
40665.22,35311.48
40554.31,35111.88
40523.13,35057.68
40586.72,35159.58
40659.18,35287.1
40675.01,35321.68
40558.96,35122.52
40530.55,35071.81
40588.51,35164.39
40657.44,35286.88
40669.29,35317.52
40551.7,35114.14
40511.15,35050.37
40577.11,35151.34
40656.26,35283.86
40676.6,35322.19
40561.46,35121.88
40532.18,35066.31
40589.0,35157.04
40657.33,35284.35
40668.15,35315.06
40550.24,35112.13
40514.88,35052.41
40577.49,35147.2
40649.77,35273.55
40669.31,35312.18
40559.83,35117.18
40523.91,35058.71
40586.21,35159.43
40661.69,35289.83
40676.66,35323.2
40559.56,35120.13
40521.21,35059.36
40579.28,35151.89
40654.11,35282.32
40671.86,35321.59
40557.2,35119.02
40518.79,35054.39
40574.2,35148.36
40655.32,35285.89
40671.93,35321.39
40562.76,35126.05
40533.68,35067.65
40596.29,35161.8
40659.3,35281.36
40675.12,35319.62
40558.82,35115.68
40525.43,35056.21
40588.8,35157.35
40665.0,35290.52
40688.13,35334.38
40572.59,35132.27
40528.81,35064.92
40589.83,35161.33
40662.8,35288.89
40683.1,35330.93
40563.99,35126.14
40522.13,35056.68
40581.18,35149.1
40647.65,35271.92
40674.65,35324.9
40557.06,35127.82
40511.78,35053.77
40565.55,35142.73
40635.29,35266.07
40648.79,35303.19
40544.99,35113.89
40508.4,35053.08
40561.95,35141.81
40632.92,35267.23
40655.7,35311.08
40544.9,35116.42
40507.37,35048.52
40565.53,35144.12
40640.25,35272.46
40658.96,35310.99
40539.43,35107.23
40501.94,35041.99
40566.71,35141.21
40640.7,35269.33
40667.57,35318.57
40556.43,35123.3
40516.94,35054.64
40568.01,35140.74
40644.5,35268.95
40668.86,35315.44
40561.39,35120.76
40520.05,35051.2
40577.55,35143.4
40647.85,35270.14
40660.46,35308.18
40546.58,35112.55
40505.79,35047.02
40573.46,35146.71
40648.84,35274.89
40668.06,35315.22
40560.68,35121.32
40520.0,35051.56
40571.77,35136.67
40647.14,35264.32
40671.05,35313.77
40566.27,35127.29
40527.18,35058.33
40578.07,35144.68
40650.07,35269.89
40667.9,35311.82
40550.49,35108.02
40503.8,35032.2
40561.29,35128.38
40635.49,35255.27
40658.22,35301.61
40550.89,35109.92
40502.9,35032.0
40554.69,35118.12
40622.13,35240.16
40640.45,35282.88
40526.8,35085.73
40478.56,35009.45
40532.79,35099.57
40609.18,35232.32
40636.39,35282.88
40528.72,35087.23
40488.95,35018.05
40549.5,35117.16
40620.74,35242.4
40643.58,35292.09
40527.54,35092.46
40478.56,35012.96
40542.66,35113.54
40618.21,35241.95
40642.87,35290.21
40536.07,35099.64
40486.07,35018.07
40542.91,35109.8
40621.3,35242.64
40649.95,35297.94
40534.91,35097.18
40486.5,35018.16
40545.77,35113.61
40620.02,35242.38
40644.81,35293.58
40535.58,35100.69
40494.39,35031.11
40553.86,35125.34
40630.44,35256.41
40661.46,35312.47
40547.36,35111.3
40496.51,35030.01
40557.3,35126.46
40631.89,35255.02
40654.89,35307.95
40544.27,35113.72
40495.97,35033.81
40561.39,35136.11
40637.55,35266.0
40663.28,35316.85
40554.02,35123.42
40505.98,35043.58
40558.87,35133.43
40633.28,35259.92
40659.45,35314.95
40548.66,35122.97
40503.44,35045.14
40562.63,35136.58
40633.68,35259.45
40654.65,35310.05
40547.85,35120.49
40504.67,35043.71
40561.24,35135.89
40635.7,35262.69
40664.53,35316.67
40557.26,35126.52
40509.96,35047.78
40559.68,35135.82
40635.09,35265.33
40666.74,35321.7
40560.59,35131.8
40513.03,35049.3
40569.09,35139.29
40641.06,35265.87
40659.97,35312.8
40553.24,35122.93
40506.41,35043.55
40561.57,35137.52
40625.16,35255.11
40651.27,35309.86
40542.84,35120.82
40493.89,35039.06
40556.64,35136.07
40632.65,35263.61
40667.1,35327.22
40555.65,35133.66
40501.0,35045.68
40558.0,35133.77
40632.68,35260.86
40658.85,35315.78
40555.07,35128.47
40506.23,35047.42
40560.28,35136.0
40627.78,35256.84
40660.57,35319.15
40550.45,35125.95
40501.45,35040.85
40549.89,35125.56
40620.96,35251.8
40646.98,35304.78
40539.09,35115.46
40492.33,35034.41
40546.04,35123.75
40613.88,35246.04
40651.34,35312.76
40554.13,35133.39
40505.9,35049.34
40558.54,35133.84
40638.69,35262.78
40675.61,35329.17
40562.67,35139.49
40513.3,35055.36
40566.38,35141.28
40638.4,35266.29
40662.83,35322.57
40550.06,35127.48
40501.0,35040.45
40557.75,35131.73
40632.25,35259.47
40667.57,35323.78
40564.39,35138.68
40513.07,35052.03
40567.9,35141.14
40643.25,35267.99
40680.96,35337.77
40577.29,35152.83
40520.49,35061.75
40572.19,35148.74
40647.18,35276.21
40681.67,35342.29
40578.36,35156.16
40522.68,35062.82
40578.63,35151.65
40654.25,35277.15
40678.41,35334.11
40570.47,35146.8
40514.19,35055.11
40566.52,35139.76
40637.19,35261.42
40666.74,35323.73
40561.26,35136.49
40509.45,35047.33
40559.47,35129.77
40635.52,35256.03
40664.93,35318.86
40561.24,35134.95
40508.89,35045.79
40565.33,35138.64
40636.72,35263.25
40669.22,35330.3
40560.39,35141.81
40510.43,35057.68
40564.26,35146.66
40641.8,35273.09
40673.56,35338.09
40569.15,35154.0
40522.79,35070.13
40572.84,35154.33
40645.04,35276.93
40667.07,35328.81
40558.54,35141.84
40505.85,35051.13
40561.29,35140.03
40639.85,35271.01
40672.84,35334.31
40566.8,35150.11
40515.8,35061.62
40571.5,35150.42
40645.04,35277.24
40680.62,35343.67
40572.57,35157.19
40514.46,35062.69
40570.76,35152.7
40641.75,35276.04
40678.23,35347.52
40578.92,35165.51
40532.07,35075.92
40587.26,35166.25
40661.67,35295.21
40696.31,35365.69
40592.78,35182.85
40532.23,35080.48
40580.44,35158.82
40650.31,35279.48
40681.25,35347.11
40579.46,35164.05
40522.13,35066.78
40571.19,35146.84
40645.26,35273.82
40682.9,35345.86
40582.99,35167.56
40526.24,35072.21
40583.64,35161.04
40655.23,35282.16
40693.23,35353.98
40588.06,35168.66
40527.64,35068.41
40579.46,35154.35
40654.4,35278.56
40688.36,35349.91
40592.75,35174.18
40539.94,35080.39
40590.99,35166.16
40663.99,35292.55
40694.46,35359.86
40589.92,35177.93
40528.72,35077.39
40583.99,35163.85
40659.1,35290.63
40695.73,35361.71
40591.95,35179.03
40528.23,35073.15
40579.57,35155.85
40653.91,35282.96
40686.84,35353.17
40585.09,35174.34
40522.48,35069.21
40576.33,35152.66
40653.89,35283.57
40689.54,35355.23
40586.32,35173.33
40529.77,35075.45
40580.77,35156.92
40655.83,35282.41
40688.8,35352.43
40582.92,35172.52
40526.21,35074.87
40576.64,35158.09
40644.66,35276.64
40675.5,35342.78
40574.72,35163.36
40520.65,35066.45
40574.74,35153.88
40646.71,35278.38
40686.3,35354.29
40581.34,35173.46
40536.0,35085.73
40583.64,35165.8
40656.79,35289.16
40693.34,35362.05
40592.75,35184.46
40539.0,35085.78
40587.21,35166.25
40658.76,35289.67
40693.81,35361.91
40591.79,35183.23
40533.57,35079.3
40583.5,35159.38
40650.27,35278.07
40685.18,35349.91
40581.54,35172.61
40518.97,35068.59
40569.31,35151.13
40639.4,35270.45
40678.25,35346.8
40576.98,35169.2
40516.0,35064.81
40569.62,35152.23
40639.7,35274.09
40675.46,35348.01
40575.77,35176.35
40512.34,35069.42
40567.72,35150.66
40645.21,35274.38
40682.48,35349.68
40580.98,35171.39
40522.62,35070.87
40573.42,35156.88
40652.03,35285.0
40688.15,35361.26
40585.96,35183.45
40524.4,35076.43
40572.57,35153.01
40642.73,35272.37
40678.79,35345.62
40580.71,35172.61
40522.17,35070.87
40574.47,35153.17
40652.64,35276.5
40697.79,35359.61
40597.96,35181.8
40532.5,35068.52
40584.8,35151.16
40657.71,35276.66
40693.25,35353.42
40598.77,35186.11
40537.59,35078.25
40585.76,35156.75
40659.12,35280.95
40704.07,35361.02
40603.33,35184.73
40539.31,35076.79
40587.7,35156.43
40655.03,35276.5
40698.95,35357.2
40597.92,35182.18
40534.24,35074.09
40589.52,35158.71
40660.66,35280.13
40699.48,35358.25
40594.86,35182.79
40534.24,35076.68
40582.65,35157.57
40657.0,35281.42
40704.18,35369.54
40602.7,35194.3
40537.66,35084.04
40584.22,35161.91
40663.14,35291.04
40706.73,35374.27
40608.63,35202.75
40540.05,35087.5
40588.15,35166.54
40660.57,35289.78
40701.48,35372.15
40605.3,35201.87
40542.38,35090.43
40596.04,35174.07
40663.59,35293.49
40702.21,35372.21
40608.74,35204.73
40544.99,35090.07
40594.52,35170.54
40665.33,35293.47
40707.87,35375.5
40603.93,35200.53
40543.29,35091.01
40595.37,35173.02
40665.73,35295.68
40713.88,35382.9
40618.41,35214.52
40550.8,35098.07
40598.1,35176.97
40666.81,35295.82
40710.08,35381.54
40612.52,35213.32
40545.97,35096.86
40589.52,35169.98
40659.74,35290.54
40705.92,35375.84
40606.26,35201.96
40540.14,35085.89
40581.96,35158.22
40651.38,35278.09
40700.2,35366.47
40612.43,35203.93
40548.59,35090.25
40598.86,35169.62
40670.36,35288.55
40713.48,35373.96
40618.01,35211.17
40549.39,35092.93
40594.14,35167.09
40667.75,35291.64
40721.39,35386.61
40624.76,35219.82
40558.42,35105.22
40609.25,35188.55
40675.86,35305.63
40716.99,35388.06
40623.2,35218.7
40553.91,35098.59
40591.44,35167.81
40661.04,35288.53
40706.23,35373.55
40611.98,35208.2
40543.89,35089.15
40586.07,35162.45
40659.54,35284.29
40704.34,35370.27
40613.61,35207.73
40553.13,35097.07
40605.59,35177.93
40686.54,35307.46
40731.8,35397.27
40627.04,35224.16
40548.81,35099.19
40594.19,35174.02
40674.09,35303.64
40720.09,35397.03
40629.17,35235.96
40560.73,35116.36
40600.85,35186.65
40669.98,35306.59
40714.89,35392.49
40620.14,35224.61
40552.9,35105.67
40594.05,35178.11
40663.99,35296.96
40707.93,35385.36
40618.5,35221.21
40549.5,35102.59
40595.13,35178.14
40669.4,35300.51
40717.37,35390.75
40629.17,35228.94
40555.92,35103.88
40595.84,35175.39
40669.29,35298.43
40719.13,35392.11
40624.76,35228.02
40557.6,35110.36
40597.56,35181.55
40668.95,35301.32
40720.32,35395.66
40626.71,35230.55
40554.58,35103.44
40595.1,35174.04
40664.95,35295.57
40708.07,35379.93
40611.57,35216.76
40540.95,35092.91
40585.63,35164.68
40657.06,35287.66
40705.97,35379.21
40613.59,35219.57
40536.68,35094.56
40584.71,35169.64
40653.87,35286.83
40701.83,35383.44
40612.34,35221.79
40550.78,35100.93
40599.8,35177.49
40669.02,35296.36
40713.23,35387.66
40614.5,35222.68
40539.6,35096.62
40583.55,35167.14
40653.44,35287.23
40700.49,35378.45
40611.73,35221.52
40535.13,35092.21
40575.93,35161.53
40655.18,35287.35
40701.14,35374.03
40606.5,35210.05
40538.87,35087.66
40581.89,35158.13
40654.0,35279.72
40704.34,35377.69
40618.24,35222.84
40540.5,35090.94
40583.08,35165.84
40662.92,35295.95
40713.9,35391.59
40621.14,35229.77
40536.18,35093.33
40583.1,35170.04
40657.29,35292.8
40711.11,35392.31
40618.84,35231.85
40542.33,35104.11
40578.68,35171.39
40648.64,35289.89
40699.04,35381.45
40610.57,35225.63
40532.61,35093.36
40582.54,35167.7
40651.92,35284.42
40701.79,35380.04
40616.61,35227.46
40544.88,35103.14
40583.52,35167.29
40657.55,35288.89
40706.37,35383.77
40622.39,35230.21
40550.06,35103.75
40590.79,35174.52
40663.39,35294.03
40710.88,35386.52
40616.63,35227.98
40541.17,35096.02
40587.17,35172.44
40660.39,35295.62
40705.86,35387.66
40612.13,35227.04
40535.13,35094.88
40575.43,35164.05
40645.73,35283.03
40700.07,35383.64
40614.3,35231.8
40546.6,35107.06
40581.47,35171.99
40650.85,35290.07
40701.5,35382.7
40616.94,35231.82
40541.84,35102.39
40586.43,35176.75
40654.96,35293.38
40710.66,35391.71
40631.85,35247.61
40553.86,35114.01
40589.38,35175.63
40659.81,35300.69
40715.02,35402.39
40623.42,35245.57
40544.54,35110.81
40586.23,35178.36
40662.61,35301.32
40714.44,35396.73
40621.48,35235.16
40543.96,35101.54
40580.66,35168.14
40650.67,35287.97
40693.92,35381.45
40602.9,35224.54
40528.38,35092.26
40573.73,35165.39
40645.21,35283.64
40699.35,35383.59
40616.76,35235.38
40536.0,35096.93
40574.54,35164.3
40646.22,35282.72
40694.66,35377.74
40602.25,35219.66
40523.76,35082.31
40564.04,35148.74
40643.79,35274.58
40696.11,35373.49
40608.34,35222.17
40520.96,35078.13
40556.52,35140.43
40628.3,35260.46
40676.02,35358.29
40580.24,35199.59
40496.2,35058.11
40541.35,35129.68
40622.13,35256.5
40668.86,35353.11
40582.59,35203.23
40500.29,35061.26
40533.86,35121.5
40603.3,35236.92
40658.27,35337.01
40571.34,35185.64
40496.8,35053.86
40536.88,35121.47
40605.63,35234.33
40661.6,35335.45
40579.37,35191.84
40496.73,35049.05
40532.74,35110.97
40599.95,35230.57
40654.56,35335.04
40571.59,35189.22
40493.49,35053.37
40530.39,35116.89
40602.37,35236.7
40645.19,35326.91
40561.15,35177.69
40483.55,35040.29
40516.47,35103.68
40584.2,35219.69
40637.35,35319.58
40561.35,35180.55
40485.31,35046.04
40528.79,35115.84
40606.48,35242.02
40661.11,35346.62
40578.7,35198.7
40496.04,35056.96
40529.66,35117.83
40606.5,35239.85
40666.16,35348.07
40587.08,35207.28
40506.52,35070.02
40547.36,35138.62
40616.72,35254.98
40672.35,35357.73
40591.01,35214.12
40510.43,35071.7
40556.39,35141.75
40625.72,35260.01
40674.83,35357.62
40594.34,35216.49
40517.54,35080.01
40560.84,35147.85
40632.03,35264.08
40683.66,35364.84
40607.29,35226.48
40527.13,35086.09
40564.23,35151.07
40630.71,35266.43
40684.38,35368.86
40603.98,35227.29
40519.02,35082.58
40556.93,35147.4
40630.26,35271.34
40691.77,35380.13
40610.57,35236.38
40515.87,35082.47
40550.64,35143.07
40632.14,35269.13
40691.13,35377.2
40611.46,35235.04
40525.93,35087.9
40569.33,35154.62
40644.01,35275.1
40694.39,35375.34
40612.22,35234.71
40530.33,35093.47
40568.73,35157.57
40641.19,35276.95
40695.17,35379.52
40623.13,35245.97
40543.0,35106.3
40582.27,35169.04
40644.05,35277.62
40695.91,35380.11
40613.66,35238.93
40528.09,35092.55
40568.82,35157.77
40643.88,35278.83
40704.94,35391.62
40627.31,35256.86
40541.13,35108.51
40577.0,35170.22
40651.03,35290.41
40700.27,35389.98
40616.88,35246.18
40535.42,35102.36
40570.0,35163.27
40639.4,35279.28
40704.4,35393.02
40625.68,35254.76
40546.46,35111.95
40574.36,35170.2
40648.66,35293.25
40707.46,35401.25
40627.71,35261.8
40545.37,35117.34
40583.55,35181.6
40646.73,35290.81
40695.55,35388.04
40625.48,35260.23
40537.01,35108.67
40570.72,35166.56
40639.79,35280.55
40698.73,35391.89
40628.86,35260.73
40541.97,35109.8
40580.91,35174.11
40649.39,35288.62
40704.18,35389.02
40623.64,35252.68
40537.01,35105.56
40571.68,35165.11
40640.14,35281.8
40702.32,35395.02
40627.0,35261.98
40543.47,35113.27
40574.81,35171.52
40641.15,35288.15
40699.53,35397.03
40622.55,35258.04
40536.65,35108.8
40574.94,35173.73
40643.98,35288.17
40697.0,35388.27
40612.61,35247.34
40526.73,35099.12
40566.94,35164.16
40638.33,35278.09
40690.3,35383.91
40618.44,35258.38
40524.47,35099.68
40550.45,35146.48
40629.12,35270.7
40689.18,35384.33
40604.54,35243.69
40516.96,35092.46
40560.91,35158.38
40636.23,35282.03
40695.77,35394.16
40621.34,35263.52
40531.45,35105.83
40558.78,35160.05
40632.39,35280.46
40688.58,35387.04
40609.9,35253.19
40521.23,35102.16
40554.63,35160.1
40629.88,35280.02
40687.73,35387.59
40614.26,35256.75
40532.41,35108.02
40562.85,35159.72
40635.31,35279.01
40691.46,35391.33
40617.99,35262.2
40530.11,35109.47
40561.44,35162.85
40625.52,35272.62
40686.88,35386.68
40616.02,35264.77
40525.63,35110.81
40559.9,35167.29
40639.11,35288.33
40692.94,35392.51
40612.58,35262.58
40517.25,35103.01
40552.05,35160.99
40626.37,35282.65
40686.1,35395.84
40609.18,35263.61
40518.05,35106.52
40553.62,35164.23
40623.38,35277.09
40683.26,35388.35
40605.88,35255.88
40508.85,35096.51
40547.49,35158.64
40620.58,35276.82
40676.73,35383.08
40604.8,35255.99
40513.0,35099.23
40542.29,35150.33
40613.92,35267.97
40672.42,35379.12
40599.44,35253.59
40509.72,35100.69
40538.8,35153.46
40609.45,35272.5
40670.47,35382.16
40602.68,35259.09
40507.19,35094.81
40542.02,35152.45
40615.89,35271.75
40669.09,35376.13
40594.32,35247.47
40511.06,35098.59
40541.88,35150.08
40606.43,35257.21
40669.38,35367.97
40591.53,35240.56
40492.8,35073.93
40527.24,35133.21
40602.86,35253.1
40668.37,35370.36
40598.72,35244.25
40513.34,35091.84
40550.4,35153.23
40617.99,35267.3
40670.81,35376.17
40602.68,35255.25
40511.57,35093.71
40542.13,35146.38
40615.78,35265.6
40681.65,35384.96
40614.3,35264.55
40518.82,35102.63
40548.28,35152.54
40622.3,35270.07
40680.91,35379.86
40611.06,35259.45
40522.15,35100.89
40546.89,35145.95
40608.92,35254.13
40669.47,35369.33
40600.33,35247.67
40509.23,35089.62
40541.39,35145.75
40612.52,35262.2
40673.65,35376.55
40607.6,35257.04
40518.26,35098.86
40552.23,35149.77
40627.13,35270.87
40680.4,35383.21
40611.66,35264.7
40517.39,35098.96
40547.32,35148.92
40616.72,35264.7
40681.38,35379.59
40616.65,35263.47
40516.71,35093.47
40543.8,35142.6
40621.66,35268.46
40678.48,35378.68
40603.2,35257.53
40507.42,35092.42
40535.36,35136.72
40599.13,35243.07
40668.08,35362.29
40599.89,35244.9
40506.43,35085.49
40539.67,35139.98
40612.8,35255.94
40674.77,35372.66
40609.5,35257.6
40517.88,35095.88
40538.84,35140.09
40605.99,35253.3
40669.18,35371.5
40605.47,35259.52
40503.91,35087.81
40530.89,35135.8
40604.76,35253.66
40664.64,35367.01
40601.63,35254.71
40510.88,35092.64
40548.05,35149.37
40617.99,35259.9
40661.67,35359.56
40594.54,35242.75
40494.65,35073.26
40519.02,35121.29
40588.73,35238.13
40657.55,35361.66
40590.77,35244.74
40499.37,35079.07
40530.48,35131.58
40601.92,35250.71
40668.93,35372.11
40605.77,35258.29
40511.39,35093.0
40536.92,35142.51
40612.07,35261.62
40672.93,35378.52
40607.82,35265.84
40508.22,35097.07
40536.41,35145.32
40611.53,35262.38
40671.99,35376.53
40604.82,35264.95
40503.5,35094.23
40525.88,35133.79
40596.15,35249.64
40656.59,35364.3
40588.57,35250.64
40493.02,35082.54
40518.93,35128.63
40589.52,35249.13
40651.03,35368.46
40593.94,35262.4
40505.18,35098.23
40528.92,35138.3
40605.03,35257.68
40676.91,35382.36
40611.53,35271.48
40512.29,35096.68
40536.07,35140.27
40608.4,35258.91
40676.73,35382.99
40615.62,35274.65
40511.26,35096.15
40535.4,35139.69
40612.63,35265.53
40677.47,35390.21
40621.23,35288.33
40514.75,35108.35
40531.31,35142.51
40605.99,35258.71
40668.17,35372.44
40613.01,35274.36
40513.45,35101.87
40529.5,35136.41
40598.01,35249.95
40669.4,35375.48
40614.04,35275.21
40512.0,35099.64
40531.67,35133.16
40606.82,35252.7
40678.16,35381.67
40616.67,35276.66
40507.62,35095.3
40534.33,35142.71
40616.54,35268.35
40680.15,35385.74
40627.04,35288.31
40521.9,35110.16
40532.63,35137.23
40601.81,35250.8
40665.0,35372.57
40596.29,35261.55
40483.97,35071.81
40498.27,35100.71
40566.2,35213.14
40635.74,35339.8
40577.96,35239.49
40471.05,35059.89
40487.3,35091.86
40556.73,35204.76
40618.35,35322.1
40558.0,35217.88
40451.11,35037.61
40462.4,35064.1
40531.07,35180.37
40597.05,35306.99
40540.9,35208.67
40436.65,35027.57
40462.6,35070.2
40529.32,35178.54
40594.36,35301.52
40538.75,35207.71
40435.64,35029.94
40444.56,35054.6
40514.5,35167.29
40581.02,35289.52
40517.5,35187.41
40419.69,35013.7
40439.07,35045.23
40505.36,35154.29
40579.75,35289.09
40524.43,35194.39
40426.68,35022.77
40447.27,35060.43
40516.65,35173.93
40583.75,35302.55
40535.98,35215.13
40441.5,35045.46
40459.63,35077.44
40529.07,35186.7
40602.34,35316.05
40549.73,35224.8
40445.28,35046.06
40465.91,35080.73
40535.54,35193.25
40608.09,35322.89
40548.79,35227.06
40435.89,35039.38
40452.61,35071.96
40526.93,35188.77
40591.3,35310.99
40536.05,35214.19
40435.89,35037.43
40463.81,35081.4
40535.94,35198.32
40603.35,35322.21
40550.73,35229.21
40449.01,35056.9
40474.92,35098.63
40549.28,35214.39
40614.28,35333.14
40559.23,35237.01
40457.17,35058.91
40478.02,35098.72
40551.41,35218.59
40618.08,35343.67
40567.7,35252.43
40464.57,35075.43
40479.14,35105.92
40548.52,35216.76
40615.2,35338.98
40558.02,35244.32
40451.85,35063.7
40466.18,35095.79
40535.63,35210.79
40607.33,35339.2
40557.93,35248.66
40461.55,35073.6
40484.17,35111.64
40556.81,35227.82
40620.63,35347.45
40566.89,35258.49
40463.41,35082.13
40485.78,35119.95
40559.63,35236.99
40626.62,35360.88
40573.42,35265.11
40474.27,35088.17
40493.18,35123.26
40565.04,35239.04
40631.38,35362.47
40572.24,35264.66
40466.8,35083.83
40491.17,35120.07
40556.37,35225.07
40625.72,35348.25
40577.69,35264.86
40471.09,35084.84
40487.03,35114.03
40563.5,35232.43
40631.54,35357.46
40583.46,35272.28
40488.51,35099.34
40509.03,35134.32
40576.26,35249.53
40633.59,35362.94
40588.6,35275.7
40488.98,35097.56
40507.19,35131.29
40573.13,35242.46
40636.41,35362.78
40582.3,35272.73
40484.46,35097.4
40506.01,35133.12
40577.78,35247.94
40636.32,35365.02
40577.31,35272.35
40473.66,35093.04
40486.7,35123.71
40548.57,35225.25
40619.45,35347.94
40557.91,35251.14
40456.34,35068.46
40475.21,35099.19
40539.54,35203.64
40600.51,35324.98
40546.11,35234.82
40443.45,35050.98
40460.55,35081.42
40525.3,35191.88
40585.87,35311.64
40527.02,35214.97
40427.13,35034.82
40445.5,35062.2
40511.78,35170.56
40575.1,35292.64
40524.7,35209.2
40418.73,35025.03
40439.76,35059.98
40500.15,35159.45
40566.65,35284.3
40516.18,35202.36
40406.12,35018.54
40421.16,35045.59
40489.78,35157.75
40555.25,35279.03
40516.18,35200.02
40422.97,35027.06
40437.3,35057.44
40511.73,35173.42
40579.99,35299.28
40523.91,35211.13
40413.25,35024.4
40435.76,35061.23
40513.3,35182.63
40581.91,35309.47
40535.65,35225.97
40436.5,35050.82
40446.06,35075.03
40523.13,35196.08
40592.69,35322.44
40546.22,35239.78
40445.5,35061.13
40461.75,35089.4
40527.46,35198.32
40598.81,35326.13
40555.43,35248.36
40450.8,35062.35
40461.53,35085.93
40532.12,35202.32
40599.06,35329.23
40558.98,35253.37
40459.34,35072.93
40478.47,35107.23
40547.83,35223.18
40609.25,35345.33
40561.73,35263.88
40461.95,35083.27
40476.75,35111.01
40547.63,35224.92
40610.95,35347.29
40568.66,35273.18
40464.21,35089.22
40482.65,35117.83
40544.01,35219.75
40613.27,35346.91
40573.69,35272.35
40463.61,35083.09
40473.33,35103.44
40539.27,35212.89
40605.32,35337.19
40566.31,35265.4
40463.25,35081.26
40480.48,35107.86
40552.52,35222.28
40618.55,35346.36
40574.85,35273.76
40477.06,35098.45
40492.51,35123.62
40564.48,35236.81
40629.68,35360.28
40588.33,35289.56
40491.05,35110.41
40506.16,35135.36
40570.0,35241.68
40635.54,35367.3
40598.95,35298.3
40495.46,35115.95
40503.66,35138.24
40563.39,35241.66
40621.3,35359.07
40576.48,35280.86
40477.62,35098.25
40490.63,35120.42
40558.71,35227.78
40630.2,35355.5
40587.3,35283.03
40480.35,35098.79
40500.11,35129.68
40570.32,35241.61
40641.04,35365.89
40600.58,35295.17
40490.45,35107.32
40495.61,35121.38
40563.86,35230.33
40633.77,35357.46
40593.05,35287.57
40494.27,35106.77
40506.52,35130.66
40574.45,35241.17
40640.63,35366.58
40600.47,35301.14
40488.3,35111.93
40490.09,35125.61
40557.02,35234.3
40624.36,35359.54
40585.6,35290.45
40483.9,35106.61
40495.08,35127.31
40572.28,35246.55
40643.72,35379.95
40606.43,35317.12
40500.98,35123.48
40517.63,35141.99
40586.09,35257.77
40653.89,35389.58
40616.18,35324.45
40510.14,35138.15
40525.88,35164.93
40598.57,35278.29
40670.11,35404.18
