18669.43,22144.07
18564.44,22165.4
18513.32,22206.35
18595.38,22226.11
18692.63,22186.99
18663.55,22136.96
18554.34,22151.72
18502.51,22193.58
18593.46,22223.73
18694.73,22189.09
18657.31,22132.61
18551.93,22151.63
18505.93,22197.99
18585.1,22217.16
18675.28,22174.81
18649.02,22129.68
18548.93,22153.1
18500.74,22193.13
18590.64,22221.88
18688.11,22185.27
18659.5,22136.99
18557.13,22162.16
18507.27,22205.99
18599.15,22237.04
18705.84,22207.44
18673.9,22151.43
18572.47,22173.73
18515.31,22212.63
18598.06,22235.31
18699.31,22197.96
18671.73,22145.88
18562.7,22163.54
18513.03,22208.16
18599.76,22237.17
18698.48,22197.99
18663.04,22133.1
18552.53,22149.57
18506.42,22199.37
18588.11,22225.08
18688.49,22188.6
18663.57,22136.14
18554.88,22152.32
18505.48,22200.45
18591.04,22230.87
18693.52,22195.42
18673.25,22144.74
18574.21,22171.19
18520.92,22215.69
18601.17,22243.76
18699.4,22207.4
18674.01,22153.71
18570.97,22174.45
18522.02,22221.16
18599.98,22243.65
18696.72,22205.03
18674.86,22152.63
18571.04,22170.56
18518.73,22213.34
18594.48,22238.31
18695.47,22200.53
18673.38,22143.2
18563.37,22157.53
18508.67,22200.33
18588.76,22229.68
18691.58,22195.75
18669.81,22138.08
18567.86,22160.08
18523.98,22213.52
18590.48,22232.01
18691.85,22196.6
18669.23,22138.87
18561.45,22157.93
18509.66,22205.56
18590.53,22237.44
18691.85,22201.52
18673.9,22145.17
18569.4,22163.3
18517.93,22208.56
18589.01,22234.44
18688.87,22202.08
18672.51,22148.9
18569.22,22167.92
18507.71,22203.19
18585.21,22232.41
18687.71,22198.52
18665.36,22137.26
18558.81,22151.18
18508.34,22199.57
18580.74,22228.96
18681.28,22192.76
18660.87,22130.1
18554.72,22145.04
18492.8,22183.12
18565.56,22212.09
18669.83,22180.93
18659.46,22130.15
18555.93,22150.27
18504.56,22197.96
18570.14,22218.93
18679.35,22191.79
18666.57,22135.04
18552.51,22144.5
18497.16,22191.26
18568.44,22220.18
18675.35,22190.74
18662.99,22134.39
18558.21,22150.89
18508.67,22199.93
18584.38,22232.52
18682.39,22194.43
18662.61,22130.37
18555.43,22144.95
18495.62,22188.96
18566.68,22221.34
18669.0,22189.49
18653.69,22127.31
18546.43,22138.26
18493.92,22187.41
18562.63,22216.74
18666.08,22184.02
18654.18,22126.75
18548.15,22144.65
18504.47,22200.67
18566.3,22224.43
18663.5,22186.81
18664.4,22137.84
18549.8,22145.24
18493.7,22193.98
18566.14,22228.34
18671.82,22199.75
18672.78,22150.15
18566.88,22164.57
18506.75,22206.23
18578.57,22241.37
18680.65,22206.61
18673.23,22148.28
18565.4,22159.43
18500.96,22196.02
18570.01,22229.97
18677.61,22200.0
18661.11,22132.27
18556.15,22149.04
18504.63,22197.09
18565.69,22227.02
18674.75,22200.96
18676.8,22147.78
18563.08,22153.21
18504.03,22196.4
18574.48,22233.68
18680.63,22204.13
18681.05,22149.73
18569.29,22159.25
18503.67,22196.91
18570.46,22232.07
18674.17,22200.62
18672.49,22143.11
18564.33,22154.82
18502.88,22196.18
18568.62,22232.97
18674.05,22204.67
18674.05,22147.36
18562.99,22155.18
18502.51,22198.59
18564.02,22227.51
18674.79,22200.67
18681.16,22147.47
18572.24,22154.96
18513.08,22198.12
18576.15,22233.26
18684.67,22208.18
18683.69,22150.11
18576.96,22159.16
18519.4,22205.81
18579.57,22240.79
18687.09,22214.79
18685.39,22156.14
18576.18,22165.98
18520.39,22210.23
18581.65,22245.19
18692.72,22222.82
18694.6,22165.51
18583.33,22171.77
18526.06,22218.37
18569.96,22237.66
18685.79,22217.48
18690.01,22161.35
18578.52,22167.39
18519.49,22211.69
18571.59,22237.04
18677.14,22208.42
18680.4,22151.54
18573.43,22161.57
18512.21,22204.96
18563.55,22233.88
18674.77,22209.77
18678.32,22152.25
18564.87,22154.78
18507.89,22198.77
18564.15,22235.04
18673.68,22209.43
18684.31,22154.58
18575.44,22161.06
18520.95,22210.97
18577.27,22246.82
18690.44,22226.04
18701.77,22172.62
18583.66,22169.67
18525.68,22216.25
18583.24,22253.46
18692.67,22228.41
18699.83,22170.34
18591.09,22176.71
18527.07,22216.13
18578.75,22250.94
18688.31,22226.98
18692.38,22165.26
18581.27,22168.48
18520.9,22212.0
18565.65,22239.27
18680.43,22220.52
18682.77,22155.07
18578.03,22162.36
18517.66,22203.19
18564.91,22234.44
18681.52,22216.61
18689.21,22157.57
18579.64,22164.01
18514.69,22203.42
18569.2,22242.64
18684.13,22224.25
18698.33,22171.59
18586.3,22172.62
18527.67,22216.65
18577.38,22252.48
18691.38,22232.81
18699.56,22173.87
18587.78,22177.13
18525.53,22220.9
18569.96,22251.61
18680.76,22225.66
18686.26,22162.4
18575.06,22164.14
18521.06,22211.2
18572.55,22248.68
18694.78,22233.21
18696.29,22165.64
18576.91,22160.75
18517.55,22206.81
18564.2,22240.52
18683.67,22222.24
18697.75,22163.1
18574.48,22155.96
18514.26,22203.28
18562.16,22240.14
18680.65,22221.63
18690.24,22160.57
18579.42,22162.27
18522.06,22211.62
18563.14,22245.3
18677.59,22225.12
18695.8,22168.59
18586.59,22169.6
18524.14,22210.64
18565.18,22242.8
18681.79,22224.96
18690.75,22160.17
18582.86,22164.26
18516.47,22205.9
18558.68,22243.45
18678.79,22228.54
18692.34,22166.22
18585.99,22170.47
18524.75,22213.83
18571.13,22252.68
18686.04,22232.59
18691.78,22163.27
18577.52,22164.06
18510.8,22205.7
18553.74,22242.58
18672.85,22226.75
18687.2,22163.88
18572.51,22162.6
18518.73,22217.61
18556.89,22251.23
18665.36,22227.29
18684.96,22172.35
18568.64,22164.59
18508.32,22210.37
18544.62,22244.75
18663.59,22227.83
18681.34,22167.52
18562.79,22155.96
18504.38,22203.13
18537.49,22234.04
18647.26,22207.62
18670.52,22149.15
18557.8,22143.4
18500.25,22188.49
18543.19,22226.11
18647.95,22198.1
18649.87,22121.21
18541.87,22119.04
18481.18,22164.41
18520.39,22201.12
18647.19,22188.84
18669.92,22127.04
18554.85,22120.0
18500.78,22176.04
18538.96,22213.88
18642.54,22185.33
18659.64,22121.68
18545.58,22117.3
18481.29,22162.11
18517.21,22201.81
18638.96,22185.85
18661.76,22127.56
18545.13,22118.79
18484.04,22163.3
18521.68,22205.21
18643.08,22192.22
18668.0,22135.36
18547.3,22122.33
18486.55,22167.14
18518.67,22201.23
18636.17,22187.53
18666.57,22133.61
18555.43,22126.53
18490.21,22166.65
18527.18,22208.36
18650.83,22198.21
18667.68,22130.71
18552.53,22123.0
18490.44,22169.96
18521.3,22208.54
18645.29,22200.27
18671.73,22142.38
18558.63,22133.72
18501.61,22183.73
18532.48,22222.08
18650.68,22206.28
18674.84,22144.25
18561.31,22134.26
18497.19,22179.54
18525.93,22216.58
18636.73,22197.54
18660.49,22137.08
18548.15,22128.85
18486.55,22177.15
18518.44,22216.72
18637.35,22202.19
18659.88,22136.52
18547.21,22124.61
18486.81,22173.22
18515.31,22209.21
18635.54,22195.82
18660.78,22134.37
18545.11,22121.72
18490.32,22174.07
18521.06,22211.11
18641.18,22199.06
18670.12,22142.04
18561.51,22132.65
18502.86,22180.78
18523.14,22214.84
18635.83,22196.76
18675.35,22144.86
18565.38,22135.69
18489.68,22169.35
18519.43,22211.17
18642.4,22201.61
18671.17,22139.16
18560.62,22128.83
18501.39,22179.1
18525.42,22217.1
18646.36,22204.96
18681.9,22148.23
18563.64,22131.33
18498.3,22174.52
18521.48,22215.31
18637.09,22199.95
18672.85,22142.84
18555.28,22122.13
18493.52,22169.42
18518.22,22214.01
18634.85,22200.13
18672.49,22144.83
18565.38,22136.36
18497.54,22179.37
18518.82,22217.37
18636.5,22201.9
18670.68,22142.06
18562.25,22130.95
18505.95,22185.98
18526.04,22223.42
18641.67,22207.29
18673.65,22142.42
18567.77,22132.83
18506.08,22177.09
18527.09,22214.12
18650.7,22204.94
18689.37,22147.18
18579.11,22134.66
18520.79,22187.1
18538.65,22225.95
18658.1,22211.17
18700.92,22157.84
18587.71,22142.4
18515.13,22181.04
18535.14,22221.3
18660.62,22215.24
18700.54,22157.91
18587.96,22140.27
18522.71,22184.96
18540.71,22225.59
18656.15,22214.37
18695.65,22156.3
18582.08,22134.57
18522.11,22182.59
18535.09,22217.83
18656.4,22211.24
18697.5,22153.64
18586.32,22136.81
18524.97,22186.36
18540.88,22228.5
18659.84,22218.97
18696.03,22156.59
18588.07,22143.11
18516.45,22185.11
18530.04,22224.43
18652.89,22217.21
18683.78,22150.24
18569.47,22131.82
18509.79,22179.59
18522.26,22217.86
18641.18,22209.65
18686.35,22157.24
18579.13,22138.69
18517.26,22182.96
18527.99,22221.03
18650.79,22215.09
18687.27,22153.46
18578.75,22135.13
18517.08,22186.1
18524.32,22220.76
18644.86,22213.41
18681.52,22153.26
18577.81,22139.92
18507.71,22179.84
18519.49,22218.91
18637.96,22210.23
18682.3,22152.72
18574.99,22134.28
18505.7,22176.42
18509.68,22209.21
18626.31,22198.9
18673.45,22146.87
18556.44,22120.02
18490.23,22164.91
18509.88,22214.19
18623.67,22202.95
18668.94,22145.62
18571.28,22132.32
18500.38,22172.64
18506.08,22211.67
18625.15,22206.7
18675.42,22155.34
18568.4,22138.84
18510.44,22192.89
18510.33,22226.08
18619.29,22206.81
18666.57,22150.87
18559.17,22129.97
18494.48,22179.63
18503.51,22219.51
18628.17,22215.6
18675.44,22159.43
18571.19,22136.18
18499.22,22173.8
18496.69,22207.31
18618.53,22207.87
18669.36,22156.46
18567.33,22138.08
18497.77,22179.21
18506.75,22221.16
18628.95,22217.68
18685.92,22168.57
18580.31,22143.74
18513.19,22184.73
18518.89,22227.31
18636.46,22221.86
18682.32,22165.24
18575.33,22138.91
18503.96,22177.47
18509.68,22220.72
18631.68,22217.16
18678.99,22158.18
18568.4,22130.64
18508.43,22179.59
18512.18,22222.15
18621.64,22209.54
18672.07,22153.06
18573.65,22132.7
18502.86,22174.9
18505.68,22216.36
18625.3,22212.0
18680.54,22158.89
18577.56,22131.71
18508.67,22175.63
18509.32,22219.8
18626.15,22214.01
18675.8,22155.27
18574.9,22132.45
18495.29,22168.06
18496.13,22209.79
18621.75,22210.35
18678.7,22155.5
18578.84,22133.1
18511.24,22176.15
18512.96,22217.77
18634.83,22219.29
18691.2,22166.18
18585.38,22137.35
18508.58,22173.44
18508.99,22215.49
18629.24,22216.27
18679.49,22158.4
18581.18,22135.98
18504.14,22174.45
18496.8,22212.13
18620.19,22215.49
18676.78,22161.6
18575.44,22131.69
18500.27,22170.83
18498.57,22214.08
18620.61,22216.83
18679.98,22164.95
18581.25,22134.75
18509.57,22175.84
18502.79,22215.8
18627.7,22217.05
18680.74,22157.98
18576.82,22130.89
18502.35,22172.57
18497.5,22213.12
18615.45,22209.9
18680.78,22160.93
18583.37,22136.92
18509.77,22179.5
18510.31,22226.08
18624.59,22224.41
18667.26,22154.33
18571.08,22124.78
18494.03,22161.51
18478.66,22194.3
18599.04,22197.99
18650.92,22136.85
18547.48,22102.92
18470.5,22142.15
18459.34,22181.45
18583.57,22188.02
18644.44,22132.85
18542.11,22094.88
18471.68,22139.78
18465.24,22182.96
18580.49,22178.92
18640.44,22125.54
18544.71,22097.56
18476.58,22143.22
18468.26,22183.86
18581.21,22179.54
18643.25,22125.03
18544.13,22091.97
18469.92,22136.96
18458.81,22177.82
18580.36,22179.7
18646.41,22130.64
18547.39,22096.93
18472.06,22138.42
18459.43,22178.88
18584.56,22188.26
18651.7,22142.06
18549.58,22105.12
18468.58,22142.44
18453.91,22181.87
18575.01,22186.27
18647.66,22138.75
18556.08,22108.62
18482.37,22152.54
18472.11,22193.47
18590.46,22198.43
18650.25,22142.24
18555.23,22105.85
18484.58,22152.93
18464.55,22187.95
18583.89,22189.85
18647.23,22135.85
18555.5,22105.99
18486.9,22149.79
18474.3,22192.2
18593.7,22200.38
18661.98,22151.14
18570.57,22117.68
18497.48,22161.46
18484.91,22206.08
18602.04,22208.96
18664.35,22152.5
18568.78,22117.52
18489.85,22156.9
18477.49,22198.01
18588.4,22197.36
18651.7,22145.86
18562.9,22113.88
18481.0,22147.98
18458.79,22182.85
18573.81,22186.25
18643.01,22133.28
18550.54,22093.56
18478.39,22137.84
18465.2,22181.2
18586.77,22190.81
18651.75,22138.78
18565.96,22109.47
18492.25,22154.91
18471.15,22192.04
18586.57,22192.78
18657.85,22143.4
18565.56,22106.14
18492.36,22150.82
18473.25,22192.78
18581.99,22193.78
18651.23,22144.72
18564.51,22108.91
18482.23,22145.19
18456.91,22179.43
18569.7,22182.76
18637.09,22129.81
18549.18,22094.27
18469.22,22131.78
18447.32,22170.98
18567.39,22184.98
18645.53,22141.82
18555.61,22102.88
18479.13,22141.95
18466.27,22188.67
18582.03,22198.92
18637.33,22137.3
18543.54,22096.26
18466.7,22138.8
18443.12,22173.11
18556.51,22175.08
18632.28,22129.28
18547.74,22095.55
18465.11,22131.27
18450.18,22178.88
18566.88,22189.09
18637.17,22137.08
18555.3,22103.17
18470.3,22136.92
18435.29,22168.21
18552.33,22176.73
18630.74,22130.82
18546.43,22093.47
18466.09,22130.95
18448.82,22176.97
18564.67,22187.19
18632.17,22132.85
18549.24,22097.25
18475.3,22140.61
18455.63,22183.68
18575.64,22195.35
18647.84,22143.6
18571.26,22114.66
18487.46,22153.6
18448.66,22179.93
18563.66,22187.14
18636.64,22136.47
18556.48,22100.35
18475.82,22139.6
18450.76,22181.69
18562.65,22191.24
18637.73,22143.49
18550.76,22099.53
18465.09,22130.84
18447.32,22176.93
18565.87,22192.67
18636.28,22140.32
18556.06,22104.78
18474.68,22145.73
18449.93,22188.51
18567.13,22199.01
18640.62,22146.58
18561.2,22107.39
18480.67,22145.17
18450.58,22182.5
18563.53,22193.13
18638.07,22143.63
18553.82,22098.48
18471.03,22136.88
18440.52,22175.28
18555.59,22187.59
18631.86,22137.17
18554.32,22097.89
18477.02,22139.49
18454.7,22186.94
18561.2,22191.06
18634.87,22139.85
18554.96,22095.79
18477.25,22137.37
18446.87,22176.04
18556.78,22185.96
18634.09,22141.23
18551.79,22095.23
18467.28,22128.94
18433.21,22164.57
18542.98,22176.37
18625.22,22131.78
18544.59,22088.69
18457.98,22124.61
18431.76,22166.85
18553.76,22188.71
18633.89,22141.26
18558.81,22099.77
18468.13,22131.6
18438.8,22170.9
18552.21,22181.94
18634.29,22138.11
18561.71,22098.37
18471.59,22132.05
18437.39,22172.79
18549.22,22188.13
18633.58,22145.13
18564.26,22106.97
18479.93,22143.45
18454.99,22187.99
18570.1,22203.82
18647.3,22152.39
18570.41,22105.49
18488.89,22145.93
18454.85,22185.51
18563.37,22198.46
18645.47,22152.68
18574.25,22109.18
18489.0,22145.84
18454.0,22186.1
18562.81,22199.28
18643.99,22152.54
18574.95,22110.1
18487.11,22143.85
18446.42,22176.93
18552.48,22188.31
18640.93,22147.47
18568.82,22101.9
18480.06,22136.88
18449.2,22181.78
18560.98,22199.86
18640.79,22151.0
18573.9,22110.66
18481.32,22141.71
18446.87,22183.73
18563.66,22206.41
18648.13,22162.34
18579.91,22115.6
18496.69,22154.69
18463.66,22195.51
18572.11,22208.71
18658.36,22163.79
18581.21,22109.14
18493.63,22142.91
18454.52,22180.64
18559.86,22195.53
18644.66,22151.16
18582.55,22109.76
18497.32,22146.46
18460.44,22186.92
18568.96,22205.81
18654.18,22161.44
18584.51,22112.71
18487.51,22142.93
18453.8,22185.58
18553.87,22196.58
18640.77,22153.48
18576.47,22106.05
18489.47,22141.23
18455.97,22186.25
18566.48,22206.44
18650.59,22160.53
18588.02,22115.69
18498.73,22148.37
18464.96,22193.96
18569.72,22210.88
18658.86,22170.45
18595.67,22123.06
18503.73,22150.11
18467.66,22194.19
18578.97,22217.68
18664.18,22171.54
18602.6,22126.79
18508.09,22156.43
18468.35,22196.09
18571.91,22213.45
18648.22,22160.81
18576.11,22104.73
18486.14,22137.48
18451.5,22184.29
18553.31,22199.19
18638.52,22153.55
18582.01,22110.52
18496.25,22147.67
18445.71,22179.79
18541.91,22191.48
18633.15,22152.32
18576.18,22107.93
18477.43,22131.98
18444.68,22178.21
18543.88,22193.87
18631.83,22150.42
18582.12,22111.44
18493.86,22145.68
18455.63,22188.38
18556.69,22205.68
18643.19,22160.93
18577.18,22104.76
18485.88,22136.59
18446.02,22180.22
18553.78,22204.56
18647.95,22166.09
18588.8,22114.5
18491.78,22140.99
18452.84,22185.25
18552.04,22203.24
18644.39,22164.48
18587.33,22113.81
18496.6,22144.23
18458.92,22188.82
18557.85,22206.1
18647.12,22164.64
18588.98,22114.61
18487.31,22136.96
18440.43,22171.46
18540.5,22188.75
18630.09,22146.73
18577.27,22098.41
18479.04,22122.33
18436.37,22165.84
18537.73,22191.66
18634.87,22156.01
18580.4,22108.24
18477.36,22132.03
18434.42,22173.89
18532.41,22193.81
18625.51,22155.83
18574.54,22108.96
18482.25,22137.84
18445.96,22183.59
18535.83,22197.65
18617.13,22147.63
18552.46,22085.6
18460.82,22116.4
18413.19,22154.49
18516.23,22178.38
18615.4,22140.27
18560.51,22083.75
18474.34,22118.77
18433.37,22163.36
18532.23,22187.48
18621.84,22144.88
18572.91,22094.16
18482.25,22125.68
18444.08,22170.31
18543.79,22194.3
18638.65,22156.81
18587.55,22105.72
18485.41,22129.79
18443.83,22177.62
18544.06,22205.07
18633.82,22159.32
18579.69,22102.32
18476.51,22124.9
18428.5,22167.99
18523.31,22192.22
18620.21,22154.85
18576.69,22105.07
18480.18,22130.01
18433.73,22170.47
18532.75,22195.46
18625.57,22155.03
18584.4,22103.24
18479.57,22124.67
18431.79,22167.65
18527.67,22190.86
18623.9,22153.06
18585.03,22106.5
18486.39,22131.54
18438.51,22175.59
18537.91,22204.96
18638.7,22169.42
18591.31,22110.26
18489.56,22132.63
18445.58,22179.12
18538.36,22201.29
18639.12,22166.8
18592.27,22108.29
18488.2,22130.44
18442.04,22175.19
18534.54,22199.44
18631.5,22161.33
18586.39,22104.04
18485.54,22130.13
18433.57,22170.18
18531.56,22201.5
18630.92,22164.75
18588.92,22109.99
18483.3,22128.43
18433.75,22170.11
18527.83,22197.94
18631.94,22165.02
18593.03,22111.87
18487.22,22130.64
18436.59,22172.24
18533.24,22200.33
18636.48,22166.13
18599.58,22117.59
18493.68,22139.02
18441.22,22178.23
18530.36,22204.24
18628.12,22167.5
18585.72,22110.63
18488.18,22137.26
18439.72,22179.54
18525.06,22198.77
18624.23,22160.1
18585.61,22102.05
18488.2,22130.48
18441.78,22176.69
18527.14,22193.83
18626.22,22156.21
18598.62,22110.5
18499.71,22136.25
18443.79,22173.94
18532.75,22202.48
18635.07,22169.94
18597.43,22114.1
18493.63,22134.37
18448.21,22181.4
18533.93,22204.69
18632.68,22164.84
18597.79,22109.29
18495.11,22132.45
18447.25,22179.01
18530.31,22203.95
18627.03,22165.02
18594.93,22109.92
18493.61,22135.67
18439.94,22175.01
18523.07,22199.04
18625.51,22166.27
18591.38,22109.58
18487.24,22131.04
18437.37,22175.59
18525.15,22201.7
18623.96,22164.35
18595.15,22110.57
18492.67,22132.16
18436.19,22170.45
18526.11,22200.65
18627.94,22165.42
18595.11,22107.46
18497.59,22134.64
18449.15,22180.69
18532.41,22206.79
18637.02,22176.82
18609.57,22123.38
18502.73,22143.25
18448.32,22184.98
18531.34,22211.71
18630.36,22176.69
18598.24,22115.98
18498.15,22137.81
18445.04,22178.7
18535.43,22211.69
18636.1,22175.19
18604.0,22116.74
18496.38,22132.38
18445.89,22178.03
18527.09,22203.33
18633.13,22170.0
18615.83,22123.76
18514.64,22148.3
18459.63,22190.16
18537.89,22215.04
18635.9,22178.83
18606.33,22118.48
18503.76,22138.87
18451.68,22185.25
18528.32,22209.59
18636.35,22181.04
18609.48,22124.36
18497.21,22137.14
18445.6,22179.26
18536.57,22216.56
18645.85,22189.2
18617.33,22128.7
18511.58,22145.46
18460.13,22191.01
18535.83,22216.98
18643.66,22188.44
18616.7,22128.61
18510.89,22145.79
18457.36,22188.6
18536.26,22220.27
18635.1,22182.65
18608.41,22123.94
18504.2,22142.51
18451.61,22183.28
18524.46,22207.98
18629.6,22177.15
18609.64,22122.71
18501.61,22138.93
18447.65,22179.79
18525.19,22208.78
18632.66,22178.54
18617.44,22127.6
18504.14,22139.98
18453.18,22186.83
18540.15,22225.66
18641.49,22191.1
18622.29,22135.47
18517.93,22153.15
18468.38,22198.41
18543.88,22228.27
18646.12,22195.3
18624.79,22134.89
18510.69,22145.41
18458.14,22192.73
18534.51,22223.58
18641.64,22195.39
18626.07,22141.88
18525.46,22160.55
18467.93,22198.54
18539.25,22226.19
18644.73,22197.05
18621.39,22134.42
18514.69,22150.18
18459.5,22191.73
18526.91,22218.17
18632.19,22185.96
18619.4,22130.04
18510.04,22143.22
18459.37,22188.91
18535.85,22224.58
18641.51,22191.39
18626.63,22134.02
18522.85,22153.51
18470.45,22201.21
18538.49,22228.09
18637.78,22192.71
18622.0,22134.35
18514.24,22146.13
18459.46,22191.35
18524.88,22217.79
18627.32,22184.8
18620.97,22135.71
18511.22,22148.3
18454.87,22192.2
18525.62,22224.81
18629.64,22191.84
18618.31,22135.24
18510.62,22151.38
18458.99,22198.61
18527.14,22227.07
18631.83,22190.45
18620.25,22130.21
18504.25,22135.92
18453.73,22184.35
18527.12,22220.56
18640.93,22199.62
18630.65,22142.33
18519.02,22150.87
18463.59,22196.82
18532.97,22231.25
18647.68,22210.28
18641.96,22153.8
18527.65,22161.75
18472.67,22205.83
18545.49,22243.25
18655.46,22216.54
18647.08,22157.48
18532.48,22165.51
18476.35,22211.42
18545.8,22250.24
18652.66,22224.21
18645.82,22163.59
18535.72,22170.09
18471.62,22205.74
18538.29,22237.3
18652.57,22212.29
18646.07,22154.85
18534.27,22162.11
18476.46,22205.36
18538.04,22234.91
18648.46,22207.66
18640.3,22147.02
18522.0,22151.12
18472.29,22201.79
18534.71,22232.14
18643.1,22204.24
18640.77,22146.71
18528.72,22152.99
18472.55,22196.24
18535.25,22231.36
18640.15,22204.4
18639.77,22148.21
18535.07,22163.1
18474.63,22204.11
18533.08,22233.3
18638.27,22202.01
18635.52,22144.63
18526.44,22154.74
18469.98,22198.92
18529.46,22229.39
18646.38,22209.43
18643.66,22148.57
18528.68,22153.93
18473.09,22200.85
18531.23,22232.74
18640.28,22205.47
18639.28,22147.36
18522.2,22150.49
18460.69,22192.11
18517.84,22223.06
18629.6,22194.92
18627.14,22133.88
18517.71,22146.4
18461.04,22192.06
18513.88,22222.3
18626.85,22197.34
18633.04,22142.22
18522.29,22150.2
18459.05,22190.92
18515.6,22224.63
18629.82,22204.51
18632.21,22142.8
18518.15,22142.17
18462.36,22191.13
18523.2,22229.61
18638.58,22208.13
18648.19,22155.5
18521.53,22146.62
18466.7,22194.97
18526.78,22234.35
18636.39,22206.61
18649.96,22155.83
18531.45,22158.69
18466.43,22198.77
18517.57,22229.55
18628.19,22205.72
18628.3,22139.47
18523.65,22148.57
18469.47,22196.06
18532.61,22238.89
18646.63,22214.19
18652.46,22154.36
18535.76,22155.23
18475.75,22200.96
18527.92,22236.61
18648.87,22220.99
18662.05,22167.05
18546.63,22169.6
18486.37,22216.74
18536.75,22252.75
18643.23,22223.62
18647.19,22161.11
18539.03,22168.41
18477.87,22210.99
18532.86,22249.69
18652.64,22231.33
18663.57,22173.76
18547.34,22173.47
18482.7,22212.18
18536.21,22251.05
18650.81,22229.84
18658.99,22167.01
18546.25,22168.75
18483.97,22212.45
18528.43,22241.35
18644.69,22220.9
18657.02,22160.68
18545.62,22167.07
18481.34,22211.02
18523.92,22237.82
18644.1,22221.32
18650.65,22158.13
18534.13,22157.08
18475.21,22203.51
18523.81,22240.07
18636.04,22216.92
18651.03,22163.16
18541.51,22165.89
18479.37,22208.56
18518.73,22236.54
18625.17,22209.47
18641.38,22153.46
18532.79,22158.36
18471.12,22204.4
18508.61,22231.6
18627.03,22213.39
18636.41,22149.3
18518.78,22142.6
18460.46,22189.11
18514.57,22231.25
18626.74,22206.44
18642.61,22150.24
18535.43,22157.17
18469.2,22195.93
18512.5,22230.89
18626.04,22210.44
18643.41,22154.85
18530.58,22151.99
18474.12,22199.77
18518.38,22236.28
18632.03,22216.92
18649.09,22157.89
18538.76,22160.1
18478.57,22206.19
18514.55,22235.8
18635.01,22221.41
18651.39,22160.48
18536.84,22159.05
18469.51,22200.6
18505.77,22232.47
18627.29,22218.51
18648.15,22158.09
18532.86,22153.35
18471.57,22199.93
18512.68,22238.4
18625.69,22215.87
18646.03,22157.26
18544.68,22163.01
18482.1,22207.69
18519.38,22240.39
18632.5,22217.79
18645.8,22152.99
18530.22,22147.34
18473.36,22198.37
18515.83,22238.96
18629.02,22219.76
18646.92,22157.93
18535.45,22155.88
18477.0,22204.36
18512.5,22238.04
18636.19,22227.45
18661.0,22172.21
18538.94,22160.3
18472.04,22203.19
18507.29,22237.71
18617.91,22213.23
18645.27,22161.6
18534.87,22161.64
18472.2,22205.63
18511.69,22242.8
18626.85,22223.67
18652.44,22164.62
18540.44,22157.87
18472.8,22197.7
18510.22,22236.83
18623.23,22216.2
18645.73,22155.79
18535.34,22151.05
18467.26,22192.85
18503.71,22232.36
18625.1,22223.38
18655.01,22169.96
18539.07,22157.04
18477.0,22204.74
18511.29,22246.2
18628.41,22230.42
18652.33,22170.0
18544.13,22168.15
18479.79,22213.81
18511.67,22249.06
18632.57,22234.75
18651.46,22168.21
18531.83,22157.98
18470.05,22205.29
18494.57,22236.52
18612.43,22221.61
18644.24,22165.82
18528.99,22155.0
18463.97,22196.31
18495.69,22230.46
18617.35,22217.86
18646.41,22159.5
18532.7,22149.97
18474.23,22202.9
18505.19,22240.86
18624.61,22227.87
18654.65,22170.81
18541.35,22160.68
18474.72,22205.36
18500.07,22241.13
18620.3,22230.04
18650.32,22172.51
18532.97,22158.2
18470.5,22203.02
18496.87,22238.06
18617.75,22223.98
18646.29,22164.01
18530.65,22152.37
18460.78,22190.99
18489.05,22231.56
18606.4,22219.29
18646.94,22166.69
18540.64,22160.57
18469.78,22197.72
18499.33,22237.04
18618.29,22226.66
18648.91,22165.75
18542.47,22160.61
18473.04,22203.95
18495.58,22240.57
18614.04,22226.6
18644.17,22166.31
18527.85,22152.57
18464.64,22198.54
18491.89,22240.9
18610.2,22230.22
18648.8,22175.99
18538.02,22161.4
18471.46,22202.48
18500.05,22242.02
18622.4,22232.34
18658.03,22178.65
18544.44,22163.41
18475.1,22204.36
18497.88,22241.62
18621.77,22232.45
18661.56,22178.74
18543.19,22159.54
18483.3,22209.01
18507.04,22246.94
18622.82,22233.35
18655.86,22174.54
18540.08,22156.7
18472.73,22198.77
18490.39,22233.28
18606.44,22217.86
18645.13,22159.54
18538.02,22148.41
18476.58,22195.37
18498.13,22232.92
18623.72,22227.07
18668.24,22176.8
18550.65,22156.12
18480.18,22198.84
18503.56,22239.4
18624.43,22230.13
18661.25,22171.52
18558.5,22163.18
18488.22,22206.32
18505.79,22246.06
18621.66,22230.35
18647.66,22159.32
18541.53,22146.55
18476.46,22192.55
18492.4,22229.57
18609.82,22218.82
18651.48,22162.02
18542.54,22146.58
18473.43,22189.47
18488.45,22227.6
18606.22,22217.16
18650.0,22160.57
18540.08,22143.76
18470.41,22187.57
18482.34,22223.62
18604.9,22217.59
18646.85,22161.93
18532.93,22140.23
18468.82,22184.31
18490.26,22227.47
18607.2,22219.0
18651.93,22164.97
18546.36,22151.32
18475.15,22190.99
18489.21,22229.26
18608.12,22220.96
18654.77,22169.2
18544.53,22150.53
18475.17,22193.7
18480.98,22227.83
18601.48,22219.2
18636.55,22154.56
18534.2,22141.48
18465.63,22183.61
18475.59,22222.64
18588.31,22209.18
18633.96,22154.13
18541.87,22147.54
18472.89,22191.46
18485.83,22229.72
18602.13,22220.7
18639.86,22159.03
18531.92,22136.63
18468.24,22182.74
18469.54,22214.5
18581.85,22201.83
18631.36,22150.98
18523.94,22133.57
18457.38,22181.33
18469.65,22223.76
18588.67,22215.53
18636.95,22159.88
18535.0,22140.3
18467.93,22185.18
18471.32,22221.23
18591.38,22216.22
18643.34,22163.41
18536.37,22143.52
18456.26,22177.02
18463.03,22216.83
18585.61,22214.95
18635.19,22161.62
18523.96,22135.89
18463.32,22185.4
18471.84,22223.31
18588.8,22215.04
18643.39,22164.62
18536.93,22143.04
18464.35,22182.74
18471.35,22223.53
18593.28,22222.62
18641.04,22166.56
18527.54,22139.27
18457.04,22184.82
18465.85,22227.38
18592.72,22227.31
18638.49,22168.93
18536.23,22150.55
18466.56,22192.09
18474.63,22233.28
18593.92,22227.58
18640.71,22168.55
18542.22,22149.55
18472.13,22190.99
18477.65,22231.38
18594.48,22226.53
18636.1,22160.75
18531.29,22137.53
18464.48,22185.49
18470.5,22226.66
18592.2,22221.63
18651.37,22172.51
18541.46,22143.74
18479.88,22194.92
18479.24,22232.21
18584.89,22220.4
18638.85,22167.63
18540.41,22149.3
18469.94,22191.59
18476.78,22235.56
18597.59,22232.18
18646.74,22173.58
18554.43,22161.84
18490.66,22212.09
18487.71,22248.32
18605.05,22243.4
18658.65,22189.16
18551.34,22161.29
18481.76,22205.61
18474.9,22238.91
18594.59,22238.13
18648.69,22183.23
18540.44,22152.97
18469.56,22195.97
18464.62,22230.55
18581.47,22226.42
18632.21,22169.24
18531.23,22144.28
18461.49,22189.11
18464.13,22231.36
18585.61,22232.79
18642.29,22178.76
18547.34,22158.78
18472.49,22198.52
18470.47,22238.42
18590.24,22237.1
18644.93,22178.94
18539.9,22148.21
18470.03,22192.35
18475.46,22236.36
18591.91,22232.47
18650.43,22181.74
18551.52,22153.55
18484.54,22198.88
18478.21,22236.16
18601.57,22241.13
18654.83,22184.87
18552.35,22154.89
18476.46,22195.59
18463.5,22229.03
18581.45,22229.61
18639.43,22173.85
18538.18,22143.04
18467.03,22189.47
18457.24,22224.52
18575.48,22222.71
18632.21,22168.21
18528.12,22136.23
18460.1,22182.43
18444.75,22212.67
18560.24,22210.57
18616.14,22155.92
18522.42,22132.0
18448.32,22173.38
18442.56,22212.87
18565.67,22217.05
18623.38,22162.04
18525.91,22131.45
18456.95,22175.5
18456.17,22222.48
18573.9,22222.28
18628.81,22165.75
18538.74,22147.92
18468.87,22191.62
18457.27,22225.43
18577.83,22226.87
18631.1,22167.41
18531.74,22135.24
18457.09,22176.37
18450.38,22216.83
18568.11,22218.62
18627.52,22166.18
18534.92,22140.47
18456.62,22175.1
18442.38,22210.82
18562.99,22215.64
18628.1,22165.67
18531.23,22137.08
18459.72,22180.37
18445.51,22214.97
18561.36,22216.2
18626.36,22166.13
18534.42,22139.25
18460.17,22181.89
18450.0,22222.3
18562.36,22219.71
18625.46,22166.34
18531.47,22135.78
18462.5,22181.18
18451.95,22219.64
18572.58,22226.35
18630.8,22170.87
18538.16,22141.46
18463.03,22182.16
18458.25,22227.94
18568.71,22223.76
18630.04,22171.05
18538.0,22141.06
18462.56,22180.48
18449.84,22221.32
18559.08,22216.7
18626.47,22164.95
18539.74,22136.76
18470.34,22184.17
18458.05,22226.22
18570.88,22224.29
18633.11,22167.88
18539.14,22135.74
18470.65,22179.93
18459.86,22223.87
18575.73,22228.72
18635.63,22172.97
18539.9,22137.99
18468.33,22184.24
18457.0,22228.72
18574.59,22232.68
18641.76,22181.63
18549.38,22148.52
18473.54,22187.19
18457.76,22225.52
18574.84,22230.26
18636.17,22174.81
18548.42,22143.52
18471.21,22184.73
18452.73,22221.95
18573.58,22230.91
18632.23,22171.34
18535.96,22132.21
18467.46,22181.36
18458.79,22229.35
18572.31,22232.77
18633.62,22175.63
18545.31,22142.73
18467.75,22181.04
18447.3,22217.86
18564.67,22224.88
18637.98,22176.3
18549.71,22139.56
18476.6,22181.83
18458.38,22224.45
18576.94,22234.6
18641.35,22182.12
18549.71,22145.24
18479.64,22192.55
18459.97,22230.49
18566.95,22230.62
18632.35,22178.16
18543.41,22143.16
18467.86,22183.64
18444.86,22218.66
18562.54,22227.09
18636.71,22179.97
18551.52,22144.52
18470.83,22182.36
18455.48,22226.48
18568.15,22231.4
18639.21,22182.59
18553.85,22144.9
18474.25,22183.14
18456.66,22226.39
18568.93,22232.41
18633.46,22179.01
18549.02,22144.14
18476.64,22188.31
18451.92,22225.34
18567.59,22237.06
18637.98,22187.53
18555.84,22155.25
18475.59,22191.77
18454.56,22230.51
18568.04,22236.16
18641.76,22189.4
18561.09,22153.66
18470.9,22183.28
18443.38,22220.49
18556.66,22225.86
18630.27,22175.66
18546.96,22138.15
18464.89,22173.24
18443.23,22217.83
18557.4,22226.62
18628.75,22175.59
18546.43,22140.21
18465.6,22179.39
18442.24,22222.89
18550.81,22227.67
18628.05,22182.52
18542.47,22140.45
18463.88,22179.81
18451.63,22231.38
18562.34,22237.53
18634.67,22186.3
18557.96,22152.93
18476.64,22191.62
18457.22,22238.93
18571.55,22250.18
18642.49,22196.62
18557.33,22153.06
18476.64,22192.11
18449.44,22231.45
18561.34,22239.18
18636.41,22191.46
18549.53,22145.19
18470.16,22187.21
18446.0,22231.51
18557.4,22238.96
18636.35,22189.67
18556.26,22147.98
18469.45,22182.29
18438.49,22222.53
18553.33,22236.1
18631.7,22187.71
18549.64,22143.49
18467.93,22181.92
18438.91,22219.89
18550.52,22231.36
18628.57,22183.39
18550.54,22140.65
18474.01,22181.24
18449.22,22223.96
18561.29,22238.87
18634.71,22186.81
18555.7,22145.91
18478.66,22187.88
18450.29,22229.46
18557.83,22239.85
18638.13,22193.58
18562.99,22152.12
18476.24,22187.82
18451.3,22234.46
18559.39,22243.83
18634.11,22190.77
18551.97,22142.26
18466.29,22179.23
18433.88,22219.4
18546.31,22234.29
18624.81,22183.66
18546.85,22140.14
18465.11,22179.93
18445.11,22228.72
18552.01,22240.61
18626.56,22189.89
18555.37,22151.54
18473.4,22188.62
18442.45,22227.04
18557.92,22242.89
18636.01,22192.11
18560.96,22149.01
18476.8,22184.46
18443.36,22222.77
18552.01,22235.67
18631.79,22188.42
18558.03,22144.16
18468.84,22178.12
18435.88,22220.27
18548.3,22237.73
18621.97,22183.41
18548.19,22138.51
18461.49,22172.39
18433.3,22216.22
18540.93,22230.75
18616.95,22181.94
18547.52,22139.76
18458.36,22172.42
18420.07,22210.19
18531.58,22228.54
18615.58,22181.78
18547.39,22140.81
18464.13,22179.46
18429.95,22218.15
18534.02,22228.32
18620.03,22188.08
18545.15,22140.32
18456.48,22175.39
18426.73,22218.3
18534.04,22230.26
18613.28,22183.7
18543.16,22135.67
18454.49,22167.95
18420.77,22210.28
18529.64,22222.91
18607.71,22170.13
18536.9,22123.26
18454.34,22161.44
18418.53,22201.05
18527.47,22221.41
18617.75,22183.66
18550.56,22140.99
18460.24,22174.79
18428.54,22218.1
18535.5,22232.72
18617.93,22186.32
18550.23,22140.32
18462.99,22173.42
18423.96,22214.53
18530.36,22231.56
18610.44,22180.02
18550.45,22138.53
18465.27,22173.89
18428.21,22213.74
18532.7,22228.21
18622.2,22186.72
18553.87,22136.59
18464.35,22171.43
18423.76,22211.11
18526.73,22228.45
18611.51,22185.0
18551.9,22140.86
18462.94,22173.44
18419.24,22210.08
18525.21,22228.68
18609.91,22184.53
18552.26,22142.04
18468.66,22179.1
18433.88,22224.83
18536.93,22240.63
18624.59,22198.61
18558.85,22149.39
18472.73,22185.4
18437.64,22230.55
18527.83,22235.22
18618.44,22195.59
18561.25,22153.95
18473.67,22190.01
18435.03,22232.81
18536.48,22248.19
18625.51,22204.33
18569.29,22157.46
18473.49,22183.53
18430.67,22223.96
18540.46,22249.13
18625.57,22199.95
18569.52,22155.18
18480.38,22189.49
18442.02,22232.43
18548.73,22255.38
18639.83,22214.79
18575.86,22161.02
18487.19,22195.08
18454.25,22244.12
18556.39,22266.11
18636.95,22216.83
18572.8,22162.07
18483.62,22194.03
18448.77,22239.63
18550.74,22258.02
18635.32,22208.76
18579.78,22160.14
18486.68,22190.59
18448.21,22236.43
18553.31,22261.24
18639.37,22213.48
18587.53,22168.66
18491.84,22198.16
18448.77,22235.63
18543.5,22251.68
18627.85,22203.89
18569.72,22152.23
18474.79,22184.15
18434.89,22226.78
18532.08,22245.24
18628.39,22208.63
18575.89,22158.6
18480.22,22187.55
18441.37,22232.94
18530.89,22244.66
18627.79,22209.05
18578.54,22163.9
18481.9,22193.54
18439.09,22234.89
18534.27,22252.64
18619.4,22205.36
18571.53,22154.6
18474.3,22181.18
18432.52,22224.74
18530.62,22243.36
18625.04,22204.67
18565.56,22145.95
18480.02,22182.34
18438.09,22224.72
18535.29,22245.97
18624.46,22204.8
18564.26,22145.75
18471.06,22175.01
18438.71,22227.76
18530.56,22244.75
18627.68,22208.45
18575.37,22155.81
18480.96,22185.58
18439.03,22229.84
18527.07,22243.58
18619.29,22203.17
18576.47,22157.91
18483.51,22189.09
18441.55,22233.75
18536.59,22254.27
18623.36,22208.83
18573.65,22156.12
18482.19,22189.65
18439.5,22232.47
18533.53,22254.85
18628.81,22217.07
18572.31,22157.22
18478.54,22187.59
18430.6,22225.03
18519.16,22240.95
18611.69,22197.99
18568.13,22148.43
18471.21,22174.96
18428.95,22216.31
18526.62,22242.64
18624.43,22207.87
18585.86,22163.16
18486.19,22188.13
18441.73,22233.5
18538.51,22262.47
18628.39,22216.7
18587.06,22169.82
18490.3,22195.13
18448.41,22240.16
18537.29,22262.4
18628.46,22218.3
18578.63,22162.36
18485.58,22192.78
18441.53,22233.44
18525.93,22248.68
18618.73,22206.12
18584.6,22164.46
18489.45,22194.48
18437.71,22231.16
18530.56,22254.27
18625.57,22214.68
18577.79,22158.87
18486.23,22189.92
18443.81,22236.72
18532.86,22257.96
18630.27,22219.27
18586.84,22165.42
18492.07,22193.05
18448.19,22237.66
18534.2,22257.13
18631.68,22221.14
18590.79,22170.0
18492.69,22196.09
18455.03,22244.92
18549.62,22268.04
18643.61,22226.15
18598.57,22167.63
18496.98,22192.29
18447.56,22232.03
18534.49,22256.5
18629.87,22219.31
18584.6,22157.69
18485.79,22182.32
18443.68,22228.85
18527.65,22249.78
18625.73,22212.85
18590.41,22161.73
18486.81,22182.92
18442.42,22228.68
18537.73,22259.61
18629.08,22217.3
18585.03,22159.68
18479.95,22180.64
18432.83,22227.96
18523.14,22255.5
18624.17,22219.51
18588.85,22165.62
18493.74,22191.93
18450.54,22238.82
18533.26,22258.18
18637.89,22226.48
18607.02,22177.06
18503.67,22198.37
18453.49,22241.3
18541.67,22267.81
18637.96,22228.03
18601.75,22173.22
18501.14,22196.29
18452.46,22239.02
18536.05,22260.24
18634.16,22222.84
18601.43,22168.41
18493.81,22185.56
18447.23,22230.82
18533.17,22258.6
18634.07,22223.42
18596.76,22166.54
18492.51,22186.68
18446.25,22231.16
18526.13,22248.7
18631.03,22216.0
18598.73,22161.71
18492.8,22177.27
18446.63,22222.46
18534.49,22253.08
18636.01,22218.59
18600.07,22161.71
18502.19,22187.53
18452.24,22228.27
18545.15,22262.81
18645.62,22227.33
18614.73,22175.86
18513.08,22198.66
18463.23,22240.5
18549.29,22274.16
18644.01,22231.27
18612.03,22172.57
18507.56,22193.96
18458.72,22237.06
18540.39,22263.74
18640.77,22227.07
18612.32,22173.18
18501.79,22190.63
18453.33,22235.47
18541.4,22268.13
18632.17,22222.51
18599.38,22160.61
18492.85,22180.08
18435.9,22218.33
18523.54,22249.37
18629.02,22217.66
18596.76,22159.16
18489.54,22177.11
18444.03,22222.04
18529.84,22253.53
18631.61,22218.24
18608.25,22166.34
18500.96,22184.64
18451.1,22229.12
18532.46,22261.0
18638.09,22231.2
18616.92,22179.63
18504.72,22192.11
18456.3,22236.99
18537.71,22266.83
18640.24,22232.54
18616.39,22174.63
18505.32,22189.89
18449.96,22231.85
18528.48,22259.23
18633.55,22226.95
18605.77,22168.84
18502.51,22187.41
18453.58,22234.38
18523.65,22254.49
18625.84,22219.02
18600.07,22161.02
18497.81,22182.0
18453.02,22231.4
18532.77,22263.19
18626.29,22222.33
18605.84,22166.72
18496.22,22180.91
18454.27,22233.41
18529.21,22260.62
18631.47,22228.03
18609.12,22171.39
18505.57,22192.49
18452.62,22236.59
18521.86,22258.89
18631.94,22230.8
18603.8,22166.18
18498.71,22186.21
18451.34,22233.59
18522.46,22259.14
18627.23,22226.42
18608.07,22169.04
18494.15,22176.91
18440.66,22220.74
18523.02,22256.59
18631.77,22227.13
18616.01,22170.0
18508.32,22183.59
18463.12,22233.93
18536.17,22263.92
18646.56,22238.6
18624.39,22179.1
18512.59,22191.82
18462.23,22238.22
18538.22,22269.69
18638.22,22234.38
18624.9,22181.29
18516.56,22194.81
18457.49,22233.66
18525.1,22259.79
18637.64,22233.41
18620.03,22172.46
18512.25,22186.41
18461.18,22234.53
18533.04,22266.43
18642.31,22240.54
18620.72,22174.85
18517.26,22192.33
18459.03,22234.96
18529.39,22262.18
18641.11,22235.13
18627.12,22178.16
18513.61,22188.58
18454.7,22225.41
18526.69,22256.73
18631.43,22224.96
18617.91,22168.04
18512.7,22185.78
18456.08,22229.05
18529.73,22264.21
18638.7,22236.21
18618.94,22168.79
18515.2,22187.5
18467.14,22235.6
18535.83,22266.31
18638.2,22234.87
18623.65,22176.48
18512.43,22186.27
18462.76,22235.31
18527.76,22263.3
18638.74,22237.84
18628.01,22177.53
18514.75,22185.13
18459.34,22227.78
18528.23,22260.08
18628.93,22226.04
18618.64,22167.74
18510.02,22177.11
18454.18,22220.52
18518.22,22251.83
18625.19,22224.99
18618.62,22169.89
18512.12,22182.85
18461.0,22230.84
18522.4,22260.01
18626.11,22227.76
18625.15,22175.77
18513.73,22183.73
18458.92,22228.65
18522.69,22262.4
18630.78,22234.04
18628.26,22177.38
18514.91,22185.96
18466.43,22238.29
18530.67,22273.36
18633.73,22243.31
18627.21,22182.68
18513.53,22185.31
18454.4,22230.35
18513.12,22259.36
18624.03,22232.25
18621.15,22172.97
18503.91,22175.14
18444.1,22219.15
18506.1,22251.03
18622.0,22229.35
18616.1,22169.55
18505.93,22180.6
18447.59,22224.5
18511.24,22257.31
18620.41,22228.83
18614.13,22165.51
18502.42,22172.01
18444.88,22215.24
18510.8,22249.46
18620.57,22224.21
18618.91,22166.85
18506.84,22173.69
18455.63,22223.85
18512.12,22253.13
18618.06,22224.36
18622.49,22170.94
18508.23,22176.48
18452.62,22222.19
18506.71,22249.64
18617.06,22221.75
18617.24,22162.16
18505.72,22170.2
18450.2,22218.86
18513.3,22257.11
18618.76,22227.04
18623.94,22171.28
18507.58,22173.96
18446.31,22217.66
18506.3,22253.24
18617.35,22227.02
18619.38,22166.65
18513.84,22177.2
18460.39,22226.22
18522.4,22262.98
18636.24,22241.35
18645.42,22189.63
18538.11,22199.69
18480.04,22244.97
18533.11,22272.44
18641.2,22245.33
18643.43,22187.21
18529.37,22187.37
18465.65,22226.39
18514.91,22255.23
18628.57,22230.84
18634.78,22172.55
18521.82,22175.52
18458.07,22218.26
18515.02,22255.61
18619.72,22224.99
18632.79,22173.91
18525.64,22184.08
18465.47,22229.03
18523.02,22265.38
18637.69,22243.25
18642.88,22182.18
18529.53,22183.59
18462.83,22223.29
18511.58,22252.19
18628.14,22232.68
18641.31,22180.89
18534.63,22191.32
18477.85,22237.17
18528.93,22270.09
18643.84,22250.74
18650.72,22190.5
18538.04,22194.97
18476.82,22238.22
18525.91,22267.52
18638.83,22244.46
18645.11,22185.02
18530.38,22185.87
18467.84,22229.12
18514.31,22255.72
18625.73,22231.8
18634.07,22173.73
18520.9,22174.92
18456.68,22210.08
18513.19,22249.28
18625.48,22227.38
18639.7,22171.92
18530.78,22177.85
18472.58,22225.48
18520.61,22262.49
18631.18,22240.19
18646.56,22185.02
18537.53,22192.22
18471.97,22233.28
18523.67,22269.18
18647.37,22257.93
18649.83,22187.62
18532.59,22182.38
18474.07,22231.0
18522.53,22267.84
18636.28,22246.09
18646.43,22185.98
18537.6,22189.6
18477.43,22230.17
18526.35,22264.13
18637.96,22241.97
18640.82,22173.44
18525.42,22169.0
18463.75,22210.88
18501.1,22238.82
18611.58,22216.09
18630.16,22160.88
18518.46,22161.37
18461.94,22210.73
18507.38,22247.34
18621.77,22229.21
18641.62,22176.21
18523.05,22173.55
18463.37,22222.53
18519.49,22266.11
18631.52,22242.33
18645.8,22184.62
18533.53,22184.84
18474.68,22229.55
18521.26,22268.44
18633.4,22249.55
18652.91,22195.39
18540.39,22195.04
18477.54,22236.36
18515.49,22267.63
18627.63,22246.45
18646.09,22187.57
18520.63,22174.88
18457.42,22216.16
18502.77,22251.52
18616.74,22229.77
18636.3,22169.94
18521.5,22164.59
18458.58,22206.86
18507.29,22248.17
18625.73,22231.42
18645.42,22173.13
18542.02,22179.48
18483.08,22227.96
18520.81,22262.54
18631.92,22242.02
18652.55,22185.92
18545.04,22187.73
18477.31,22227.42
18522.09,22267.72
18642.65,22252.19
18664.96,22192.62
18552.21,22189.98
18490.9,22237.15
18526.76,22268.64
18641.51,22249.87
18654.86,22184.37
18534.54,22174.74
18476.55,22221.21
18515.54,22258.89
18627.76,22239.94
18643.54,22175.16
18530.54,22170.94
18468.44,22216.76
18508.18,22253.51
18625.15,22236.05
18649.49,22177.42
18535.25,22169.58
18480.58,22224.7
18517.53,22262.54
18636.1,22248.68
18657.87,22189.2
18546.05,22185.36
18485.61,22231.78
18525.37,22272.19
18639.99,22254.54
18665.07,22198.57
18549.67,22191.28
18486.61,22234.71
18518.78,22267.84
18635.45,22251.21
18656.15,22189.65
18549.02,22188.31
18488.89,22235.16
18517.91,22265.73
18636.5,22251.63
18658.25,22187.5
18536.88,22171.77
18473.13,22215.53
18508.41,22252.68
18621.77,22234.89
18644.95,22176.86
18527.12,22164.41
18471.68,22217.25
18508.92,22256.19
18629.53,22242.18
18655.64,22184.62
18545.76,22179.14
18486.88,22228.52
18512.63,22258.11
18634.96,22249.13
18660.26,22189.63
18552.15,22186.12
18492.0,22234.22
18519.07,22266.23
18638.02,22253.02
18664.06,22193.52
18546.98,22184.02
18477.65,22223.65
18510.33,22259.23
18628.9,22245.77
18650.18,22182.7
18540.73,22177.27
18471.84,22217.43
18499.31,22254.38
18619.88,22242.51
18643.21,22178.38
18534.09,22171.74
18479.26,22225.7
18514.24,22266.36
18625.33,22245.86
18651.95,22187.06
18545.51,22182.29
18492.25,22237.73
18522.04,22276.11
18628.52,22248.37
18654.94,22184.08
18549.4,22180.8
18478.41,22216.98
18503.62,22250.87
18621.57,22237.84
18650.16,22178.03
18547.12,22174.47
18477.49,22213.79
18509.28,22254.6
18630.8,22244.77
18663.13,22188.35
18549.87,22177.04
18481.29,22217.7
18508.09,22256.99
18632.66,22248.37
18665.74,22189.45
18552.04,22177.04
18485.03,22220.25
18511.33,22256.95
18623.32,22240.9
18655.03,22186.1
18547.14,22175.93
18481.12,22215.44
18508.09,22253.06
18624.95,22242.47
18658.5,22186.25
18542.09,22170.2
18478.86,22217.34
18500.38,22251.0
18621.66,22239.7
18654.86,22182.34
18536.14,22164.1
18470.43,22207.37
18488.65,22239.96
18614.06,22236.63
18655.55,22183.88
18542.07,22167.81
18473.63,22209.43
18495.2,22248.66
18618.69,22241.68
18651.95,22180.37
18541.73,22168.33
18481.29,22219.0
18501.81,22258.74
18618.85,22244.95
18651.39,22183.41
18539.72,22168.86
18472.15,22209.97
18495.49,22251.21
18610.87,22238.67
18649.65,22185.02
18541.71,22170.98
18476.6,22215.73
18498.71,22256.08
18622.85,22250.76
18659.08,22192.76
18544.35,22175.19
18475.71,22214.3
18497.39,22249.37
18620.32,22240.01
18651.28,22175.86
18536.3,22156.86
18467.32,22200.22
18486.1,22240.14
18602.75,22229.17
18642.34,22174.18
18533.98,22159.7
18468.91,22203.91
18497.88,22251.92
18629.64,22253.69
18660.17,22188.93
18545.15,22169.49
18477.02,22213.65
18498.84,22256.17
18618.85,22247.54
18658.7,22190.77
18552.71,22175.23
18479.95,22213.56
18500.16,22258.09
18624.52,22253.37
18663.53,22194.07
18548.59,22171.7
18478.54,22214.08
18495.26,22251.47
18619.88,22246.04
18659.44,22188.91
18548.66,22171.68
18484.13,22221.34
18502.51,22262.58
18616.72,22247.88
18658.41,22191.06
18547.83,22172.24
18482.28,22215.09
18490.9,22243.65
18619.0,22242.4
18662.59,22184.57
18551.7,22165.96
18481.03,22207.35
18493.01,22245.44
18610.31,22236.39
18653.4,22179.86
18539.32,22157.75
18474.19,22204.69
18496.89,22251.12
18616.46,22241.57
18657.02,22181.04
18553.87,22168.53
18486.86,22210.57
18498.21,22248.48
18616.28,22242.4
18658.23,22183.14
18548.57,22162.34
18478.92,22205.99
18491.84,22246.15
18612.39,22242.73
18655.68,22185.96
18551.84,22166.72
18490.99,22216.94
18507.78,22260.77
18628.12,22255.61
18672.85,22198.14
18562.5,22173.06
18493.14,22214.59
18504.58,22255.07
18625.06,22249.95
18675.98,22197.76
18572.33,22181.07
18503.64,22227.6
18502.44,22256.03
18618.31,22246.04
18661.22,22188.89
18551.63,22166.54
18485.54,22211.44
18495.64,22253.53
18608.9,22241.01
18657.65,22183.39
18551.14,22162.47
18477.2,22203.78
18486.32,22243.09
18609.12,22241.13
18657.49,22187.44
18546.72,22160.44
18480.0,22203.66
18492.85,22247.9
18614.2,22244.01
18662.34,22188.53
18555.97,22165.31
18483.01,22201.7
18495.35,22243.29
18617.39,22240.68
18665.81,22185.8
18561.87,22168.13
18495.71,22216.47
18501.16,22258.74
18619.58,22252.41
18667.91,22193.11
18563.19,22171.9
18491.13,22212.78
18495.38,22249.95
18615.72,22246.69
18667.19,22193.05
18561.8,22172.73
18493.38,22220.49
18498.39,22258.78
18617.55,22255.29
18668.42,22201.52
18563.75,22179.23
18494.68,22224.92
18512.27,22274.38
18638.09,22276.44
18677.29,22211.2
18573.23,22185.94
18507.76,22231.89
18509.12,22266.61
18627.27,22260.17
18679.78,22205.85
18569.52,22176.62
18502.86,22224.74
18503.58,22261.29
18623.56,22258.92
18670.26,22199.66
18559.7,22167.99
18487.44,22209.05
18485.92,22244.23
18601.08,22235.25
18655.21,22180.55
18556.75,22159.43
18492.74,22209.63
18490.12,22247.12
18606.33,22240.97
18666.95,22191.19
18567.79,22168.93
18492.36,22207.64
18495.2,22250.85
18615.56,22248.68
18671.44,22192.22
18575.69,22174.29
18502.06,22214.06
18497.99,22250.6
18616.81,22250.56
18675.82,22197.36
18574.5,22171.32
18503.56,22217.7
18507.58,22263.37
18624.23,22259.03
18669.72,22192.96
18569.49,22167.36
18501.7,22214.59
18505.03,22257.33
18622.82,22253.08
18671.89,22192.15
18571.48,22167.1
18500.09,22209.61
18497.48,22249.22
18614.67,22247.23
18667.01,22190.95
18559.23,22156.77
18488.87,22202.5
18486.61,22242.47
18607.51,22241.79
18658.9,22183.93
18561.13,22158.36
18486.63,22198.03
18480.71,22237.04
18601.1,22237.1
18667.55,22192.4
18570.41,22166.29
18492.89,22202.61
18486.97,22241.19
18612.99,22246.38
18668.87,22190.83
18566.14,22160.61
18497.12,22206.21
18495.62,22246.98
18610.24,22241.88
18666.95,22185.4
18566.65,22155.18
18494.26,22198.86
18485.29,22236.68
18604.68,22236.25
18668.29,22189.04
18577.34,22169.42
18506.73,22215.29
18497.48,22250.15
18614.91,22248.05
18673.52,22194.57
18572.87,22164.46
18500.76,22209.18
18487.87,22243.74
18606.11,22243.45
18660.96,22185.94
18561.07,22153.35
18491.73,22197.7
18483.42,22236.7
18599.06,22237.32
18657.29,22181.45
18559.97,22150.38
18486.7,22194.57
18480.67,22238.49
18592.09,22231.45
18651.61,22177.53
18557.13,22149.55
18476.11,22184.78
18469.8,22227.02
18592.22,22231.16
18655.53,22179.86
18565.65,22153.21
18494.01,22198.1
18487.44,22244.7
18612.54,22252.14
18674.7,22199.21
18582.08,22170.78
18505.77,22211.29
18487.93,22245.37
18605.5,22246.89
18660.15,22188.24
18563.01,22154.78
18488.85,22196.24
18477.09,22235.85
18595.94,22237.88
18651.95,22177.67
18555.93,22145.08
18481.7,22185.25
18468.82,22224.96
18587.91,22228.45
18649.94,22174.07
18557.51,22143.72
18482.59,22186.72
18464.19,22220.79
18585.16,22227.24
18653.07,22177.45
18565.45,22154.18
18492.18,22196.85
18487.39,22244.25
18605.23,22247.09
18668.8,22193.58
18576.76,22164.12
18504.49,22209.63
18490.55,22249.04
18606.51,22251.81
18671.8,22201.85
18575.46,22165.17
18500.45,22210.26
18478.5,22241.84
18588.85,22234.93
18659.3,22185.96
18569.92,22154.78
18489.85,22194.34
18470.81,22231.18
18585.23,22233.17
18652.84,22184.73
18561.47,22151.43
18483.8,22190.3
18469.09,22230.96
18589.19,22241.01
18655.14,22187.59
18570.92,22156.37
18492.8,22196.58
18471.35,22232.36
18586.5,22236.54
18653.18,22181.36
18565.87,22148.54
18484.51,22187.3
18470.34,22231.22
18581.9,22229.84
18648.19,22176.08
18561.09,22141.84
18482.95,22180.82
18471.12,22227.38
18590.26,22234.26
18655.32,22180.26
18569.54,22147.67
18492.25,22189.87
18476.33,22234.87
18592.25,22240.72
18656.64,22182.23
18564.98,22145.19
18486.08,22187.77
18470.16,22229.61
18585.83,22234.91
18648.73,22176.97
18564.31,22142.8
18493.86,22189.38
18473.02,22229.3
18590.82,22236.21
18654.45,22180.51
18564.15,22143.52
18483.17,22179.17
18465.24,22221.39
18583.08,22228.83
18651.75,22173.62
18563.55,22134.98
18484.27,22175.01
18463.32,22215.6
18578.72,22221.08
18647.26,22171.43
18556.98,22132.07
18483.04,22177.45
18464.08,22221.32
18576.85,22226.31
18648.02,22177.36
18557.63,22136.07
18478.37,22178.88
18460.28,22224.83
18581.52,22234.75
18653.31,22183.9
18567.06,22146.29
18485.63,22182.74
18461.56,22222.3
18572.91,22226.87
18641.44,22170.92
18563.68,22138.6
18487.08,22182.85
18455.83,22214.62
18571.77,22223.13
18644.6,22176.06
18554.81,22130.33
18481.67,22174.43
18459.54,22217.48
18576.31,22229.12
18655.06,22184.2
18572.11,22146.98
18488.16,22183.41
18467.59,22224.74
18578.57,22229.64
18646.25,22174.92
18561.63,22133.77
18481.4,22173.38
18459.37,22216.54
18572.42,22224.09
18641.27,22168.71
18563.59,22132.61
18485.12,22173.94
18461.85,22215.73
18572.38,22222.86
18644.62,22171.14
18561.58,22131.54
18479.1,22167.14
18452.75,22205.96
18571.53,22219.96
18646.79,22170.76
18563.01,22130.39
18476.58,22164.91
18453.44,22209.18
18571.24,22223.78
18646.94,22174.34
18571.1,22141.06
18481.9,22172.42
18450.0,22209.07
18566.23,22222.53
18647.59,22176.8
18564.11,22131.49
18482.48,22168.64
18461.04,22212.92
18582.14,22228.74
18652.89,22175.79
18563.44,22128.29
18485.7,22169.82
18459.17,22212.09
18573.16,22224.25
18654.77,22179.48
18573.81,22138.53
18495.08,22178.92
18464.69,22217.77
18570.12,22220.27
18644.21,22168.86
18571.17,22133.19
18490.35,22172.57
18463.17,22213.34
18576.78,22227.36
18648.66,22174.23
18566.81,22129.23
18483.53,22168.53
18461.18,22212.74
18576.0,22224.74
18654.29,22178.85
18576.42,22138.89
18495.64,22179.43
18469.02,22222.08
18583.15,22236.99
18654.97,22185.07
18572.18,22136.41
18486.14,22173.22
18454.79,22212.92
18566.54,22224.74
18648.39,22179.66
18570.59,22136.47
18487.39,22171.95
18462.29,22218.66
18577.83,22236.19
18664.4,22194.63
18589.86,22150.82
18508.65,22189.34
18475.97,22225.9
18584.83,22236.61
18663.44,22188.6
18587.67,22141.66
18504.56,22178.52
18471.23,22217.81
18578.28,22227.89
18655.44,22181.27
18580.29,22136.81
18499.15,22176.37
18472.53,22222.19
18578.57,22232.56
18657.96,22187.19
18583.2,22143.52
18493.01,22175.3
18462.96,22220.0
18573.63,22235.29
18657.87,22191.41
18585.74,22147.43
18498.75,22181.74
18475.15,22230.06
18579.57,22235.96
18657.87,22187.06
18582.77,22141.95
18500.29,22180.64
18473.16,22228.99
18586.03,22247.14
18667.42,22201.58
18601.77,22160.59
18518.62,22196.27
18491.44,22244.46
18600.38,22257.78
18673.54,22203.15
18599.51,22155.47
18511.11,22192.06
18477.43,22235.65
18587.75,22250.96
18670.81,22203.37
18594.59,22157.87
18506.24,22191.53
18467.21,22229.05
18575.93,22244.1
18659.93,22196.8
18587.55,22151.03
18503.04,22190.5
18474.92,22236.59
18580.74,22251.45
18660.98,22200.94
18597.59,22155.54
18515.27,22195.15
18481.9,22238.22
18590.32,22253.46
18668.76,22202.52
18594.68,22150.62
18504.76,22184.8
18464.96,22222.95
18578.61,22245.89
18660.96,22198.39
18596.16,22154.78
18505.48,22188.15
18467.39,22228.45
18578.12,22248.88
18660.11,22203.31
18585.36,22150.31
18498.26,22184.49
18463.79,22226.37
18569.0,22241.26
18657.83,22201.72
18596.79,22157.37
18507.67,22189.76
18471.39,22230.87
18573.65,22243.67
18659.75,22198.16
18591.87,22148.99
18505.81,22183.68
18465.94,22219.49
18574.57,22240.7
18666.88,22201.63
18599.76,22153.06
18512.45,22189.89
18475.28,22231.67
18576.82,22247.32
18663.04,22203.46
18594.64,22151.05
18498.66,22179.39
18461.6,22223.58
18559.88,22234.08
18644.44,22185.78
18578.99,22136.16
18489.03,22168.53
18451.95,22211.29
18564.55,22236.65
18654.21,22196.49
18591.24,22148.52
18505.21,22185.38
18467.9,22227.71
18572.38,22245.35
18664.85,22205.52
18599.6,22156.23
18514.46,22193.34
18476.09,22234.84
18577.61,22253.15
18656.64,22202.17
18598.46,22156.61
18502.64,22184.64
18459.5,22221.34
18563.53,22240.16
18643.32,22189.43
18586.77,22144.14
18494.91,22174.88
18458.72,22218.39
18560.51,22235.34
18648.48,22192.06
18578.08,22133.3
18483.86,22162.31
18450.96,22209.41
18559.88,22235.09
18644.21,22187.93
18582.77,22138.13
18495.2,22177.0
18447.81,22212.16
18543.72,22225.97
18637.73,22190.16
18582.19,22141.39
18493.14,22172.91
18455.5,22215.49
18553.78,22231.47
18639.88,22188.75
18583.37,22139.49
18498.04,22176.35
18456.64,22215.82
18555.79,22231.85
18648.48,22189.69
18584.47,22132.18
18489.56,22161.26
18454.14,22208.4
18553.69,22228.79
18640.08,22183.12
18580.56,22126.68
18479.55,22151.18
18441.24,22194.03
18546.09,22217.63
18630.6,22172.13
18575.26,22122.88
18474.61,22148.92
18428.14,22188.46
18533.13,22214.82
18627.45,22176.6
18570.81,22123.15
18478.63,22155.81
18443.07,22204.47
18540.26,22222.55
18632.01,22182.14
18582.77,22135.02
18491.71,22166.96
18453.29,22214.12
18553.38,22236.25
18637.38,22188.38
18582.53,22132.99
18489.27,22162.4
18447.19,22206.35
18543.01,22224.12
18635.03,22185.2
18585.05,22137.46
18482.9,22158.51
18442.56,22203.8
18536.03,22222.75
18625.8,22179.03
18570.41,22120.87
18473.74,22146.85
18432.95,22190.88
18525.37,22205.99
18617.13,22167.3
18576.87,22124.65
18475.64,22147.63
18431.94,22189.27
18529.24,22212.58
18617.73,22170.61
18572.27,22118.86
18478.88,22147.18
18436.23,22189.89
18534.09,22213.34
18627.74,22173.82
18580.89,22123.2
18485.45,22152.14
18435.92,22190.63
18526.53,22211.11
18617.91,22171.57
18572.87,22117.43
18472.11,22139.2
18430.82,22186.7
18525.15,22207.31
18622.94,22172.28
18579.33,22123.38
18479.88,22146.06
18440.88,22195.01
18537.89,22219.94
18625.57,22175.39
18574.66,22119.35
18478.03,22148.21
18431.38,22189.54
18519.43,22207.17
18612.5,22165.93
18570.01,22112.0
18471.57,22136.92
18430.06,22182.29
18526.15,22206.93
18624.84,22174.47
18585.25,22125.3
18490.05,22153.42
18446.42,22199.62
18544.66,22227.6
18645.13,22193.47
18596.65,22134.95
18493.47,22156.59
18449.73,22203.19
18539.41,22223.62
18631.1,22181.4
18588.11,22126.42
18488.94,22148.3
18438.09,22187.1
18530.04,22211.13
18627.81,22172.28
18580.58,22111.82
18482.79,22137.46
18438.67,22185.98
18531.54,22213.79
18627.41,22175.39
18592.29,22128.36
18491.06,22152.68
18445.11,22196.87
18535.59,22222.62
18632.99,22188.29
18589.68,22129.12
18482.75,22145.41
18436.34,22190.16
18524.21,22214.48
18625.33,22180.15
18592.61,22131.33
18490.48,22153.46
18447.74,22201.41
18538.67,22228.45
18641.85,22197.47
18605.28,22144.63
18497.59,22161.49
18452.75,22209.3
18534.42,22228.43
18629.57,22189.38
18589.45,22130.46
18488.36,22154.0
18441.62,22199.37
18528.66,22223.98
18627.12,22187.97
18588.58,22130.33
18490.88,22154.27
18443.05,22198.21
18529.33,22223.62
18632.5,22190.81
18595.89,22132.54
18490.61,22150.22
18448.26,22200.18
18535.88,22227.22
18632.08,22188.35
18602.33,22136.29
18499.0,22157.44
18444.93,22196.94
18529.35,22222.71
18624.77,22180.89
18593.03,22126.08
18492.47,22151.03
18441.15,22190.48
18524.88,22215.44
18622.42,22177.67
18590.77,22123.8
18487.11,22143.6
18437.48,22186.07
18523.92,22215.44
18619.7,22179.81
18595.27,22131.51
18490.61,22151.88
18432.9,22186.99
18520.19,22214.12
18621.44,22178.38
18584.6,22119.73
18481.47,22142.55
18429.28,22182.94
18514.57,22208.87
18615.4,22173.85
18590.5,22124.94
18487.66,22147.25
18439.21,22192.17
18522.98,22219.82
18630.54,22193.16
18600.41,22137.81
18490.9,22154.11
18439.79,22197.7
18518.46,22222.35
18621.95,22188.6
18585.54,22125.14
18480.27,22141.62
18429.44,22183.32
18507.56,22207.24
18608.03,22169.22
18576.29,22111.02
18468.75,22130.39
18419.27,22178.7
18497.88,22203.31
18601.14,22172.66
18575.15,22118.37
18470.38,22137.12
18427.02,22185.78
18507.04,22213.14
18608.47,22178.54
18576.0,22116.89
18478.28,22140.25
18431.16,22185.47
18508.32,22208.2
18607.02,22168.97
18582.95,22116.0
18479.26,22137.37
18424.19,22179.46
18507.89,22209.92
18615.87,22178.83
18591.91,22120.83
18485.03,22137.9
18428.86,22176.53
18510.02,22204.11
18606.73,22167.48
18577.74,22108.76
18471.77,22124.05
18415.89,22163.83
18493.88,22191.84
18600.23,22162.04
18578.68,22107.55
18467.93,22119.2
18423.58,22170.13
18503.96,22200.96
18604.96,22168.95
18582.72,22113.88
18481.34,22133.68
18426.02,22174.74
18500.29,22201.85
18611.02,22176.6
18592.09,22123.49
18486.66,22141.71
18436.3,22187.77
18509.7,22212.02
18608.25,22176.53
18586.95,22119.42
18472.91,22127.64
18425.97,22175.03
18497.97,22202.14
18598.06,22165.84
18579.73,22108.06
18469.92,22124.72
18419.18,22169.98
18497.12,22198.77
18603.63,22169.02
18582.72,22110.21
18475.79,22128.7
18425.62,22177.09
18494.21,22198.08
18598.62,22163.43
18581.68,22109.5
18484.0,22133.46
18426.53,22172.21
18499.0,22200.87
18605.68,22169.89
18589.97,22113.76
18479.1,22126.13
18426.98,22170.09
18496.6,22196.87
18603.0,22167.36
18584.87,22109.47
18474.45,22121.1
18423.34,22167.52
18497.88,22200.0
18603.33,22171.72
18589.74,22115.4
18480.44,22130.66
18427.38,22175.14
18498.33,22204.29
18599.13,22169.82
18588.8,22115.17
18485.81,22133.05
18432.52,22178.94
18502.55,22207.75
18601.48,22170.98
18591.11,22115.8
18484.98,22128.16
18430.55,22171.95
18501.86,22203.51
18610.82,22177.45
18598.39,22123.85
18479.84,22128.29
18419.2,22167.07
18494.55,22202.93
18596.83,22170.31
18586.79,22114.7
18476.71,22124.22
18421.84,22170.54
18489.65,22200.4
18594.3,22170.22
18580.04,22108.71
18470.68,22121.03
18417.52,22164.03
18487.15,22193.96
18597.68,22166.67
18593.72,22112.0
18480.29,22120.31
18416.76,22160.1
18482.79,22187.53
18595.24,22159.25
18580.33,22098.79
18471.21,22110.5
18422.53,22161.29
18492.51,22194.92
18600.23,22166.13
18592.43,22107.69
18484.62,22119.6
18433.06,22169.62
18499.58,22201.14
18604.83,22171.59
18594.26,22112.71
18482.32,22124.22
18426.11,22166.52
18495.87,22201.23
18599.06,22170.16
18590.97,22111.13
18486.05,22125.95
18430.44,22169.44
18494.37,22200.49
18599.09,22170.49
18583.44,22104.44
18481.09,22121.83
18431.72,22171.5
18489.27,22197.58
18601.86,22172.75
18601.68,22118.28
18484.27,22123.17
18421.05,22160.14
18484.04,22191.59
18594.01,22165.2
18586.93,22105.88
18478.88,22116.8
18423.8,22161.33
18486.08,22191.41
18597.97,22168.5
18591.46,22108.76
18485.25,22121.81
18428.79,22165.02
18494.17,22196.96
18604.79,22171.54
18595.6,22108.42
18478.66,22114.3
18419.85,22157.62
18488.38,22196.49
18593.66,22166.8
18584.83,22104.29
18472.62,22113.09
18420.47,22161.82
18479.73,22192.44
18591.31,22167.05
18592.67,22109.23
18482.79,22118.75
18427.47,22167.86
18490.55,22202.97
18599.2,22176.37
18597.72,22119.08
18487.82,22127.18
18422.04,22161.78
18481.96,22195.73
18595.35,22174.34
18595.0,22116.63
18487.33,22129.52
18427.65,22173.58
18481.47,22200.91
18595.6,22176.86
18592.02,22116.83
18482.7,22124.83
18427.87,22170.76
18485.96,22206.3
18593.77,22177.31
18598.57,22119.82
18480.53,22120.0
18419.96,22163.54
18472.55,22191.1
18579.33,22164.26
18581.41,22106.68
18473.78,22113.41
18415.4,22158.09
18467.32,22188.46
18574.61,22159.7
18579.64,22101.94
18462.88,22103.33
18403.55,22148.41
18468.44,22187.99
18578.23,22162.07
18581.68,22105.23
18473.67,22113.59
18420.18,22161.78
18475.75,22193.74
18585.9,22167.36
18591.31,22109.47
18479.93,22115.24
18421.03,22159.5
18475.1,22193.67
18586.75,22172.01
18591.93,22114.59
18477.16,22116.69
18418.84,22161.29
18474.21,22196.8
18583.4,22170.54
18591.69,22111.93
18479.04,22113.74
18418.98,22159.76
18473.07,22196.24
18578.3,22166.13
18587.71,22108.76
18484.06,22118.91
18424.45,22163.72
18469.71,22191.88
18578.05,22166.43
18587.8,22106.68
18476.09,22111.13
18420.27,22157.57
18477.4,22192.2
18587.17,22167.77
18596.9,22111.44
18489.99,22120.83
18427.4,22164.95
18476.44,22196.76
18585.74,22173.31
18595.11,22114.39
18484.58,22117.34
18427.98,22164.28
18475.26,22194.7
18590.68,22176.42
18593.88,22109.32
18479.64,22109.52
18420.52,22157.82
18470.5,22190.01
18583.75,22168.37
18594.84,22109.96
18481.34,22109.07
18424.39,22158.15
18472.35,22193.34
18583.51,22171.32
18598.35,22112.38
18487.87,22115.17
18426.87,22158.65
18476.09,22192.67
18587.8,22169.87
18597.03,22108.91
18482.79,22107.86
18419.31,22151.52
18464.19,22185.56
18575.71,22163.01
18593.97,22105.72
18483.33,22109.18
18419.98,22152.1
18468.49,22188.42
18578.61,22166.09
18587.24,22101.31
18473.49,22100.26
18414.08,22147.85
18462.27,22186.21
18571.79,22162.34
18592.49,22109.09
18484.91,22111.69
18420.63,22153.28
18466.83,22189.0
18580.63,22167.25
18591.62,22101.4
18478.19,22098.21
18416.47,22144.07
18462.0,22184.31
18576.6,22165.51
18598.46,22109.52
18490.28,22113.27
18429.88,22160.01
18479.51,22203.02
18589.19,22179.52
18611.31,22123.82
18497.39,22119.64
18429.59,22163.23
18467.08,22194.95
18579.95,22172.93
18597.5,22112.67
18484.24,22108.94
18423.56,22155.72
18462.72,22190.28
18574.86,22169.2
18597.08,22111.42
18481.65,22105.03
18421.23,22152.23
18457.31,22182.45
18570.3,22166.07
18595.82,22112.54
18484.62,22105.85
18420.25,22148.57
18463.72,22190.34
18574.21,22170.87
18592.31,22108.74
18484.38,22106.63
18422.15,22154.62
18460.95,22192.51
18576.91,22175.23
18595.51,22115.13
18480.33,22106.41
18418.82,22152.21
18456.13,22190.01
18566.43,22167.92
18591.98,22109.52
18486.41,22110.93
18421.03,22155.99
18460.37,22192.29
18579.02,22176.3
18600.81,22112.98
18487.8,22108.42
18424.01,22155.29
18460.33,22191.21
18578.63,22175.86
18600.54,22115.44
18483.55,22106.12
18425.41,22155.18
18457.56,22187.01
18565.65,22162.71
18591.49,22104.51
18479.33,22096.29
18422.66,22147.36
18463.61,22188.33
18580.51,22171.16
18603.94,22113.27
18490.79,22109.25
18432.46,22160.77
18466.83,22196.6
18583.15,22181.8
18610.82,22122.77
18495.35,22109.54
18427.65,22152.61
18456.26,22184.66
18577.38,22174.34
18607.31,22114.99
18494.75,22104.73
18421.75,22146.46
18453.31,22185.65
18572.82,22171.95
18602.42,22113.72
18489.83,22106.23
18426.38,22152.57
18461.87,22191.24
18575.44,22172.28
18606.46,22113.61
18488.38,22096.53
18425.23,22144.14
18463.52,22186.56
18585.65,22174.56
18610.04,22113.92
18496.67,22106.03
18431.22,22151.45
18460.15,22187.62
18580.58,22174.45
18609.97,22113.23
18501.25,22107.97
18433.17,22151.65
18471.66,22199.21
18584.42,22178.21
18604.7,22106.37
18489.68,22091.64
18427.02,22140.21
18458.65,22179.61
18575.04,22168.37
18603.89,22111.53
18500.25,22107.77
18435.99,22153.53
18460.39,22187.39
18577.72,22174.38
18608.63,22115.24
18493.47,22100.62
18427.6,22146.53
18448.44,22175.75
18567.84,22160.19
18602.89,22104.71
18489.56,22094.52
18427.96,22143.16
18456.64,22181.38
18574.1,22168.24
18606.57,22110.05
18494.37,22100.96
18427.16,22144.83
18453.94,22180.66
18569.07,22164.41
18602.8,22104.04
18493.9,22094.47
18430.67,22142.49
18453.69,22179.26
18570.5,22166.6
18596.96,22103.35
18490.84,22095.35
18426.64,22139.27
18446.38,22171.21
18570.25,22164.37
18600.32,22101.38
18488.54,22087.08
18423.89,22130.6
18448.66,22167.77
18560.53,22151.99
18596.65,22095.99
18481.36,22080.06
18414.57,22124.78
18435.49,22161.22
18558.52,22153.97
18606.22,22104.78
18498.79,22097.27
18434.0,22147.43
18459.28,22188.67
18577.27,22175.95
18608.41,22112.65
18497.23,22096.2
18436.46,22146.91
18456.46,22184.33
18568.91,22168.44
18602.66,22107.46
18494.91,22095.77
18429.84,22142.98
18452.1,22183.08
18562.01,22162.94
18597.52,22104.78
18488.2,22090.77
18423.34,22136.25
18443.34,22173.62
18559.93,22159.38
18592.05,22095.64
18480.44,22080.84
18416.03,22124.0
18435.52,22161.04
18546.29,22143.52
18591.29,22090.54
18485.09,22082.27
18412.61,22121.36
18433.37,22160.26
18550.54,22150.0
18588.16,22092.8
18479.71,22077.51
18413.72,22125.95
18437.55,22169.38
18562.18,22161.89
18602.31,22106.28
18493.81,22092.69
18429.44,22137.9
18447.45,22175.41
18566.32,22164.79
18604.45,22105.18
18487.75,22085.58
18415.29,22125.07
18435.54,22167.97
18557.04,22159.63
18593.81,22097.25
18490.75,22089.42
18426.35,22136.29
18440.77,22171.83
18553.47,22156.08
18587.69,22088.08
18484.09,22071.03
18422.8,22121.1
18428.72,22156.46
18525.93,22126.39
18572.49,22072.88
18454.79,22051.69
18382.48,22090.03
18397.29,22126.73
18501.41,22105.18
18541.33,22044.94
18427.36,22025.12
18348.72,22064.7
18359.65,22101.45
18475.93,22092.02
18510.62,22027.15
18400.04,22006.07
18332.34,22050.17
18340.63,22081.82
18461.54,22073.67
18504.36,22013.99
18388.87,21990.05
18321.68,22035.58
18335.92,22074.87
18446.18,22058.94
18484.91,21999.44
18364.06,21970.63
18295.55,22015.06
18311.89,22056.34
18421.99,22042.44
18464.33,21988.13
18357.02,21969.78
18288.69,22012.18
18298.37,22049.79
