38462.46,63723.68
38527.48,63922.81
39692.56,65180.28
40105.8,65531.98
39561.38,64878.37
38467.17,63728.69
38522.49,63914.25
39683.42,65170.06
40094.54,65521.7
39557.82,64873.45
38466.46,63725.07
38512.97,63906.09
39685.59,65171.34
40097.82,65521.3
39553.33,64867.26
38463.68,63720.46
38505.66,63895.97
39676.42,65159.36
40101.13,65520.34
39566.92,64876.79
38461.9,63714.88
38496.09,63879.5
39664.31,65142.82
40096.88,65517.63
39569.98,64878.44
38470.39,63721.8
38488.5,63876.97
39654.96,65144.47
40092.93,65525.28
39569.05,64895.0
38467.89,63732.13
38487.78,63882.94
39656.64,65148.76
40099.12,65535.0
39574.57,64901.26
38481.68,63746.82
38482.19,63876.23
39639.66,65132.22
40088.05,65526.44
39579.42,64905.17
38483.2,63745.18
38489.28,63877.17
39642.45,65134.66
40074.06,65510.75
39557.33,64883.74
38476.25,63735.28
38463.24,63847.29
39617.19,65106.94
40077.75,65512.87
39570.66,64894.18
38480.61,63741.56
38458.37,63850.8
39611.16,65105.4
40075.43,65512.27
39563.84,64893.13
38467.89,63737.88
38442.07,63837.07
39600.94,65096.91
40071.27,65509.79
39576.13,64899.72
38482.71,63744.56
38452.44,63843.13
39604.85,65098.36
40069.59,65507.82
39575.53,64905.64
38487.76,63758.26
38446.95,63842.97
39598.59,65090.69
40072.05,65503.75
39578.81,64901.6
38487.45,63745.54
38437.46,63822.92
39596.29,65087.61
40079.83,65522.19
39591.13,64924.84
38489.57,63755.22
38426.87,63817.78
39588.96,65084.81
40076.48,65518.68
39588.63,64918.49
38489.55,63753.45
38420.34,63805.6
39586.97,65075.78
40091.68,65529.79
39610.73,64944.8
38506.76,63776.66
38433.89,63825.83
39595.31,65091.81
40088.05,65534.04
39611.09,64947.77
38509.06,63777.17
38429.31,63819.04
39587.31,65083.9
40082.67,65529.81
39603.13,64945.0
38510.91,63783.05
38424.05,63815.1
39577.7,65078.02
40087.09,65534.73
39612.05,64948.22
38508.84,63773.13
38408.88,63797.87
39566.61,65061.61
40081.77,65523.98
39608.52,64945.65
38509.35,63777.37
38404.39,63790.49
39560.95,65054.73
40079.22,65516.89
39615.4,64942.86
38520.3,63784.25
38407.07,63790.38
39561.25,65056.34
40076.21,65521.59
39621.8,64955.73
38533.42,63791.12
38408.03,63784.3
39558.77,65050.68
40083.23,65522.32
39622.51,64949.16
38530.52,63783.47
38398.42,63776.81
39545.87,65041.96
40076.3,65522.13
39625.3,64962.23
38533.87,63800.75
38397.55,63780.57
39539.3,65030.36
40070.73,65514.77
39621.95,64961.12
38536.86,63799.45
38390.42,63772.92
39531.61,65026.34
40068.65,65514.82
39628.19,64963.02
38549.07,63811.08
38401.88,63778.89
39528.3,65016.42
40067.24,65508.73
39636.37,64968.65
38553.0,63804.57
38387.6,63750.39
39522.89,64998.71
40080.01,65510.68
39648.82,64973.68
38566.44,63815.86
38393.86,63757.93
39524.5,65008.55
40082.84,65517.9
39660.0,64984.3
38572.11,63818.34
38379.91,63743.29
39522.98,65001.53
40084.34,65513.09
39660.73,64979.67
38578.06,63820.46
38388.09,63742.46
39522.55,64992.84
40093.42,65518.62
39673.45,64992.97
38579.29,63821.78
38381.81,63736.22
39524.77,64996.61
40090.82,65518.64
39674.43,64992.1
38588.18,63830.23
38382.32,63737.85
39524.61,64996.23
40101.09,65526.91
39684.58,65004.86
38594.69,63835.73
38381.52,63732.73
39510.98,64981.73
40085.13,65514.5
39684.2,65003.3
38593.01,63831.39
38376.11,63722.63
39515.31,64980.43
40099.16,65518.86
39692.59,65003.34
38609.82,63841.88
38375.06,63715.66
39499.29,64960.89
40094.58,65512.71
39701.37,65013.33
38614.85,63849.45
38375.69,63719.93
39492.36,64956.87
40083.27,65508.36
39686.84,65003.0
38612.04,63846.32
38361.58,63706.2
39477.7,64941.56
40078.09,65501.81
39685.59,65010.7
38599.25,63844.05
38343.75,63693.98
39453.0,64923.93
40060.2,65487.77
39683.58,65001.08
38604.34,63840.58
38336.62,63680.83
39447.14,64912.39
40060.94,65483.66
39678.17,64998.85
38590.69,63831.39
38314.55,63662.53
39431.49,64902.51
40045.56,65477.93
39670.3,64995.63
38592.05,63837.25
38307.49,63657.03
39424.09,64893.97
40049.21,65478.25
39686.28,65008.46
38618.38,63858.93
38332.23,63676.5
39440.68,64911.23
40069.08,65502.1
39700.83,65028.04
38620.89,63860.52
38321.04,63669.59
39431.4,64904.23
40065.9,65500.24
39691.64,65023.97
38604.32,63850.84
38304.96,63655.78
39415.49,64893.3
40051.78,65486.45
39682.04,65006.71
38606.33,63849.03
38300.47,63646.57
39409.43,64886.48
40058.08,65500.24
39710.15,65038.34
38633.43,63866.71
38313.86,63648.22
39423.94,64891.83
40060.89,65499.46
39700.5,65029.83
38632.42,63873.5
38301.5,63642.52
39400.49,64867.96
40058.15,65483.21
39706.51,65028.57
38637.49,63874.09
38310.2,63640.62
39402.23,64865.05
40059.24,65487.77
39711.07,65031.71
38634.56,63865.68
38298.24,63627.23
39393.94,64852.27
40044.56,65471.03
39703.38,65025.58
38633.31,63869.79
38291.4,63626.05
39393.61,64857.12
40053.36,65477.51
39717.37,65031.37
38655.48,63881.82
38295.2,63626.25
39379.64,64846.19
40054.1,65486.65
39719.07,65042.64
38659.33,63893.91
38289.12,63619.79
39377.22,64836.06
40051.51,65479.39
39726.52,65054.39
38663.49,63902.38
38292.14,63622.79
39385.72,64849.02
40063.49,65495.46
39745.4,65068.54
38674.08,63905.11
38287.49,63615.88
39381.54,64845.27
40068.16,65502.5
39741.02,65071.67
38684.9,63927.37
38291.64,63628.06
39368.06,64832.42
40055.66,65483.97
39748.71,65074.0
38707.03,63944.88
38311.76,63642.52
39371.55,64837.69
40059.98,65493.61
39744.91,65071.8
38695.9,63932.54
38292.8,63620.57
39367.32,64828.35
40064.81,65495.82
39755.32,65076.27
38710.47,63939.35
38294.1,63617.04
39358.16,64811.34
40056.71,65477.71
39753.05,65078.35
38699.03,63934.88
38279.62,63605.08
39343.54,64807.25
40046.59,65480.84
39755.28,65086.2
38703.39,63940.0
38270.86,63595.14
39333.73,64793.37
40042.99,65473.89
39748.35,65073.1
38705.48,63936.92
38272.02,63586.69
39327.38,64778.62
40046.59,65473.24
39752.11,65078.27
38705.87,63940.58
38263.28,63584.92
39320.58,64779.22
40045.45,65474.45
39752.15,65083.5
38706.2,63948.14
38258.56,63585.1
39318.3,64779.62
40054.57,65486.96
39764.38,65098.67
38715.68,63957.7
38261.22,63583.34
39319.62,64777.79
40054.53,65489.18
39776.78,65111.81
38728.44,63967.81
38265.49,63589.01
39309.99,64773.41
40049.43,65488.78
39783.67,65118.96
38743.46,63980.93
38278.05,63602.56
39320.41,64783.87
40054.5,65492.15
39787.96,65118.09
38748.83,63988.26
38263.48,63593.28
39296.0,64764.27
40045.03,65482.81
39777.32,65111.79
38740.24,63984.73
38258.99,63584.03
39293.27,64755.3
40035.39,65475.25
39779.38,65115.32
38746.05,63989.27
38256.08,63581.52
39292.22,64758.39
40044.27,65487.79
39781.68,65124.35
38748.85,63999.84
38254.96,63584.88
39281.47,64750.63
40042.07,65494.5
39796.12,65145.68
38767.4,64020.64
38263.32,63595.76
39288.0,64760.27
40047.48,65499.13
39799.47,65147.93
38772.88,64025.09
38266.95,63599.16
39284.42,64757.81
40052.25,65504.11
39808.03,65158.48
38786.69,64041.57
38275.62,63606.45
39290.19,64760.4
40055.31,65508.33
39811.09,65163.8
38791.32,64042.26
38268.22,63592.79
39273.91,64741.85
40048.02,65496.71
39813.42,65162.64
38800.26,64048.77
38274.61,63597.93
39280.98,64748.02
40056.52,65504.64
39817.69,65162.48
38805.87,64049.84
38263.79,63585.77
39268.86,64733.64
40055.58,65502.07
39824.41,65167.8
38809.91,64055.31
38258.9,63581.05
39263.77,64729.29
40052.09,65503.15
39829.82,65180.01
38816.06,64063.99
38265.22,63587.16
39263.0,64728.79
40054.39,65504.29
39832.71,65176.66
38820.24,64066.49
38262.63,63582.35
39261.53,64721.62
40054.53,65498.12
39840.04,65182.85
38830.99,64073.2
38266.61,63583.43
39253.8,64715.29
40053.72,65496.75
39840.82,65180.43
38834.61,64076.26
38262.21,63574.26
39243.16,64698.31
40049.65,65491.19
39842.72,65185.71
38835.24,64082.36
38256.29,63572.02
39236.99,64696.41
40050.77,65494.88
39850.59,65193.29
38849.01,64091.12
38267.3,63582.24
39236.39,64701.5
40062.57,65513.05
39865.32,65217.38
38863.34,64117.3
38265.16,63586.62
39227.62,64696.5
40050.32,65507.77
39856.94,65214.14
38861.7,64117.95
38260.35,63586.26
39231.73,64703.58
40061.1,65521.21
39863.69,65224.82
38868.25,64126.91
38257.33,63579.94
39215.13,64687.42
40047.35,65507.69
39861.0,65219.68
38877.8,64136.25
38268.18,63593.3
39216.27,64687.87
40042.88,65501.32
39860.09,65216.04
38879.02,64137.39
38261.18,63584.07
39204.09,64670.03
40042.21,65496.24
39853.92,65211.14
38877.59,64132.7
38254.72,63571.45
39193.34,64658.97
40041.05,65496.89
39873.21,65230.17
38890.34,64145.77
38261.16,63575.94
39198.41,64659.3
40036.09,65489.85
39869.36,65225.94
38887.77,64141.21
38247.16,63560.0
39183.01,64644.77
40036.53,65489.56
39867.51,65222.41
38893.24,64148.25
38254.07,63568.31
39186.94,64647.52
40042.23,65493.27
39880.45,65238.5
38909.49,64162.22
38261.38,63570.84
39186.5,64644.8
40058.19,65507.29
39911.81,65262.75
38938.41,64185.51
38277.83,63579.73
39198.34,64646.74
40053.54,65497.61
39902.91,65251.09
38932.63,64176.41
38265.31,63567.75
39183.52,64634.4
40058.62,65505.2
39907.68,65255.71
38929.41,64177.24
38252.62,63558.17
39168.79,64621.33
40045.88,65496.67
39903.81,65257.39
38940.92,64193.36
38263.35,63572.88
39169.48,64631.43
40046.52,65506.97
39902.24,65265.26
38940.49,64196.73
38264.17,63573.19
39169.06,64626.58
40045.34,65502.75
39913.42,65276.39
38952.92,64210.84
38263.44,63573.03
39155.09,64615.32
40043.13,65498.99
39912.41,65273.6
38958.29,64219.49
38265.13,63577.1
39154.45,64616.84
40040.89,65502.75
39916.44,65282.49
38970.27,64230.26
38268.06,63580.94
39153.35,64614.44
40040.98,65498.81
39916.04,65282.58
38973.84,64235.6
38273.98,63581.57
39148.48,64605.66
40045.68,65505.54
39928.46,65294.0
38980.93,64241.79
38268.89,63576.79
39143.63,64605.32
40047.8,65513.92
39942.39,65309.18
38996.66,64259.0
38278.21,63593.08
39139.2,64606.84
40036.69,65508.63
39938.45,65309.63
38994.58,64253.17
38269.34,63580.52
39131.13,64596.18
40036.31,65504.31
39934.7,65307.23
38991.79,64256.41
38262.95,63573.25
39118.3,64582.3
40021.16,65488.84
39921.0,65293.22
38993.27,64258.18
38259.08,63574.13
39112.38,64580.18
40020.71,65491.68
39917.6,65296.28
38981.2,64253.69
38235.61,63550.12
39078.71,64544.75
39991.49,65462.65
39906.69,65283.7
38973.89,64246.02
38220.95,63538.27
39065.28,64538.0
39987.74,65464.26
39899.61,65281.42
38973.68,64246.45
38216.36,63524.5
39060.59,64522.69
39999.14,65467.81
39916.7,65288.91
38987.25,64246.13
38228.16,63525.73
39063.9,64519.11
39987.67,65452.68
39911.14,65282.54
38992.75,64256.59
38226.76,63533.85
39055.67,64518.6
39999.79,65470.4
39924.71,65299.57
39013.76,64280.11
38249.62,63553.41
39064.97,64520.39
40019.59,65480.66
39953.38,65326.35
39047.25,64314.04
38274.99,63579.02
39081.09,64543.77
40017.02,65492.13
39958.08,65339.09
39047.89,64320.29
38266.32,63575.63
39077.29,64539.57
40020.48,65488.84
39964.45,65342.77
39063.38,64336.25
38279.64,63590.58
39075.56,64543.36
40027.05,65501.63
39973.03,65353.35
39071.72,64347.07
38276.78,63587.96
39070.6,64537.44
40028.24,65503.8
39979.36,65358.49
39078.98,64350.58
38274.93,63580.5
39067.54,64525.48
40030.65,65500.93
39984.86,65360.88
39097.07,64367.75
38290.17,63597.68
39064.39,64524.77
40029.31,65499.3
39985.32,65362.33
39100.53,64363.61
38288.49,63582.71
39061.5,64516.39
40028.93,65498.84
39990.46,65367.7
39103.53,64373.27
38291.02,63592.57
39058.4,64514.24
40029.58,65496.53
39995.5,65365.84
39109.63,64369.89
38295.22,63584.52
39064.1,64509.95
40030.09,65487.79
39999.09,65361.8
39118.95,64368.84
38291.24,63569.66
39047.13,64480.4
40026.23,65479.46
40007.88,65368.79
39127.62,64375.12
38314.15,63588.14
39059.52,64493.86
40042.66,65491.82
40024.33,65377.38
39147.05,64388.46
38311.61,63577.48
39054.84,64476.38
40037.7,65483.41
40019.1,65375.68
39142.11,64383.17
38300.2,63564.18
39042.44,64464.46
40034.52,65480.3
40026.18,65380.5
39154.24,64397.47
38303.82,63574.33
39037.86,64459.84
40030.45,65474.16
40025.98,65382.61
39149.95,64396.29
38305.14,63572.67
39033.83,64459.14
40031.7,65481.58
40025.4,65384.41
39156.37,64403.38
38302.44,63572.14
39025.25,64447.99
40033.45,65477.29
40037.2,65388.44
39171.3,64414.28
38311.02,63576.25
39021.81,64446.09
40028.48,65474.45
40027.84,65387.37
39167.27,64413.88
38304.92,63568.31
39016.06,64434.8
40023.43,65466.71
40029.67,65386.07
39173.35,64413.05
38307.6,63569.9
39008.73,64430.38
40015.05,65457.84
40034.79,65384.33
39194.54,64432.84
38332.64,63589.73
39028.54,64444.26
40031.95,65470.58
40051.02,65399.66
39204.58,64437.95
38323.94,63573.84
39014.84,64422.04
40028.46,65461.66
40053.27,65399.68
39210.39,64446.38
38333.55,63586.55
39011.17,64420.88
40027.91,65464.82
40064.63,65411.73
39231.87,64462.94
38341.06,63590.29
39011.21,64419.45
40031.05,65468.52
40069.88,65419.82
39231.24,64469.02
38336.68,63586.55
39006.12,64412.16
40027.46,65460.41
40063.11,65408.76
39230.04,64461.02
38339.39,63583.13
39003.66,64405.48
40032.66,65462.25
40083.67,65426.14
39255.03,64487.42
38357.65,63601.08
39013.47,64413.9
40049.05,65479.25
40094.78,65434.93
39264.32,64491.13
38360.02,63601.24
39008.09,64405.75
40040.87,65470.31
40088.28,65429.23
39263.54,64491.69
38356.84,63594.64
38998.81,64393.07
40035.57,65458.82
40084.68,65419.82
39262.92,64486.55
38354.21,63589.14
38991.77,64382.43
40035.5,65457.84
40095.47,65429.5
39288.8,64511.38
38369.74,63600.95
39000.95,64389.25
40046.61,65469.55
40103.12,65442.82
39282.81,64510.86
38363.86,63600.5
38985.8,64380.31
40032.15,65462.29
40095.12,65439.25
39282.99,64516.99
38358.45,63594.98
38971.38,64362.11
40020.62,65449.06
40086.76,65426.97
39279.43,64503.0
38350.54,63581.75
38954.04,64346.11
40003.7,65433.46
40082.02,65424.87
39279.17,64507.38
38338.67,63569.45
38931.29,64313.19
40000.93,65425.59
40080.07,65430.13
39268.8,64506.35
38316.95,63552.13
38901.76,64295.95
39955.22,65398.27
40035.08,65390.0
39246.78,64482.34
38301.48,63537.8
38881.89,64275.88
39955.86,65386.96
40037.94,65385.13
39240.97,64471.62
38303.16,63533.89
38875.45,64264.1
39937.11,65365.86
40038.25,65382.07
39248.16,64478.9
38298.17,63530.09
38868.21,64257.38
39945.83,65374.96
40051.57,65398.14
39254.16,64491.64
38298.89,63534.27
38867.6,64258.31
39948.82,65382.67
40065.75,65414.7
39277.71,64514.64
38325.84,63562.23
38875.83,64264.37
39947.95,65382.65
40062.06,65413.34
39285.47,64521.57
38321.46,63553.68
38866.84,64256.1
39948.18,65380.88
40066.71,65417.27
39294.68,64529.35
38323.99,63549.88
38873.19,64248.86
39958.5,65373.84
40078.91,65408.0
39306.23,64530.69
38328.5,63555.93
38857.77,64237.21
39942.63,65365.57
40065.68,65401.36
39304.63,64527.25
38334.13,63548.04
38859.24,64226.3
39940.02,65351.6
40078.0,65406.48
39314.23,64530.58
38336.84,63547.06
38849.52,64219.33
39939.19,65355.34
40066.98,65400.38
39305.07,64521.71
38335.54,63542.54
38845.72,64214.39
39936.6,65353.14
40076.41,65407.15
39315.29,64530.22
38342.52,63546.59
38845.12,64204.18
39937.18,65339.42
40081.79,65402.34
39330.17,64535.74
38355.77,63552.04
38845.05,64199.26
39933.22,65332.29
40086.38,65397.25
39341.5,64536.43
38356.29,63537.85
38842.08,64181.71
39935.14,65325.63
40087.2,65393.71
39355.45,64543.7
38377.0,63553.92
38852.72,64187.82
39940.96,65327.73
40092.81,65391.59
39353.39,64539.95
38357.13,63536.15
38826.59,64159.29
39930.29,65311.55
40095.52,65394.23
39358.76,64544.21
38360.71,63533.22
38828.91,64157.62
39929.96,65312.33
40102.79,65405.07
39370.29,64559.86
38370.41,63546.1
38819.57,64149.71
39924.66,65307.23
40099.12,65397.43
39371.05,64552.15
38371.75,63535.9
38822.14,64145.01
39926.79,65299.48
40104.08,65390.76
39388.13,64569.0
38384.61,63551.75
38813.94,64132.23
39914.96,65285.78
40099.72,65394.23
39385.83,64567.59
38388.67,63553.45
38815.95,64131.45
39919.86,65288.91
40102.18,65392.24
39384.64,64561.74
38387.13,63545.11
38813.47,64119.24
39918.88,65280.64
40106.4,65394.95
39398.19,64578.28
38389.05,63553.79
38797.04,64110.59
39908.88,65277.8
40116.42,65405.29
39415.82,64592.63
38404.48,63563.53
38800.35,64108.0
39911.14,65278.07
40122.65,65414.21
39429.91,64611.92
38423.5,63586.42
38813.11,64118.66
39922.32,65284.66
40125.92,65413.76
39428.1,64603.34
38416.9,63574.28
38803.72,64109.92
39914.87,65278.02
40127.37,65413.03
39431.25,64603.22
38415.0,63567.33
38793.3,64096.71
39909.91,65272.1
40126.59,65413.81
39437.48,64612.59
38426.74,63576.16
38792.59,64086.07
39905.48,65260.74
40128.87,65411.77
39441.13,64611.76
38425.75,63571.33
38787.63,64085.46
39902.54,65259.8
40135.26,65411.15
39451.01,64616.16
38421.11,63564.0
38773.75,64058.4
39896.16,65239.8
40141.74,65413.2
39460.64,64622.91
38427.88,63561.81
38775.87,64058.22
39900.93,65247.89
40136.51,65414.19
39453.35,64623.05
38427.21,63570.57
38763.76,64052.79
39895.63,65247.06
40138.68,65413.85
39460.66,64629.13
38418.78,63564.65
38749.74,64044.36
39879.82,65243.13
40129.23,65418.14
39462.76,64638.05
38423.83,63568.63
38756.34,64049.12
39883.54,65247.45
40123.68,65421.05
39451.97,64637.06
38412.9,63563.46
38737.0,64029.01
39872.45,65233.27
40123.41,65416.16
39455.21,64628.55
38404.68,63542.5
38712.73,63998.72
39852.15,65209.98
40112.06,65402.16
39455.95,64631.81
38405.79,63549.79
38705.02,63999.5
39843.39,65211.23
40115.05,65410.79
39461.47,64646.81
38407.43,63560.85
38696.88,63993.78
39843.84,65212.31
40115.55,65416.09
39468.42,64658.18
38413.1,63573.77
38695.32,64003.97
39836.95,65215.68
40113.38,65425.63
39466.54,64665.29
38410.67,63571.4
38678.38,63984.79
39822.7,65201.78
40105.49,65416.91
39459.12,64657.54
38407.96,63568.34
38680.03,63988.44
39819.9,65204.82
40099.88,65416.2
39464.51,64668.31
38403.25,63568.31
38662.73,63971.94
39811.52,65193.69
40107.72,65417.34
39472.02,64671.13
38409.64,63580.05
38662.32,63977.57
39808.86,65189.84
40109.89,65415.66
39484.15,64680.61
38426.8,63590.75
38661.77,63973.11
39805.62,65193.73
40107.41,65423.06
39476.22,64681.32
38408.79,63573.93
38641.56,63947.51
39787.94,65169.48
40094.8,65405.98
39465.51,64670.81
38405.53,63572.29
38633.83,63940.65
39785.61,65166.93
40102.4,65411.51
39485.79,64682.06
38422.27,63585.64
38640.71,63948.16
39786.93,65169.59
40107.63,65420.02
39496.96,64694.3
38439.59,63595.94
38645.25,63946.35
39782.5,65166.73
40104.71,65416.31
39488.63,64683.44
38425.29,63582.46
38627.5,63926.32
39777.12,65152.96
40109.36,65412.18
39509.7,64703.45
38445.09,63603.25
38630.47,63924.51
39775.29,65142.5
40111.19,65414.01
39515.87,64710.46
38445.13,63595.02
38622.23,63909.36
39772.11,65137.16
40114.25,65415.21
39512.65,64704.34
38443.19,63593.93
38615.77,63906.16
39763.77,65127.62
40111.21,65411.46
39523.27,64718.02
38450.39,63600.84
38614.09,63906.3
39760.69,65132.51
40112.06,65413.9
39527.63,64718.31
38469.54,63616.5
38620.26,63913.38
39769.32,65141.83
40114.7,65415.89
39532.77,64715.0
38463.11,63595.38
38614.85,63889.69
39763.62,65128.24
40124.15,65421.63
39542.56,64729.27
38472.71,63609.48
38619.25,63894.45
39766.57,65125.29
40122.74,65415.93
39553.87,64738.96
38477.9,63623.3
38604.79,63891.27
39761.63,65133.9
40130.01,65436.65
39557.42,64750.88
38485.48,63631.37
38611.81,63895.34
39765.09,65132.78
40137.18,65440.12
39565.54,64762.59
38491.34,63641.58
38609.57,63894.56
39758.52,65127.97
40131.75,65439.89
39580.64,64777.1
38504.7,63653.59
38610.04,63889.98
39761.56,65122.52
40145.48,65446.13
39586.3,64777.1
38511.18,63652.36
38608.26,63881.24
39763.26,65124.02
40147.62,65454.38
39589.57,64789.95
38511.52,63657.61
38608.23,63885.15
39749.52,65121.38
40136.64,65450.35
39589.27,64794.2
38522.98,63675.4
38615.86,63901.55
39755.62,65132.71
40141.77,65458.4
39594.1,64800.25
38528.17,63682.0
38607.74,63893.89
39746.88,65124.0
40142.08,65457.17
39594.1,64797.68
38523.7,63677.37
38601.66,63887.34
39742.65,65115.39
40138.9,65451.29
39600.0,64806.54
38535.43,63691.36
38592.39,63877.11
39730.31,65105.96
40140.13,65457.02
39607.6,64817.48
38542.0,63694.04
38593.68,63874.67
39739.93,65116.87
40146.32,65461.46
39612.86,64818.0
38541.36,63694.85
38588.7,63874.76
39728.23,65109.8
40142.37,65464.64
39617.08,64830.99
38552.42,63709.98
38590.75,63876.3
39729.96,65111.48
40146.66,65470.13
39622.96,64838.45
38553.43,63710.67
38581.14,63865.05
39722.18,65095.68
40147.22,65463.32
39627.18,64837.49
38560.91,63715.34
38585.01,63867.34
39720.17,65094.67
40149.39,65468.01
39637.11,64848.91
38569.97,63718.99
38576.63,63851.13
39708.75,65083.88
40136.45,65454.38
39633.93,64842.32
38566.79,63711.66
38575.96,63845.88
39715.72,65082.67
40153.95,65465.89
39653.91,64857.18
38585.43,63730.68
38583.54,63858.84
39717.55,65091.25
40156.72,65476.1
39661.09,64872.0
38590.6,63737.88
38573.5,63846.17
39705.21,65081.17
40147.93,65471.81
39651.17,64864.25
38582.04,63736.73
38563.2,63844.89
39702.91,65082.53
40157.28,65481.29
39670.28,64884.0
38600.66,63749.95
38571.84,63848.23
39709.04,65087.16
40162.24,65488.87
39674.14,64893.95
38604.55,63762.84
38571.71,63845.88
39710.53,65087.14
40167.63,65492.46
39695.0,64911.0
38627.59,63779.27
38570.71,63843.69
39707.78,65088.05
40179.9,65507.35
39698.42,64915.16
38622.34,63775.4
38565.96,63844.65
39698.26,65080.45
40174.02,65507.11
39702.33,64927.41
38631.23,63790.56
38570.93,63851.73
39703.43,65081.71
40175.83,65500.96
39699.58,64921.29
38628.57,63781.01
38561.54,63838.28
39701.57,65084.9
40187.12,65519.84
39723.36,64946.3
38654.17,63807.84
38574.08,63850.8
39704.54,65084.61
40194.89,65519.82
39735.23,64949.38
38669.43,63816.78
38574.39,63841.34
39703.87,65076.52
40196.73,65520.65
39740.37,64958.59
38673.66,63822.83
38580.12,63851.31
39702.46,65076.3
40196.06,65514.75
39738.65,64950.08
38667.98,63814.36
38567.11,63831.86
39689.93,65062.26
40195.88,65518.93
39751.88,64968.07
38682.87,63832.54
38566.23,63837.3
39688.18,65070.02
40199.54,65530.06
39758.52,64976.81
38689.55,63842.66
38559.39,63831.66
39682.66,65064.5
40194.56,65532.03
39749.76,64979.87
38680.95,63838.14
38547.28,63824.46
39668.04,65056.38
40190.58,65531.87
39747.82,64981.39
38675.58,63839.64
38540.02,63824.04
39657.0,65051.69
40181.75,65530.2
39751.75,64993.37
38683.67,63851.02
38540.96,63820.69
39654.41,65048.25
40186.29,65535.89
39752.62,64995.16
38679.63,63848.18
38521.31,63803.54
39641.11,65035.55
40184.95,65529.55
39763.37,64998.51
38695.05,63857.1
38523.52,63798.31
39638.31,65024.26
40190.4,65530.57
39772.0,65006.61
38710.61,63871.02
38530.47,63804.1
39644.01,65030.21
40198.45,65540.19
39777.9,65017.89
38708.93,63876.34
38517.33,63797.98
39632.39,65022.99
40187.96,65532.96
39780.02,65019.37
38706.83,63870.02
38513.71,63788.14
39632.23,65020.77
40192.7,65539.76
39782.46,65023.28
38710.58,63877.39
38498.49,63777.04
39623.2,65017.27
40190.0,65541.88
39783.54,65029.18
38713.76,63882.8
38493.95,63774.57
39610.02,65006.22
40187.72,65537.34
39786.28,65031.3
38713.6,63883.88
38488.14,63760.83
39601.84,64991.11
40185.93,65534.17
39790.93,65033.45
38715.77,63882.82
38479.71,63756.72
39598.71,64990.58
40185.39,65538.17
39787.8,65033.96
38720.44,63886.51
38480.67,63754.28
39591.71,64984.32
40176.99,65528.03
39785.95,65033.34
38714.85,63886.04
38473.14,63752.43
39583.8,64979.96
40174.15,65531.49
39787.24,65041.2
38718.18,63887.14
38460.94,63733.36
39567.35,64963.15
40177.04,65533.97
39799.76,65053.12
38735.82,63908.13
38469.68,63747.53
39575.55,64971.69
40181.02,65533.7
39807.36,65051.82
38728.87,63894.83
38455.8,63730.61
39562.34,64957.61
40176.1,65530.44
39804.43,65053.97
38733.47,63899.68
38450.34,63717.49
39555.28,64945.76
40172.86,65526.1
39801.23,65050.88
38734.77,63902.27
38444.55,63712.06
39548.41,64944.13
40173.93,65530.46
39813.62,65058.8
38745.07,63907.3
38445.67,63710.25
39554.94,64940.73
40182.24,65529.97
39823.12,65064.18
38749.86,63912.31
38448.96,63710.49
39550.98,64934.68
40186.0,65534.24
39830.11,65073.01
38755.38,63915.95
38441.4,63702.2
39546.65,64928.44
40182.15,65529.41
39825.4,65069.39
38756.94,63915.21
38435.9,63694.2
39531.38,64917.2
40171.38,65522.89
39823.14,65068.32
38759.82,63918.81
38431.5,63691.61
39523.61,64908.43
40178.11,65528.05
39834.76,65081.37
38773.88,63934.44
38437.91,63697.46
39524.79,64916.64
40177.97,65537.52
39840.29,65096.3
38783.36,63954.2
38439.95,63708.21
39523.54,64917.6
40188.41,65545.15
39849.27,65106.11
38784.14,63955.8
38426.8,63695.07
39516.32,64911.77
40190.47,65549.98
39859.17,65110.5
38799.79,63962.31
38438.52,63698.65
39518.64,64909.51
40183.56,65545.41
39860.16,65119.41
38800.59,63974.31
38426.76,63692.43
39511.22,64905.15
40185.69,65548.23
39860.38,65117.87
38805.67,63977.57
38427.18,63692.77
39505.5,64902.13
40188.32,65557.75
39866.05,65130.7
38807.12,63986.23
38419.81,63694.54
39500.92,64909.24
40189.2,65564.39
39871.33,65139.24
38817.18,63996.68
38418.63,63697.62
39492.36,64901.33
40183.74,65559.01
39871.58,65140.94
38814.92,63999.03
38419.5,63697.13
39493.59,64896.54
40191.52,65564.17
39876.81,65150.06
38819.59,64007.26
38417.91,63693.57
39486.61,64891.89
40186.29,65558.18
39883.51,65152.38
38830.54,64010.5
38408.32,63674.82
39470.23,64875.46
40187.74,65571.05
39890.31,65169.3
38847.22,64032.56
38425.96,63696.5
39485.61,64886.75
40191.7,65566.27
39893.17,65164.07
38846.75,64028.07
38408.48,63678.51
39468.33,64867.64
40187.45,65562.45
39892.18,65166.08
38846.01,64024.22
38414.0,63678.87
39466.72,64871.02
40188.17,65565.76
39897.93,65170.91
38851.58,64028.69
38409.62,63672.07
39453.42,64850.66
40185.6,65556.46
39903.72,65172.43
38867.58,64040.27
38414.04,63673.61
39461.51,64853.34
40186.85,65551.8
39906.82,65164.48
38864.5,64031.51
38399.02,63650.9
39451.83,64836.38
40199.1,65560.66
39923.43,65184.79
38882.36,64049.55
38405.41,63656.8
39449.51,64835.34
40191.34,65550.8
39920.97,65177.33
38882.63,64047.38
38406.38,63651.42
39450.45,64830.83
40197.8,65555.77
39930.14,65185.24
38890.13,64052.23
38397.9,63641.23
39432.41,64811.9
40184.1,65542.04
39934.43,65191.54
38902.81,64066.27
38409.26,63650.05
39441.37,64817.35
40202.58,65556.41
39945.72,65196.3
38916.42,64074.11
38421.71,63663.42
39448.75,64831.43
40202.54,65559.99
39945.25,65202.14
38918.18,64083.63
38411.29,63656.69
39436.05,64820.01
40198.18,65562.52
39947.91,65211.19
38919.48,64086.11
38403.29,63649.41
39418.06,64805.44
40191.88,65559.85
39944.98,65212.35
38914.14,64085.89
38400.61,63644.94
39420.45,64802.11
40205.71,65567.03
39959.91,65220.33
38928.31,64096.78
38400.63,63644.6
39414.75,64800.03
40190.07,65556.08
39949.41,65215.82
38930.81,64102.19
38394.28,63638.88
39406.14,64787.45
40190.29,65554.85
39960.09,65226.99
38937.81,64106.95
38385.52,63626.43
39398.5,64775.89
40192.86,65553.48
39965.39,65228.87
38938.53,64104.67
38375.8,63616.71
39380.66,64764.0
40182.27,65550.98
39958.7,65231.24
38935.84,64109.9
38380.78,63625.63
39374.7,64761.92
40185.91,65553.48
39973.97,65239.29
38963.63,64131.82
38395.78,63630.12
39386.25,64764.85
40190.02,65555.01
39976.29,65246.62
38963.02,64133.25
38387.29,63624.11
39373.02,64752.13
40187.63,65549.91
39977.05,65238.26
38958.46,64120.74
38380.49,63615.5
39375.84,64756.33
40189.57,65554.24
39980.5,65244.76
38976.46,64144.09
38384.76,63620.35
39361.27,64743.93
40177.35,65546.45
39974.6,65240.89
38964.03,64135.24
38368.85,63608.5
39344.95,64730.83
40179.41,65551.95
39981.77,65254.73
38967.98,64141.32
38366.37,63603.36
39351.09,64730.16
40174.87,65542.15
39983.61,65254.26
38978.82,64151.56
38372.78,63612.55
39340.61,64728.55
40172.77,65544.21
39981.3,65250.8
38977.75,64147.47
38374.03,63604.93
39342.94,64719.16
40183.72,65551.05
40000.77,65267.38
38999.77,64168.7
38375.93,63610.8
39339.74,64716.97
40178.94,65547.85
39991.38,65264.77
38995.03,64166.47
38379.48,63612.13
39341.17,64719.5
40194.2,65560.59
40020.84,65288.84
39028.43,64197.02
38394.44,63625.85
39342.27,64721.3
40195.79,65568.52
40020.44,65297.63
39028.25,64205.85
38384.0,63620.75
39334.53,64717.04
40186.11,65560.64
40009.24,65288.15
39016.27,64194.86
38375.13,63614.05
39317.48,64701.28
40172.88,65549.64
40014.79,65288.73
39030.93,64202.5
38371.26,63601.95
39307.87,64687.22
40176.01,65545.37
40014.0,65288.68
39032.49,64204.69
38372.78,63601.6
39311.24,64690.73
40168.23,65545.51
40017.2,65297.85
39038.1,64214.79
38368.58,63600.41
39301.83,64679.31
40172.18,65546.09
40014.07,65293.11
39033.48,64211.82
38366.63,63601.71
39287.3,64670.08
40166.2,65543.23
40014.25,65295.05
39043.78,64218.88
38366.54,63595.96
39283.79,64663.06
40172.77,65549.46
40031.59,65314.21
39046.46,64228.79
38364.51,63603.16
39277.85,64668.8
40159.24,65549.3
40018.23,65311.1
39046.11,64232.45
38354.59,63599.94
39279.75,64674.86
40168.92,65558.65
40033.83,65327.06
39074.74,64267.36
38380.98,63626.23
39280.91,64674.91
40176.75,65568.66
40043.6,65340.25
39080.3,64275.77
38370.52,63616.5
39270.0,64664.45
40163.98,65556.46
40039.37,65336.23
39083.21,64276.93
38371.13,63617.89
39260.7,64656.44
40166.06,65560.37
40047.44,65344.45
39092.3,64284.51
38378.46,63624.17
39267.66,64658.59
40173.3,65559.72
40046.81,65337.68
39095.08,64280.84
38379.38,63614.25
39260.05,64643.52
40169.21,65552.81
40054.79,65341.95
39102.57,64284.33
38387.31,63613.24
39259.27,64636.35
40167.18,65547.49
40059.0,65345.75
39113.72,64295.77
38387.69,63619.39
39257.51,64640.26
40168.18,65554.94
40062.04,65354.35
39120.98,64306.7
38384.63,63616.28
39251.52,64633.04
40168.95,65555.52
40065.99,65358.8
39122.5,64309.68
38376.51,63609.64
39230.98,64613.41
40162.86,65550.71
40064.36,65361.39
39128.67,64319.29
38380.47,63615.66
39236.56,64623.05
40165.37,65558.4
40064.29,65361.15
39141.01,64331.74
38390.15,63624.06
39243.31,64625.29
40176.01,65566.16
40077.66,65377.57
39141.59,64335.89
38374.21,63608.19
39214.64,64602.75
40155.4,65553.04
40070.84,65374.16
39139.98,64337.08
38378.97,63616.77
39216.31,64607.52
40153.68,65552.41
40081.06,65383.81
39152.32,64348.3
38377.61,63614.43
39207.39,64595.22
40160.18,65556.14
40079.98,65382.43
39155.88,64354.38
38380.31,63615.48
39201.27,64587.44
40146.05,65544.45
40075.92,65380.79
39148.36,64345.6
38366.05,63599.9
39186.96,64577.05
40150.46,65551.31
40085.3,65387.21
39161.73,64353.8
38375.22,63607.0
39193.27,64581.09
40143.78,65537.75
40082.02,65380.55
39160.61,64352.3
38370.41,63601.39
39188.39,64569.45
40141.7,65534.17
40085.3,65383.12
39176.75,64362.16
38376.25,63594.09
39178.45,64552.55
40143.91,65533.37
40088.72,65387.63
39179.28,64371.61
38373.09,63600.88
39165.08,64544.86
40137.29,65525.32
40087.07,65381.0
39181.76,64367.97
38374.73,63594.24
39169.38,64543.88
40141.03,65527.94
40089.75,65382.47
39194.99,64376.87
38383.22,63596.23
39156.52,64524.66
40127.88,65511.46
40094.65,65386.02
39203.04,64391.66
38389.59,63607.25
39170.54,64540.5
40139.98,65524.79
40100.14,65393.18
39206.7,64391.95
38386.19,63598.24
39164.59,64529.02
40144.6,65524.09
40107.16,65395.32
39216.45,64394.08
38387.64,63595.88
39150.0,64515.85
40128.4,65508.22
40103.75,65392.39
39215.84,64395.11
38383.46,63589.17
39145.01,64506.02
40133.92,65514.77
40106.52,65397.36
39225.48,64409.37
38388.52,63599.74
39140.56,64502.57
40127.08,65508.45
40106.14,65400.04
39227.8,64408.58
38389.14,63591.85
39130.46,64485.92
40118.9,65494.18
40107.05,65392.37
39235.27,64409.5
38387.15,63584.86
39125.57,64481.09
40123.86,65497.61
40116.95,65402.12
39237.05,64416.43
38385.9,63590.55
39119.89,64484.16
40120.39,65505.68
40116.35,65410.95
39247.98,64429.41
38391.76,63597.44
39119.78,64479.8
40120.62,65504.55
40123.05,65417.43
39254.29,64440.75
38388.29,63592.57
39109.25,64464.73
40115.37,65494.57
40120.46,65409.25
39260.19,64443.0
38395.51,63607.86
39105.18,64472.35
40118.38,65504.94
40130.41,65430.24
39265.09,64458.09
38397.46,63605.64
39107.35,64470.65
40116.38,65504.45
40134.99,65436.38
39278.7,64473.27
38392.11,63609.44
39085.0,64453.76
40104.48,65497.29
40125.94,65432.29
39273.02,64471.21
38392.88,63610.89
39087.97,64461.45
40108.68,65502.97
40125.36,65432.56
39272.95,64469.78
38380.4,63592.41
39066.18,64432.61
40094.16,65489.11
40123.3,65430.5
39273.06,64472.31
38389.12,63606.31
39064.5,64434.98
40085.35,65480.73
40120.51,65431.42
39278.16,64476.2
38389.77,63603.03
39065.13,64436.68
40093.35,65491.32
40124.87,65432.85
39288.75,64487.78
38388.65,63603.25
39056.63,64421.21
40088.57,65477.38
40127.39,65433.41
39292.11,64488.09
38390.62,63597.19
39047.51,64411.2
40086.51,65479.72
40125.38,65433.19
39303.71,64501.39
38397.25,63606.0
39048.83,64411.24
40090.07,65478.0
40143.42,65445.04
39318.59,64508.9
38409.77,63613.98
39047.25,64410.37
40085.8,65477.27
40148.2,65451.63
39332.23,64522.27
38426.54,63625.76
39061.48,64420.07
40096.1,65485.63
40151.49,65457.06
39328.65,64524.45
38406.64,63611.63
39037.34,64394.01
40078.84,65464.66
40139.69,65438.48
39330.08,64520.79
38416.25,63616.71
39030.37,64387.3
40075.09,65466.25
40146.39,65451.0
39333.23,64528.43
38415.27,63615.79
39024.71,64381.7
40070.02,65462.07
40151.18,65457.3
39342.46,64533.02
38421.48,63620.19
39032.05,64389.18
40077.44,65469.53
40150.91,65457.46
39350.0,64550.63
38427.95,63634.52
39024.36,64388.85
40067.0,65469.93
40143.69,65461.75
39351.32,64557.27
38418.69,63630.77
39013.18,64380.55
40069.05,65475.21
40158.35,65480.04
39361.44,64571.64
38421.17,63633.76
38999.34,64366.29
40060.74,65464.1
40148.58,65472.75
39358.09,64570.9
38418.2,63627.57
38989.73,64355.77
40053.83,65464.21
40149.43,65478.38
39371.03,64586.68
38436.26,63655.17
39012.96,64386.43
40071.49,65489.0
40161.41,65496.84
39375.21,64599.29
38423.16,63652.02
38991.43,64369.4
40064.47,65484.62
40154.64,65497.89
39363.41,64594.73
38413.8,63643.19
38972.52,64353.64
40036.91,65463.12
40149.66,65491.86
39369.07,64593.75
38410.33,63635.17
38957.7,64341.46
40026.25,65451.23
40132.91,65472.17
39356.32,64580.54
38405.53,63627.01
38940.49,64320.14
40010.2,65428.79
40131.71,65468.28
39361.18,64589.36
38390.64,63618.79
38924.85,64303.71
40001.53,65419.73
40120.29,65453.55
39351.0,64572.51
38388.88,63608.52
38919.68,64295.26
40003.43,65422.13
40126.7,65465.55
39352.64,64580.09
38377.09,63595.11
38898.92,64269.15
39980.63,65400.17
40107.86,65443.04
39350.16,64569.16
38378.61,63588.77
38890.52,64255.18
39980.9,65396.53
40115.1,65450.33
39362.0,64582.77
38391.31,63603.9
38902.23,64267.43
39992.95,65406.19
40127.3,65458.89
39370.5,64587.4
38395.91,63607.25
38909.04,64273.85
39996.41,65406.52
40147.11,65473.58
39396.98,64613.19
38419.61,63625.8
38912.93,64272.93
39996.57,65400.93
40142.7,65466.38
39392.2,64607.58
38408.21,63619.16
38898.02,64263.63
39987.45,65403.1
40138.84,65478.25
39405.43,64633.57
38416.93,63636.78
38889.08,64260.53
39986.64,65410.03
40143.42,65488.62
39396.38,64632.75
38412.68,63634.72
38885.08,64258.04
39981.1,65406.03
40138.55,65487.03
39404.89,64642.79
38411.7,63637.2
38869.04,64242.51
39973.72,65397.09
40148.11,65492.24
39409.07,64641.33
38411.27,63629.38
38865.48,64238.33
39967.46,65395.3
40134.16,65485.16
39407.75,64646.9
38408.27,63632.93
38857.77,64234.6
39964.96,65397.25
40138.28,65491.32
39411.98,64650.7
38410.53,63636.29
38855.73,64236.81
39958.88,65393.8
40140.58,65491.12
39420.07,64657.98
38422.89,63647.66
38849.21,64228.74
39947.06,65383.75
40135.24,65492.42
39422.39,64667.93
38414.46,63644.63
38841.95,64221.99
39957.9,65390.27
40149.95,65504.98
39440.14,64681.05
38428.84,63653.45
38851.42,64226.02
39957.54,65388.37
40151.84,65507.06
39443.27,64684.29
38428.32,63645.92
38841.61,64213.95
39951.44,65387.19
40139.73,65498.34
39435.25,64682.91
38429.55,63655.69
38831.46,64207.98
39940.31,65375.52
40140.25,65497.52
39439.45,64683.69
38429.15,63656.13
38829.45,64201.7
39942.86,65371.61
40151.69,65504.22
39454.47,64691.6
38435.81,63652.27
38824.82,64190.65
39936.42,65362.55
40144.76,65494.48
39459.32,64699.6
38431.43,63653.54
38808.46,64178.9
39927.75,65357.53
40153.57,65509.47
39462.76,64706.73
38437.64,63664.61
38816.17,64192.02
39937.56,65367.88
40155.85,65508.63
39469.29,64710.89
38436.46,63656.56
38803.88,64172.41
39926.23,65359.54
40151.04,65510.75
39474.05,64721.06
38444.42,63668.94
38799.36,64177.2
39921.69,65360.16
40150.53,65513.39
39465.29,64715.7
38443.37,63668.05
38791.63,64165.35
39918.2,65354.2
40154.17,65514.44
39479.91,64724.79
38442.85,63666.44
38783.83,64159.16
39914.29,65348.32
40169.3,65528.88
39497.01,64746.21
38461.18,63683.89
38791.52,64157.95
39921.36,65351.71
40162.48,65520.07
39491.71,64738.59
38455.35,63676.86
38779.63,64148.66
39911.68,65344.29
40161.19,65524.76
39494.12,64744.46
38452.64,63676.52
38769.12,64139.0
39908.05,65339.04
40165.05,65522.5
39498.73,64746.39
38456.98,63671.49
38767.6,64128.54
39899.58,65331.29
40160.68,65520.47
39502.53,64749.78
38462.79,63679.71
38770.17,64134.91
39910.51,65346.48
40168.9,65532.9
39508.74,64761.61
38463.66,63685.06
38763.8,64132.02
39906.8,65345.52
40173.1,65536.48
39514.06,64765.14
38463.06,63682.51
38754.64,64127.76
39892.52,65338.15
40170.64,65537.34
39525.66,64778.75
38467.95,63693.04
38745.23,64117.95
39885.03,65329.88
40170.42,65543.76
39520.54,64778.77
38469.9,63692.84
38746.37,64113.92
39896.97,65334.08
40174.55,65543.18
39524.77,64785.32
38468.04,63697.02
38736.22,64109.83
39882.24,65327.39
40175.23,65551.43
39537.91,64804.57
38484.14,63715.86
38740.69,64118.57
39881.77,65330.82
40172.14,65549.17
39533.37,64799.36
38468.27,63698.42
38723.82,64094.59
39873.77,65317.02
40170.26,65539.73
39534.47,64794.75
38474.5,63700.32
38718.52,64090.81
39870.23,65316.42
40170.31,65545.1
39538.0,64807.43
38476.89,63709.58
38716.35,64086.72
39863.17,65313.0
40169.73,65555.67
39546.76,64819.79
38484.56,63721.09
38706.8,64085.76
39851.95,65302.72
40166.13,65548.27
39545.91,64817.55
38485.88,63714.83
38705.69,64078.34
39853.0,65303.1
40170.96,65548.97
39562.43,64827.99
38489.95,63714.5
38699.65,64066.67
39850.34,65294.65
40175.74,65549.41
39565.09,64826.25
38499.4,63721.89
38708.28,64069.55
39857.03,65297.2
40171.96,65547.41
39566.48,64833.87
38500.12,63726.23
38691.74,64059.49
39848.91,65295.72
40185.6,65562.85
39589.9,64857.81
38510.49,63740.2
38702.87,64069.04
39862.12,65307.46
40192.21,65571.39
39587.53,64855.95
38513.62,63740.16
38697.39,64066.0
39848.53,65298.81
40186.07,65569.04
39593.45,64861.23
38525.33,63749.68
38689.28,64052.34
39846.3,65290.85
40187.52,65570.41
39602.13,64872.79
38530.52,63755.51
38691.85,64053.37
39842.95,65291.1
40190.25,65577.36
39600.47,64878.48
38521.29,63754.13
38676.92,64047.11
39835.75,65286.34
40188.97,65575.91
39603.47,64880.09
38535.43,63766.64
38685.68,64050.15
39840.55,65283.97
40195.63,65572.64
39605.93,64877.63
38524.48,63748.43
38662.35,64023.02
39822.96,65265.77
40175.94,65548.68
39597.66,64861.86
38523.07,63740.76
38648.58,64004.98
39806.06,65245.41
40175.23,65545.77
39595.58,64860.49
38514.47,63736.69
38632.78,63992.35
39780.8,65221.63
40157.48,65530.21
39589.88,64851.15
38513.38,63732.49
38627.39,63984.66
39777.9,65220.29
40160.94,65536.34
39602.2,64866.53
38516.73,63733.0
38611.83,63965.55
39778.62,65219.04
40161.93,65531.38
39600.41,64861.54
38529.76,63745.27
38623.37,63977.42
39779.96,65221.09
40163.54,65541.59
39601.28,64869.88
38513.93,63731.93
38610.65,63965.71
39761.36,65206.5
40153.19,65538.46
39596.0,64870.59
38513.46,63736.89
38597.08,63950.75
39749.8,65188.04
40150.35,65526.02
39596.88,64870.35
38505.37,63733.4
38580.36,63943.4
39739.3,65196.32
40140.71,65536.45
39595.53,64874.5
38509.02,63725.85
38577.7,63923.98
39734.11,65177.1
40133.63,65526.26
39590.37,64873.84
38507.5,63737.63
38565.77,63923.86
39722.76,65170.62
40135.51,65527.18
39597.7,64880.83
38517.35,63744.65
38568.34,63924.82
39727.5,65173.91
40145.81,65532.81
39603.85,64887.11
38515.25,63744.29
38552.6,63913.34
39710.02,65161.77
40139.24,65528.38
39602.51,64884.34
38516.5,63743.29
38553.47,63909.78
39710.64,65156.23
40136.82,65521.7
39609.73,64886.42
38523.07,63743.71
38551.21,63902.36
39703.09,65150.73
40137.88,65530.93
39624.5,64911.45
38537.29,63764.63
38551.44,63903.77
39703.54,65149.05
40139.29,65524.54
39618.06,64898.02
38527.28,63747.46
38538.9,63886.18
39700.92,65141.99
40145.34,65530.11
39621.39,64896.32
38533.36,63749.54
38545.67,63884.5
39703.13,65137.77
40145.99,65523.96
39631.16,64905.62
38538.95,63752.78
38535.77,63878.45
39686.08,65131.77
40139.73,65532.74
39635.21,64919.9
38544.0,63763.45
38527.05,63876.72
39684.25,65129.92
40141.03,65529.16
39629.69,64910.54
38538.83,63761.23
38526.02,63878.67
39671.46,65111.66
40124.35,65503.19
39634.87,64908.48
38549.0,63764.52
38511.72,63858.06
39660.91,65104.89
40123.86,65511.2
39629.82,64906.13
38540.84,63750.61
38501.57,63839.57
39655.52,65098.09
40118.77,65506.5
39624.14,64898.58
38544.96,63754.1
38507.67,63839.73
39663.53,65095.63
40141.0,65516.07
39655.26,64923.97
38563.31,63772.54
38507.07,63841.86
39650.61,65088.86
40125.11,65507.39
39645.36,64911.32
38563.93,63768.96
38496.48,63832.09
39644.41,65083.45
40127.32,65509.5
39650.5,64922.94
38565.96,63773.64
38490.21,63825.47
39640.37,65078.84
40127.32,65512.43
39642.79,64918.52
38557.45,63767.29
38491.47,63817.31
39640.73,65065.5
40125.65,65506.9
39649.36,64922.34
38571.6,63771.63
38487.8,63801.8
39633.15,65048.09
40132.62,65498.84
39665.61,64927.14
38574.84,63771.8
38482.57,63803.25
39636.46,65061.66
40137.05,65504.98
39665.98,64927.75
38584.27,63781.53
38483.91,63802.7
39625.89,65052.13
40132.18,65512.22
39669.61,64941.07
38580.25,63778.98
38475.06,63789.93
39624.59,65043.6
40128.84,65504.15
39671.11,64939.26
38586.38,63781.53
38469.72,63790.07
39608.56,65040.54
40126.83,65506.43
39670.93,64940.29
38587.18,63786.6
38471.4,63791.63
39612.05,65042.86
40135.26,65515.13
39687.55,64959.66
38598.13,63801.42
38467.33,63788.16
39604.29,65037.41
40121.98,65509.47
39681.36,64956.94
38596.7,63799.05
38459.26,63777.21
39594.41,65024.42
40119.82,65504.63
39678.14,64951.8
38596.1,63797.8
38451.91,63768.83
39586.46,65018.61
40121.2,65508.96
39678.46,64957.99
38594.73,63795.63
38437.42,63751.89
39577.56,65003.25
40116.53,65494.25
39685.34,64958.86
38597.95,63799.03
38432.21,63748.34
39568.06,65000.05
40115.57,65504.51
39683.33,64966.89
38598.27,63807.21
38428.19,63746.79
39565.63,64993.82
40118.27,65502.3
39690.84,64967.94
38608.41,63812.95
38427.65,63744.56
39555.95,64988.54
40112.3,65496.55
39691.02,64970.21
38604.37,63815.32
38419.68,63745.63
39551.61,64990.11
40114.52,65509.43
39699.54,64989.28
38617.96,63824.18
38417.42,63728.13
39542.94,64966.89
40114.54,65490.34
39709.35,64981.46
38622.0,63825.32
38418.42,63730.25
39544.04,64968.43
40117.31,65497.29
39703.65,64980.63
38628.02,63826.14
38418.51,63725.11
39536.57,64962.79
40111.79,65500.18
39711.14,64991.52
38630.7,63827.66
38403.63,63707.81
39521.57,64940.51
40107.19,65484.77
39708.59,64981.3
38636.17,63831.21
38402.04,63707.77
39517.19,64939.86
40097.53,65481.07
39699.47,64977.84
38623.43,63821.7
38396.14,63700.23
39518.33,64938.01
40106.72,65485.0
39718.13,64992.41
38642.72,63841.34
38392.72,63697.21
39501.21,64913.4
40095.7,65463.09
39714.31,64978.11
38638.81,63828.71
38384.63,63686.69
39498.3,64913.4
40101.44,65472.62
39719.14,64988.23
38646.3,63834.48
38382.44,63672.74
39488.54,64898.98
40092.84,65463.77
39722.16,64989.86
38651.44,63841.07
38388.58,63684.39
39488.78,64899.43
40091.32,65457.11
39719.36,64983.63
38647.26,63841.21
38367.33,63669.05
39479.26,64902.69
40092.37,65477.02
39719.18,64994.82
38646.81,63842.26
38362.14,63662.73
39468.66,64890.4
40094.85,65478.34
39729.4,65005.78
38666.37,63858.35
38384.34,63681.04
39487.48,64907.47
40107.07,65490.52
39738.25,65015.25
38668.32,63858.15
38368.38,63661.41
39470.14,64887.63
40103.57,65487.21
39743.21,65027.23
38673.01,63875.05
38371.2,63670.53
39473.8,64891.49
40105.76,65486.68
39746.9,65021.87
38679.2,63872.32
38360.8,63653.07
39456.59,64865.59
40100.41,65471.21
39751.79,65021.18
38680.61,63871.79
38357.07,63645.09
39452.73,64863.44
40099.99,65472.08
39754.21,65020.89
38687.2,63870.93
38353.04,63639.57
39453.46,64866.46
40107.1,65481.71
39760.38,65029.0
38694.18,63877.71
38352.08,63639.64
39440.12,64852.6
40092.41,65470.13
39754.45,65028.62
38696.46,63881.98
38353.87,63632.44
39427.54,64830.76
40082.62,65455.47
39750.54,65021.65
38695.81,63884.37
38345.24,63627.23
39423.98,64829.51
40087.59,65461.73
39762.43,65029.76
38709.15,63890.74
38347.03,63619.14
39430.89,64833.16
40092.57,65468.55
39766.52,65040.11
38716.44,63898.41
38354.34,63629.22
39434.76,64839.28
40096.75,65470.0
39774.3,65041.18
38723.97,63906.72
38344.37,63616.44
39421.52,64820.05
40100.82,65467.92
39778.95,65042.61
38723.57,63903.66
38347.14,63621.31
39415.67,64814.07
40099.32,65460.97
39780.98,65037.41
38733.58,63904.15
38351.97,63613.31
39414.48,64804.68
40101.69,65460.99
39795.29,65056.18
38747.86,63920.38
38350.52,63613.6
39414.8,64810.29
40100.57,65465.6
39790.89,65055.44
38749.61,63926.9
38341.6,63605.48
39403.62,64796.77
40102.02,65467.95
39796.7,65062.73
38745.61,63924.91
38337.53,63607.23
39404.8,64805.91
40097.48,65470.49
39797.32,65066.13
38756.2,63931.08
38342.38,63605.26
39399.66,64793.21
40109.0,65472.82
39803.52,65069.26
38761.52,63940.45
38334.05,63594.33
39386.97,64777.12
40102.92,65467.05
39810.94,65073.86
38772.14,63944.05
38341.64,63599.34
39391.28,64783.63
40100.32,65466.38
39809.84,65070.8
38775.69,63949.99
38339.48,63603.65
39382.07,64779.42
40100.79,65471.01
39827.03,65094.96
38793.98,63969.71
38340.01,63602.31
39386.07,64786.08
40103.1,65479.25
39821.66,65094.18
38793.15,63977.11
38332.88,63600.72
39371.3,64772.13
40103.14,65479.52
39827.21,65103.28
38800.82,63981.51
38339.25,63601.75
39375.97,64777.77
40106.88,65484.46
39831.43,65107.75
38803.48,63980.57
38336.84,63597.24
39372.95,64773.23
40104.19,65483.66
39834.61,65110.61
38810.81,63993.33
38329.73,63595.74
39366.02,64765.36
40102.11,65476.37
39838.27,65114.77
38815.25,64001.34
38334.2,63599.74
39366.61,64767.48
40106.38,65486.27
39844.46,65122.36
38826.52,64006.65
38338.7,63597.5
39360.55,64765.36
40110.79,65498.16
39848.78,65130.1
38827.3,64012.46
38334.09,63599.96
39356.5,64761.63
40115.01,65497.27
39859.37,65140.11
38836.13,64018.61
38329.13,63588.34
39343.23,64743.64
40104.01,65481.31
39855.33,65128.93
38836.78,64018.28
38334.52,63593.3
39342.02,64740.62
40108.55,65490.07
39866.28,65147.33
38851.36,64039.55
38339.19,63604.14
39350.16,64756.82
40115.39,65503.33
39867.71,65155.87
38850.04,64043.36
38325.37,63592.88
39328.47,64734.7
40097.48,65486.21
39871.49,65162.42
38861.25,64054.38
38334.0,63601.84
39338.76,64749.16
40113.94,65503.55
39878.93,65168.39
38868.09,64061.68
38324.34,63592.54
39319.69,64729.51
40105.27,65493.94
39882.42,65169.84
38871.54,64059.79
38323.43,63587.13
39323.42,64730.74
40113.51,65504.24
39893.55,65188.01
38888.05,64085.58
38335.23,63599.61
39322.21,64733.15
40112.04,65506.34
39890.75,65186.98
38879.38,64081.31
38319.89,63593.66
39312.05,64724.73
40107.25,65497.16
39892.54,65183.16
38889.93,64083.75
38321.21,63583.47
39302.73,64702.29
40099.0,65482.76
39888.72,65177.64
38891.03,64081.58
38320.23,63582.06
39302.01,64705.01
40107.77,65498.36
39898.67,65190.96
38904.04,64095.55
38326.71,63587.87
39303.51,64710.6
40111.93,65506.48
39911.83,65203.55
38923.41,64115.8
38339.59,63600.77
39307.31,64712.86
40123.08,65514.28
39917.15,65210.68
38922.54,64117.5
38332.59,63592.92
39293.36,64696.68
40106.18,65499.26
39918.25,65208.55
38930.99,64119.08
38334.25,63584.47
39290.5,64686.06
40106.49,65493.98
39917.4,65209.49
38938.77,64130.62
38336.06,63593.53
39292.42,64690.84
40116.48,65508.54
39926.52,65220.76
38943.24,64131.54
38331.96,63581.14
39279.34,64675.51
40115.03,65501.05
39937.18,65223.91
38957.5,64146.29
38336.82,63588.63
39286.03,64682.26
40132.2,65514.82
39949.38,65231.57
38964.92,64148.86
38344.44,63590.29
39288.29,64677.92
40123.28,65506.03
39953.45,65235.13
38975.83,64157.62
38339.68,63586.2
39278.92,64669.99
40116.17,65498.7
39945.47,65229.61
38976.99,64161.84
38343.97,63592.95
39276.13,64671.6
40124.62,65511.64
39960.2,65247.42
38983.5,64171.12
38340.04,63586.91
39266.74,64660.42
40124.49,65507.73
39959.96,65247.4
38992.59,64182.72
38351.93,63597.82
39275.88,64664.36
40130.05,65512.25
39984.25,65270.33
39020.02,64202.95
38367.06,63600.1
39287.57,64670.32
40141.45,65519.91
39979.96,65261.91
39011.37,64192.73
38355.61,63590.49
39271.88,64653.29
40134.99,65509.7
39985.21,65269.33
39021.81,64203.8
38347.86,63586.64
39261.75,64649.42
40131.08,65509.92
39983.2,65258.4
39021.5,64194.16
38343.77,63573.01
39249.59,64629.08
40120.98,65500.6
39977.39,65264.59
39024.67,64205.5
38345.27,63579.82
39241.77,64627.74
40119.19,65501.58
39987.56,65270.42
39036.88,64214.86
38349.65,63579.36
39248.52,64625.3
40130.28,65510.9
39993.82,65278.13
39039.53,64222.1
38345.55,63580.23
39236.81,64618.58
40118.32,65500.11
39993.75,65283.03
39049.3,64232.12
38346.45,63578.13
39225.9,64607.11
40116.78,65502.07
39990.27,65282.16
39048.52,64238.29
38344.17,63581.5
39211.53,64599.27
40101.04,65489.22
39986.55,65276.37
39047.65,64233.3
38346.56,63583.65
39211.35,64598.19
40105.8,65494.21
39994.82,65289.31
39068.03,64259.25
38352.78,63594.02
39214.32,64603.38
40110.58,65501.02
39998.24,65298.41
39064.79,64260.28
38340.68,63582.38
39197.94,64589.39
40103.14,65494.54
39999.38,65295.16
39066.8,64262.85
38343.88,63581.3
39196.02,64582.17
40106.34,65494.72
40006.96,65300.3
39068.28,64255.03
38327.96,63560.07
39184.95,64567.3
40097.22,65483.79
39996.9,65290.45
39076.79,64266.67
38336.68,63568.61
39187.43,64566.27
40100.84,65485.04
40007.97,65301.6
39087.48,64276.6
38341.53,63572.45
39177.67,64555.99
40096.59,65478.92
40017.06,65302.95
39106.63,64285.0
38357.52,63573.5
39180.5,64546.83
40096.82,65471.92
40011.27,65292.37
39103.57,64276.48
38355.61,63572.83
39181.69,64551.37
40106.72,65481.87
40028.48,65309.8
39115.8,64286.92
38355.95,63563.69
39171.83,64535.03
40097.22,65470.96
40025.67,65302.88
39112.94,64284.78
38354.39,63567.75
39175.66,64542.83
40105.8,65477.87
40036.4,65313.0
39131.64,64305.3
38371.75,63582.57
39170.69,64528.7
40102.02,65468.1
40036.91,65310.54
39129.21,64298.84
38351.43,63559.75
39157.59,64515.52
40101.96,65466.27
40037.7,65311.37
39133.46,64300.4
38352.11,63556.0
39148.39,64507.58
40097.33,65463.07
40026.63,65297.11
39129.48,64295.53
38342.29,63544.22
39137.77,64490.88
40099.95,65462.76
40037.02,65306.68
39136.81,64297.76
38343.66,63543.39
39133.01,64486.77
40095.96,65454.0
40046.77,65315.35
39154.38,64316.43
38362.97,63554.97
39136.09,64485.63
40088.99,65447.85
40045.41,65309.14
39154.91,64311.82
38354.05,63544.35
39127.27,64473.74
40084.7,65440.96
40039.89,65308.18
39149.73,64313.28
38346.03,63540.78
39119.3,64465.96
40089.37,65452.48
40054.46,65325.41
39165.69,64331.45
38358.99,63550.12
39112.36,64456.24
40080.79,65439.34
40042.88,65313.43
39163.07,64326.15
38348.93,63539.73
39105.11,64443.79
40083.02,65435.76
40061.54,65326.91
39187.52,64347.41
38364.49,63553.34
39112.42,64453.33
40090.49,65448.97
40061.99,65328.96
39186.54,64349.69
38359.32,63549.49
39103.57,64449.18
40083.92,65449.13
40063.02,65338.86
39189.67,64352.44
38357.65,63546.81
39098.54,64446.4
40080.41,65443.2
40068.92,65338.91
39198.27,64361.38
38357.74,63544.51
39088.55,64426.66
40077.39,65430.8
40072.5,65333.97
39208.89,64359.75
38368.42,63547.91
39094.86,64426.09
40081.68,65432.09
40075.47,65341.84
39211.22,64369.2
38358.3,63533.98
39075.81,64406.01
40074.35,65428.05
40076.36,65339.04
39213.77,64368.57
38362.66,63540.73
39078.65,64412.94
40067.69,65426.1
40070.95,65335.76
39221.12,64371.61
38364.06,63535.01
39063.96,64388.71
40063.31,65409.16
40079.89,65337.03
39230.64,64381.02
38368.33,63539.68
39061.55,64389.67
40069.32,65420.0
40080.12,65341.21
39228.16,64376.17
38361.36,63530.65
39058.4,64382.32
40065.7,65413.7
40082.96,65345.5
39245.17,64397.99
38379.87,63548.53
39066.8,64389.72
40070.06,65416.16
40083.61,65338.19
39242.91,64389.59
38370.55,63534.07
39049.14,64364.44
40063.55,65405.96
40092.97,65347.02
39254.13,64398.59
38373.43,63531.39
39046.77,64355.34
40064.45,65402.97
40091.79,65346.95
39257.35,64400.87
38373.38,63539.32
39036.09,64357.87
40059.31,65411.39
40096.48,65358.36
39260.77,64407.46
38374.68,63535.23
39038.93,64351.21
40060.16,65399.13
40099.23,65352.83
39266.74,64411.64
38375.35,63533.29
39024.27,64337.01
40046.66,65388.89
40097.8,65350.8
39278.92,64418.89
38375.69,63534.36
39023.2,64337.8
40050.73,65396.35
40101.24,65365.3
39277.96,64435.83
38373.23,63540.4
39018.41,64335.11
40051.82,65397.52
40106.29,65363.2
39288.78,64434.38
38377.45,63539.41
39013.49,64328.77
40048.91,65394.34
40110.79,65371.41
39293.34,64440.95
38381.52,63540.71
39009.56,64324.79
40043.35,65387.75
40109.64,65367.56
39312.45,64462.18
38405.35,63563.24
39020.76,64330.35
40056.14,65398.81
40121.16,65382.8
39310.88,64459.46
38388.7,63544.69
39007.75,64317.57
40055.4,65398.09
40128.38,65388.26
39319.42,64471.68
38399.47,63557.83
38998.68,64310.35
40049.88,65392.57
40128.53,65386.61
39326.8,64477.05
38398.71,63553.0
38994.88,64299.62
40054.23,65393.22
40134.88,65389.29
39340.1,64483.66
38411.83,63560.83
38995.52,64301.23
40048.71,65387.72
40137.43,65390.05
39347.23,64495.09
38415.83,63569.1
38996.15,64306.44
40048.71,65394.12
40139.51,65400.55
39347.63,64498.21
38411.81,63562.55
38987.88,64294.14
40045.56,65393.36
40141.09,65405.23
39346.85,64502.5
38412.5,63570.06
38975.72,64286.25
40037.02,65379.68
40135.37,65394.14
39356.26,64510.02
38413.33,63568.8
38976.59,64280.84
40038.52,65383.45
40150.1,65413.03
39372.8,64523.72
38425.96,63575.15
38975.88,64280.29
40038.21,65384.08
40140.51,65408.89
39365.71,64526.38
38417.8,63574.8
38962.71,64272.98
40033.34,65382.07
40149.14,65416.16
39375.26,64530.51
38425.02,63579.22
38961.73,64269.02
40024.93,65374.13
40144.63,65410.72
39377.76,64530.36
38415.56,63565.36
38945.19,64248.21
40026.12,65374.29
40151.02,65414.37
39386.9,64535.63
38425.64,63568.11
38949.57,64249.04
40022.05,65365.13
40149.59,65408.78
39391.28,64538.22
38427.07,63567.46
38944.36,64239.25
40025.51,65363.96
40147.49,65407.19
39395.48,64541.71
38433.04,63571.53
38938.48,64229.73
40022.61,65362.42
40170.15,65429.14
39417.99,64569.16
38444.64,63592.95
38936.92,64243.34
40018.43,65366.36
40156.54,65419.89
39404.43,64556.73
38427.57,63573.25
38931.51,64234.62
40019.01,65369.6
40167.04,65433.34
39416.63,64573.5
38442.34,63592.63
38922.7,64223.87
40011.36,65361.17
40174.22,65445.97
39436.99,64602.44
38460.82,63614.2
38939.8,64240.43
40022.05,65373.31
40172.77,65448.21
39434.8,64593.57
38448.82,63600.07
38915.7,64220.07
40010.65,65367.18
40169.57,65444.59
39437.46,64596.09
38459.24,63605.84
38918.21,64214.75
40010.7,65355.36
40170.62,65441.08
39434.82,64595.31
38453.89,63598.63
38911.99,64210.17
40008.57,65361.84
40179.7,65450.84
39459.97,64618.54
38471.66,63614.76
38916.06,64212.63
40009.93,65358.98
40181.35,65452.01
39461.24,64621.59
38466.66,63608.5
38910.88,64205.32
40007.23,65352.65
40182.91,65448.39
39465.8,64621.55
38470.68,63609.0
38906.18,64195.86
40006.34,65353.05
40181.08,65448.45
39461.2,64614.04
38462.72,63595.92
38885.64,64172.55
39990.55,65333.77
40175.65,65439.67
39461.31,64613.04
38441.96,63578.51
38860.63,64145.23
39980.52,65317.02
40168.7,65428.98
39457.04,64608.95
38450.9,63587.16
38866.11,64151.38
39975.33,65315.01
40174.53,65437.52
39470.32,64623.43
38456.42,63592.57
38853.39,64140.36
39964.71,65309.27
40173.28,65439.51
39469.85,64627.41
38454.79,63592.99
38851.0,64139.51
39965.1,65311.66
40178.45,65446.33
39485.18,64640.86
38457.54,63592.88
38838.52,64123.2
39960.29,65305.29
40179.79,65452.86
39490.1,64650.3
38470.37,63607.59
38844.89,64127.73
39960.29,65299.12
40177.24,65439.51
39500.23,64655.01
38475.15,63604.55
38841.21,64118.84
39967.38,65307.91
40189.29,65454.87
39501.21,64655.17
38472.8,63602.56
38834.23,64117.34
39955.93,65299.03
40183.27,65450.51
39504.89,64663.8
38473.97,63609.11
38828.18,64110.05
39958.64,65302.59
40187.03,65458.18
39509.46,64667.68
38477.21,63610.22
38826.72,64104.38
39955.11,65299.3
40191.96,65456.25
39520.61,64674.12
38487.82,63619.79
38820.29,64101.49
39953.61,65296.66
40195.21,65464.99
39516.79,64676.63
38489.23,63618.32
38824.22,64099.1
39947.06,65286.45
40193.49,65458.64
39530.54,64686.37
38502.22,63625.2
38824.18,64096.38
39950.48,65289.09
40199.79,65470.27
39531.81,64692.07
38492.34,63619.75
38808.91,64083.23
39937.05,65281.57
40188.43,65458.11
39527.34,64688.38
38488.0,63620.42
38800.82,64075.59
39936.17,65279.63
40191.96,65461.84
39540.05,64700.59
38494.33,63631.28
38797.62,64077.96
39931.37,65271.14
40194.0,65457.48
39544.88,64700.16
38499.18,63623.77
38790.18,64060.34
39925.54,65267.52
40190.45,65465.08
39547.07,64708.36
38497.5,63622.2
38780.52,64050.33
39916.32,65258.69
40192.39,65464.64
39549.49,64710.45
38504.03,63629.6
38774.31,64042.66
39906.71,65244.49
40187.47,65454.2
39547.81,64704.97
38502.24,63624.91
38769.86,64039.64
39909.2,65252.47
40185.26,65456.37
39543.57,64701.57
38502.46,63626.38
38761.03,64031.6
39891.85,65238.91
40184.61,65460.19
39558.21,64716.7
38519.57,63639.35
38779.34,64043.29
39914.69,65254.48
40201.45,65472.35
39574.16,64731.01
38514.36,63635.05
38755.38,64022.28
39898.55,65237.77
40194.52,65462.63
39569.09,64731.16
38511.36,63637.96
38747.06,64020.33
39884.43,65229.96
40185.44,65462.63
39565.29,64730.09
38508.77,63637.54
38736.38,64008.38
39876.92,65221.79
40181.57,65456.28
39564.17,64727.39
38503.7,63625.58
38725.47,63989.24
39870.55,65213.36
40189.35,65464.77
39570.36,64739.9
38487.38,63619.86
38703.18,63971.72
39853.02,65194.09
40157.66,65433.07
39543.27,64709.13
38479.6,63603.09
38684.63,63953.46
39826.36,65173.93
40147.69,65421.3
39548.8,64709.28
38487.91,63609.48
38676.25,63935.87
39831.5,65167.76
40157.32,65426.37
39549.04,64709.06
38490.02,63609.0
38681.95,63943.24
39822.2,65165.08
40157.03,65424.45
39565.2,64720.39
38503.88,63617.15
38688.54,63946.73
39832.64,65171.07
40166.38,65436.79
39576.91,64732.68
38515.16,63625.87
38681.88,63931.71
39832.13,65164.23
40179.58,65442.44
39590.39,64743.05
38523.79,63635.84
38690.58,63944.05
39833.24,65169.53
40179.9,65449.37
39596.7,64757.34
38530.54,63644.15
38687.27,63937.5
39829.98,65162.26
40176.28,65447.0
39590.05,64753.31
38529.45,63646.21
38680.56,63938.82
39824.62,65170.6
40180.19,65459.9
39606.15,64771.42
38543.04,63657.52
38683.43,63934.05
39830.11,65161.46
40191.9,65464.88
39619.0,64786.86
38554.66,63672.12
38680.88,63933.9
39823.63,65160.47
40189.42,65462.25
39629.6,64789.84
38560.67,63670.42
38677.99,63929.03
39825.53,65164.23
40204.48,65477.91
39636.82,64798.38
38561.43,63674.22
38680.99,63926.97
39821.35,65153.19
40192.19,65463.34
39631.77,64797.48
38565.43,63682.71
38667.45,63918.92
39816.19,65155.67
40194.2,65475.28
39643.01,64812.12
38573.25,63687.36
38668.72,63918.32
39814.45,65155.45
40200.08,65476.55
39652.84,64817.4
38578.35,63691.2
38661.77,63907.3
39813.55,65145.52
40207.48,65477.6
39658.9,64819.45
38596.25,63705.84
38672.96,63917.58
39821.44,65154.64
40213.11,65487.48
39660.0,64823.34
38583.49,63696.05
38662.66,63907.9
39813.62,65149.34
40213.98,65488.02
39674.14,64834.85
38602.27,63704.64
38659.44,63895.45
39807.11,65133.79
40213.87,65484.17
39676.56,64840.6
38594.58,63707.99
38653.23,63896.5
39808.21,65139.13
40213.8,65484.08
39668.2,64826.0
38592.54,63694.11
38653.99,63889.62
39809.93,65149.23
40223.82,65503.48
39691.91,64857.36
38619.86,63725.25
38662.32,63894.96
39803.56,65133.45
40220.31,65493.05
39699.49,64858.03
38629.2,63728.35
38657.25,63893.53
39804.05,65132.36
40226.41,65490.83
39700.61,64854.88
38625.36,63723.05
38650.55,63879.54
39792.27,65112.6
40223.04,65482.76
39711.14,64862.1
38640.15,63734.84
38650.7,63872.5
39791.02,65114.52
40233.32,65502.54
39714.42,64869.48
38640.51,63740.16
38649.18,63880.66
39795.18,65124.29
40232.65,65509.09
39720.64,64883.96
38640.11,63742.21
38639.66,63871.83
39787.33,65116.75
40237.14,65512.02
39745.47,64910.78
38669.54,63774.62
38653.5,63885.44
39798.0,65131.35
40245.52,65525.01
39735.19,64906.65
38656.83,63764.88
38638.18,63878.85
39787.91,65128.93
40241.5,65526.73
39741.2,64912.82
38663.64,63773.48
38644.36,63880.16
39784.63,65121.49
40240.92,65521.81
39741.22,64919.14
38665.34,63777.57
38627.46,63862.87
39776.09,65112.6
40241.16,65525.41
39749.29,64921.55
38666.44,63772.52
38624.06,63852.85
39770.01,65104.17
40241.86,65523.0
39749.56,64922.23
38672.79,63781.5
38625.45,63855.8
39771.98,65103.3
40254.53,65529.37
39760.8,64933.83
38670.24,63779.45
38618.61,63855.2
39766.64,65107.19
40248.07,65530.84
39770.41,64943.41
38688.01,63793.73
38618.4,63846.1
39758.12,65089.15
40247.58,65528.85
39772.47,64951.24
38685.7,63799.66
38615.48,63852.65
39754.79,65095.25
40244.27,65529.52
39782.15,64955.64
38711.52,63819.21
38631.41,63861.3
39776.14,65110.43
40257.95,65540.19
39784.63,64956.22
38707.61,63810.96
38614.27,63838.05
39755.48,65086.51
40252.61,65535.83
39791.45,64967.15
38714.36,63818.5
38610.94,63836.65
39751.77,65082.64
40254.98,65533.97
39792.99,64967.82
38702.91,63807.81
38603.27,63826.5
39741.71,65078.93
40250.42,65536.09
39796.59,64966.77
38722.54,63821.67
38607.61,63826.63
39741.85,65069.12
40262.31,65542.22
39801.26,64974.02
38717.2,63823.35
38595.58,63816.84
39737.38,65065.39
40253.21,65534.04
39802.44,64977.57
38722.34,63829.36
38588.92,63809.47
39728.14,65053.79
40254.8,65531.54
39812.14,64981.64
38725.63,63824.82
38591.56,63809.31
39735.01,65059.31
40267.0,65538.4
39818.94,64981.93
38739.44,63835.71
38603.96,63816.78
39730.7,65050.75
40252.56,65527.64
39828.44,64999.18
38750.66,63849.97
38590.93,63803.41
39726.63,65051.35
40267.14,65546.33
39833.04,65003.34
38754.32,63850.68
38589.48,63803.01
39725.55,65051.98
40272.57,65552.26
39849.92,65021.27
38777.62,63873.84
38606.07,63814.05
39730.65,65051.6
40275.65,65552.05
39849.54,65019.93
38765.32,63861.34
38586.06,63796.17
39710.13,65031.1
40259.47,65532.25
39840.93,65004.08
38767.29,63857.79
38578.57,63789.77
39703.8,65029.07
40273.1,65546.66
39854.19,65019.25
38777.13,63867.89
38578.51,63780.19
39702.91,65018.7
40267.79,65537.64
39851.46,65015.79
38768.96,63861.59
38569.03,63767.91
39697.17,65010.47
40270.78,65543.23
39856.27,65018.34
38774.62,63855.82
38565.74,63755.8
39688.52,64998.4
40264.39,65533.32
39854.88,65017.29
38779.45,63865.95
38560.71,63753.39
39685.03,64995.38
40262.04,65527.85
39853.25,65013.33
38783.54,63870.84
38561.18,63762.33
39674.81,64987.94
40260.36,65529.01
39868.71,65029.7
38790.85,63873.77
38549.11,63745.92
39669.85,64984.61
40259.2,65531.98
39860.85,65030.14
38796.61,63886.67
38560.8,63758.15
39668.62,64986.11
40260.81,65537.97
39874.62,65049.96
38813.31,63908.69
38565.68,63766.53
39674.99,64991.18
40269.75,65545.3
39887.94,65057.93
38825.18,63910.39
38565.52,63755.11
39674.88,64984.77
40277.42,65543.38
39891.76,65049.52
38823.1,63902.74
38556.4,63742.57
39664.67,64972.36
40273.89,65540.9
39887.27,65049.34
38821.36,63904.39
38549.94,63735.5
39652.39,64958.1
40262.62,65531.89
39887.87,65051.38
38828.06,63907.01
38553.76,63736.69
39656.71,64958.37
40272.61,65538.35
39900.01,65062.98
38831.98,63915.13
38533.98,63720.66
39642.52,64952.94
40271.02,65544.45
39897.66,65065.5
38827.35,63910.79
38541.56,63723.37
39645.24,64948.2
40274.8,65540.81
39920.3,65076.5
38858.68,63933.72
38541.38,63722.61
39638.09,64940.93
40272.21,65536.85
39915.45,65075.92
38855.24,63933.5
38545.65,63723.84
39639.3,64938.5
40280.9,65545.69
39921.18,65086.51
38857.41,63940.05
38540.87,63720.21
39630.47,64935.19
40270.89,65535.67
39934.21,65087.96
38881.57,63950.71
38558.12,63728.29
39638.29,64941.09
40280.37,65545.39
39938.16,65096.91
38883.52,63954.91
38548.18,63714.94
39631.45,64926.41
40284.44,65544.77
39941.85,65097.02
38888.41,63959.87
38544.33,63711.99
39620.95,64917.24
40281.51,65545.46
39949.74,65114.05
38887.3,63968.77
38536.73,63707.39
39621.26,64927.01
40281.17,65559.92
39953.92,65131.15
38894.85,63988.08
38539.5,63719.46
39612.12,64916.75
40279.72,65548.99
39961.41,65121.05
38907.88,63981.51
38542.81,63709.13
39613.73,64903.74
40279.27,65538.33
39958.52,65119.93
38910.16,63987.9
38527.48,63696.46
39603.2,64895.72
40276.66,65539.8
39962.37,65120.31
38917.43,63983.95
38528.3,63694.07
39592.27,64887.85
40280.21,65538.77
39970.64,65122.59
38922.01,63986.87
38525.09,63683.87
39587.6,64878.26
40282.25,65547.7
39978.98,65138.21
38936.71,64005.02
38536.86,63695.5
39595.46,64882.33
40291.23,65547.07
39985.37,65139.82
38933.25,64002.07
38524.93,63683.16
39583.33,64871.42
40277.51,65541.93
39980.43,65139.75
38932.29,64002.07
38519.27,63679.29
39579.13,64870.32
40286.02,65544.45
39988.88,65144.67
38951.94,64019.02
38523.97,63676.65
39576.6,64860.07
40290.98,65549.98
39996.64,65157.84
38959.83,64030.28
38527.41,63679.76
39570.05,64855.35
40290.56,65545.02
40000.97,65151.78
38972.48,64028.36
38529.55,63670.37
39574.1,64849.36
40293.33,65540.95
40007.03,65152.85
38978.98,64032.67
38537.82,63673.66
39578.84,64853.45
40298.88,65546.42
40021.54,65163.38
38985.11,64038.1
38522.8,63664.74
39558.86,64835.17
40293.8,65539.96
40021.29,65167.31
38990.83,64047.0
38522.43,63661.34
39558.99,64828.35
40290.56,65538.91
40019.63,65170.82
38985.82,64046.26
38520.19,63665.3
39550.18,64831.1
40290.16,65547.29
40028.89,65185.86
39007.73,64069.64
38531.48,63674.82
39560.29,64836.75
40298.7,65552.05
40033.67,65186.27
39009.63,64067.61
38526.25,63663.22
39556.08,64828.98
40298.5,65549.02
40036.2,65192.46
39011.88,64077.82
38517.51,63658.79
39544.37,64829.8
40290.14,65555.34
40030.65,65190.69
39014.84,64077.58
38512.03,63655.71
39525.77,64808.9
40286.74,65551.59
40032.29,65194.92
39010.27,64076.64
38504.88,63649.09
39523.87,64804.63
40278.87,65538.51
40032.06,65189.89
39015.48,64078.54
38504.03,63644.11
39513.93,64791.76
40281.11,65536.52
40038.14,65196.77
39025.9,64087.39
38507.32,63645.09
39511.65,64785.88
40277.91,65530.69
40043.15,65197.73
39035.15,64097.61
38512.37,63647.08
39510.82,64783.6
40283.81,65539.6
40043.42,65201.33
39028.04,64090.85
38490.98,63625.11
39491.98,64767.62
40279.32,65536.97
40052.47,65206.25
39047.36,64109.74
38506.82,63644.31
39499.11,64773.36
40282.25,65536.16
40053.09,65213.4
39049.7,64113.61
38498.22,63632.96
39481.63,64758.28
40270.89,65530.82
40061.39,65221.16
39056.01,64119.96
38498.09,63632.75
39485.99,64759.02
40274.4,65534.39
40057.14,65220.13
39055.87,64120.54
38494.04,63627.66
39469.85,64745.6
40273.19,65531.56
40059.49,65219.06
39057.23,64113.92
38492.92,63617.67
39473.27,64741.89
40274.0,65531.31
40060.83,65218.88
39067.56,64122.77
38492.79,63619.03
39462.76,64735.14
40266.51,65527.55
40068.38,65227.02
39076.12,64130.57
38498.31,63621.69
39462.7,64730.83
40276.3,65532.0
40075.31,65231.86
39078.71,64133.46
38492.63,63612.32
39450.47,64714.8
40267.31,65523.4
40073.95,65235.26
39084.73,64147.47
38487.6,63616.26
39440.64,64714.07
40266.64,65529.03
40079.4,65240.79
39107.41,64163.54
38507.5,63626.41
39460.5,64723.92
40285.26,65536.81
40098.25,65251.18
39107.48,64159.96
38492.59,63605.64
39433.82,64690.51
40266.0,65516.74
40083.96,65237.45
39107.1,64157.3
38491.13,63605.75
39431.7,64693.52
40270.22,65521.43
40091.25,65244.29
39110.77,64163.43
38486.98,63600.75
