43790.78,34292.92
43765.03,34315.92
43791.18,34328.7
43840.89,34330.8
43836.82,34296.25
43785.68,34276.22
43761.27,34296.92
43789.82,34330.11
43848.98,34343.77
43839.12,34310.95
43782.42,34287.04
43745.85,34285.36
43777.32,34316.36
43834.86,34334.31
43833.69,34308.27
43785.77,34284.96
43754.72,34300.34
43781.19,34332.5
43830.34,34338.65
43836.98,34324.23
43779.89,34290.35
43747.3,34295.69
43768.0,34321.46
43820.23,34329.46
43826.02,34302.64
43775.53,34273.67
43749.38,34288.98
43787.94,34329.91
43842.45,34343.59
43850.57,34321.93
43791.04,34288.45
43764.16,34305.25
43798.13,34345.6
43832.8,34334.71
43829.04,34298.68
43768.71,34262.45
43742.21,34277.36
43772.38,34317.62
43832.57,34331.7
43822.58,34287.93
43770.26,34265.18
43736.82,34278.21
43768.25,34308.29
43821.15,34321.91
43814.89,34279.44
43754.9,34233.3
43730.34,34259.79
43760.64,34301.75
43808.32,34314.62
43806.27,34280.22
43757.98,34252.93
43730.49,34274.32
43762.81,34317.08
43813.29,34314.13
43817.29,34278.84
43767.48,34266.52
43738.7,34278.59
43776.85,34323.76
43821.51,34329.64
43817.35,34279.95
43759.71,34245.17
43728.59,34256.75
43762.79,34294.59
43822.11,34317.7
43819.36,34279.24
43763.95,34255.93
43730.36,34264.33
43761.79,34296.49
43817.82,34317.66
43817.89,34281.96
43760.85,34250.09
43735.61,34266.74
43766.05,34297.99
43814.96,34307.82
43812.37,34275.04
43757.0,34247.79
43729.38,34267.48
43757.36,34300.74
43811.23,34317.06
43816.55,34293.81
43753.88,34251.54
43731.3,34265.85
43763.62,34300.47
43815.77,34311.4
43820.35,34280.6
43764.89,34256.42
43723.23,34271.39
43760.78,34295.02
43808.03,34291.11
43816.5,34277.09
43762.34,34249.02
43724.57,34249.96
43752.6,34281.79
43804.7,34291.78
43803.7,34262.12
43744.06,34225.41
43718.42,34239.94
43746.79,34276.09
43797.41,34285.36
43798.89,34260.2
43744.29,34236.16
43713.15,34243.43
43745.29,34274.88
43793.46,34284.42
43801.91,34268.6
43749.16,34237.15
43721.48,34248.14
43747.64,34272.69
43803.7,34288.34
43799.38,34257.91
43746.81,34232.05
43719.03,34248.08
43747.59,34279.55
43797.01,34288.94
43797.66,34263.79
43746.03,34236.81
43717.71,34248.41
43742.54,34273.79
43794.64,34285.09
43794.89,34254.47
43740.93,34227.79
43709.57,34239.36
43746.65,34279.35
43806.76,34291.62
43800.81,34256.08
43741.78,34230.91
43709.35,34255.12
43736.26,34278.03
43797.86,34285.03
43800.07,34256.73
43741.54,34226.02
43712.7,34256.42
43744.15,34294.57
43787.47,34276.38
43785.3,34235.9
43736.86,34214.15
43707.85,34231.94
43746.9,34291.53
43791.74,34299.38
43791.34,34260.44
43728.08,34224.61
43693.73,34230.64
43738.59,34281.05
43792.07,34293.12
43802.06,34275.3
43746.14,34249.75
43709.48,34267.26
43738.52,34296.7
43797.91,34304.63
43795.85,34256.8
43732.46,34219.36
43693.66,34234.02
43729.24,34279.3
43780.74,34287.57
43784.18,34261.27
43723.39,34224.79
43683.93,34230.15
43721.11,34276.02
43775.58,34294.75
43775.18,34263.61
43715.45,34226.51
43682.95,34247.18
43708.97,34272.42
43760.45,34272.22
43775.13,34254.25
43725.02,34228.01
43692.81,34245.22
43721.64,34286.82
43776.56,34291.24
43778.77,34263.28
43725.44,34233.17
43690.71,34236.12
43720.01,34274.75
43769.36,34283.53
43780.0,34264.35
43723.16,34233.11
43683.84,34244.46
43707.29,34281.85
43762.01,34291.66
43766.79,34258.09
43712.88,34231.2
43678.3,34241.66
43704.27,34274.07
43760.2,34284.45
43773.75,34261.63
43715.5,34225.23
43687.36,34241.91
43719.54,34288.47
43767.06,34299.62
43767.48,34251.77
43717.84,34214.77
43683.8,34230.69
43708.97,34262.65
43757.74,34267.04
43769.21,34252.48
43712.05,34227.29
43673.36,34230.31
43701.1,34266.25
43762.01,34281.25
43763.8,34247.32
43714.73,34229.5
43684.63,34237.82
43719.23,34277.32
43773.57,34295.62
43780.02,34267.66
43724.88,34245.09
43689.77,34238.71
43715.72,34256.44
43758.66,34262.99
43770.64,34249.67
43714.69,34219.92
43683.82,34222.73
43708.88,34253.91
43769.63,34274.05
43783.51,34257.73
43726.05,34226.67
43686.28,34231.65
43706.55,34263.9
43768.65,34286.41
43777.45,34266.43
43727.97,34240.55
43690.77,34245.78
43707.96,34263.19
43761.0,34279.53
43764.94,34256.46
43711.92,34226.24
43672.16,34233.59
43701.39,34276.02
43756.8,34276.2
43770.86,34255.07
43712.66,34224.95
43669.2,34229.77
43696.79,34264.13
43757.25,34279.55
43757.58,34246.47
43709.01,34213.88
43671.78,34227.2
43700.88,34268.11
43748.15,34271.77
43759.24,34249.82
43710.54,34218.35
43663.46,34213.41
43691.64,34253.42
43745.98,34272.11
43753.61,34246.2
43706.22,34220.99
43665.94,34229.13
43691.78,34268.24
43743.61,34272.33
43746.52,34237.48
43700.07,34219.09
43663.04,34231.38
43682.37,34239.16
43731.43,34253.82
43744.17,34241.69
43692.85,34205.21
43658.23,34211.0
43685.59,34250.94
43748.13,34273.79
43755.64,34249.4
43690.24,34199.82
43657.87,34209.66
43673.36,34242.4
43729.6,34268.89
43735.41,34233.15
43680.0,34196.6
43635.25,34198.35
43661.09,34240.77
43717.98,34261.22
43724.13,34237.98
43673.41,34191.66
43648.84,34209.03
43671.21,34248.1
43716.39,34254.45
43720.43,34224.57
43668.16,34191.11
43630.85,34201.81
43655.32,34241.38
43703.83,34248.82
43706.58,34217.26
43666.32,34189.32
43635.92,34194.43
43651.17,34228.25
43707.49,34245.02
43711.11,34215.94
43655.66,34178.3
43621.46,34188.2
43651.32,34228.12
43700.14,34238.8
43703.34,34222.15
43650.56,34190.1
43609.84,34185.11
43631.5,34217.75
43679.46,34218.44
43700.0,34201.9
43648.3,34175.97
43609.97,34180.13
43632.13,34215.51
43683.93,34233.82
43694.44,34209.59
43643.19,34180.31
43616.5,34190.28
43639.28,34219.13
43692.68,34235.41
43706.11,34215.51
43648.6,34174.74
43609.5,34180.0
43625.93,34216.9
43671.71,34228.66
43695.11,34216.86
43642.47,34179.64
43603.63,34184.38
43626.65,34226.84
43685.54,34262.0
43697.84,34219.76
43637.0,34169.29
43597.84,34178.83
43617.59,34206.86
43665.88,34221.19
43669.16,34195.39
43612.07,34162.47
43584.69,34184.8
43608.68,34219.71
43658.52,34221.05
43668.91,34193.14
43614.76,34163.84
43574.97,34171.26
43595.76,34204.05
43645.85,34214.89
43661.18,34200.83
43613.44,34177.76
43567.1,34177.34
43594.8,34207.96
43643.99,34214.51
43655.82,34186.39
43605.55,34158.8
43563.88,34162.36
43585.09,34195.11
43642.81,34214.35
43651.82,34189.54
43598.91,34155.72
43556.13,34159.39
43579.95,34197.59
43629.84,34205.23
43636.82,34175.17
43589.72,34144.55
43549.55,34149.91
43575.21,34193.16
43622.2,34207.33
43634.36,34181.54
43584.54,34136.61
43543.03,34137.84
43560.78,34172.78
43619.85,34191.15
43626.63,34162.67
43575.86,34138.02
43539.43,34144.7
43559.73,34159.7
43612.32,34174.43
43632.14,34164.46
43587.55,34134.2
43543.54,34133.44
43564.46,34167.99
43611.47,34175.79
43627.43,34159.16
43574.57,34121.05
43547.54,34133.64
43558.83,34169.4
43604.96,34180.42
43628.01,34167.7
43578.23,34135.72
43534.8,34133.3
43551.66,34160.5
43606.57,34181.05
43621.08,34164.51
43572.51,34124.59
43534.2,34130.11
43553.89,34165.6
43606.64,34189.47
43619.47,34167.79
43570.16,34122.98
43529.6,34127.34
43543.05,34155.77
43594.37,34178.45
43613.82,34163.59
43561.67,34118.68
43521.19,34120.68
43539.25,34157.13
43576.65,34163.1
43590.37,34144.86
43547.97,34116.54
43510.35,34116.36
43529.48,34151.61
43587.11,34172.89
43592.52,34146.16
43547.59,34116.94
43498.26,34103.98
43531.68,34146.94
43578.46,34161.33
43589.45,34143.56
43542.23,34110.73
43498.57,34115.94
43514.6,34154.61
43576.36,34176.55
43584.34,34148.35
43531.43,34111.36
43491.87,34119.33
43513.5,34154.27
43573.56,34183.57
43587.58,34152.32
43539.59,34114.68
43497.57,34127.27
43513.12,34159.68
43561.45,34165.47
43574.41,34140.01
43526.91,34109.01
43493.45,34123.87
43510.11,34151.48
43557.31,34159.07
43568.42,34128.7
43527.61,34109.07
43479.3,34115.15
43498.75,34146.94
43546.7,34156.28
43561.85,34135.29
43516.68,34110.44
43469.65,34106.32
43497.57,34138.4
43555.23,34158.88
43577.99,34139.85
43531.68,34106.82
43480.87,34101.12
43492.98,34132.99
43552.51,34157.51
43566.84,34143.03
43516.86,34101.72
43481.14,34109.27
43496.7,34134.67
43552.89,34154.09
43567.66,34139.0
43517.01,34107.31
43475.06,34100.11
43496.18,34138.04
43558.45,34164.95
43574.34,34140.93
43522.15,34101.18
43480.54,34113.1
43496.74,34137.64
43551.23,34156.1
43568.04,34137.1
43523.05,34104.38
43477.9,34115.49
43490.73,34140.12
43552.98,34163.16
43569.94,34143.43
43523.85,34113.77
43485.96,34120.96
43499.8,34148.79
43547.59,34153.4
43557.83,34129.13
43511.27,34094.5
43471.48,34097.83
43487.95,34133.97
43542.11,34152.48
43563.48,34136.03
43516.16,34102.95
43474.28,34116.72
43486.03,34139.05
43533.93,34147.7
43551.39,34125.99
43501.48,34087.15
43454.54,34089.65
43476.4,34133.19
43525.64,34144.68
43537.55,34120.9
43498.62,34093.61
43465.71,34102.1
43472.69,34128.18
43522.85,34142.71
43540.7,34125.32
43511.54,34112.2
43477.25,34126.48
43486.52,34145.51
43538.16,34151.21
43556.29,34126.55
43509.99,34093.85
43467.64,34096.47
43481.38,34129.97
43536.61,34150.38
43552.51,34125.48
43504.79,34098.25
43471.23,34115.89
43484.56,34135.88
43533.33,34152.23
43559.05,34138.45
43497.5,34086.45
43459.23,34091.57
43478.32,34128.12
43537.29,34153.57
43560.89,34145.51
43509.03,34100.22
43467.3,34104.25
43479.02,34131.14
43533.75,34148.68
43553.47,34144.1
43501.77,34109.3
43456.55,34103.2
43473.65,34139.43
43524.68,34150.89
43545.51,34131.2
43498.35,34098.01
43456.57,34098.81
43475.01,34133.21
43528.41,34157.27
43550.14,34138.96
43501.43,34102.01
43457.58,34105.95
43471.59,34138.22
43529.26,34156.71
43548.53,34146.67
43503.73,34111.44
43462.16,34107.62
43479.42,34143.96
43530.6,34165.55
43534.43,34134.2
43494.17,34101.0
43457.73,34108.89
43476.11,34144.61
43518.69,34157.38
43546.85,34153.22
43500.65,34104.56
43451.12,34087.77
43459.01,34114.93
43517.19,34142.09
43534.49,34121.59
43491.22,34085.61
43447.99,34088.69
43466.39,34133.77
43524.12,34158.7
43548.59,34140.84
43498.8,34100.36
43457.73,34100.96
43465.4,34124.3
43515.4,34139.45
43543.57,34127.92
43489.77,34084.24
43450.85,34091.84
43466.77,34132.77
43519.07,34151.48
43526.73,34122.84
43485.52,34090.5
43439.7,34096.11
43451.97,34137.97
43505.01,34153.55
43524.32,34121.57
43482.32,34086.12
43440.61,34087.77
43454.88,34119.13
43506.55,34140.3
43530.0,34126.84
43488.89,34092.06
43442.85,34090.54
43463.17,34133.88
43518.84,34154.78
43532.73,34127.29
43491.53,34088.4
43450.76,34089.54
43458.52,34118.46
43512.23,34138.73
43535.74,34126.44
43496.0,34095.48
43448.44,34090.5
43453.71,34117.81
43512.48,34136.93
43534.91,34117.48
43494.66,34084.38
43450.83,34094.52
43460.04,34121.7
43511.36,34132.21
43531.5,34111.67
43496.8,34084.09
43450.8,34090.32
43463.17,34126.78
43532.77,34153.87
43551.61,34127.11
43504.61,34086.34
43455.32,34088.96
43459.16,34106.97
43513.3,34130.49
43536.3,34115.67
43493.5,34079.5
43451.63,34085.47
43463.95,34124.38
43522.22,34149.39
43547.88,34132.27
43510.24,34102.43
43467.35,34103.11
43472.98,34129.68
43522.93,34147.21
43541.67,34126.13
43499.04,34090.93
43457.11,34094.25
43475.75,34136.5
43523.67,34162.45
43546.81,34135.34
43504.94,34088.91
43464.39,34098.61
43470.14,34134.0
43526.09,34153.98
43546.43,34135.27
43509.66,34099.35
43458.76,34092.98
43460.08,34118.68
43512.16,34140.05
43541.09,34131.11
43495.44,34093.0
43454.52,34096.71
43460.64,34125.17
43507.4,34138.91
43534.49,34126.96
43504.11,34099.48
43458.59,34098.28
43471.41,34127.34
43524.07,34151.43
43548.33,34144.61
43502.98,34102.86
43453.91,34091.8
43460.75,34120.34
43522.2,34154.87
43537.02,34132.79
43499.4,34098.05
43457.24,34098.77
43467.23,34127.04
43522.55,34148.84
43537.35,34138.15
43498.26,34113.59
43449.93,34095.04
43461.36,34122.69
43513.21,34146.02
43541.51,34142.09
43498.32,34105.21
43455.75,34100.25
43458.68,34129.3
43502.68,34141.44
43542.38,34140.52
43504.14,34101.63
43452.77,34096.31
43461.42,34124.61
43516.66,34150.69
43535.65,34125.5
43497.57,34084.8
43448.44,34083.23
43459.68,34115.87
43523.16,34147.59
43544.46,34134.09
43504.7,34094.39
43449.82,34081.96
43451.36,34111.51
43517.46,34145.42
43542.52,34131.05
43503.02,34097.65
43448.5,34076.93
43458.23,34112.56
43510.38,34130.38
43532.84,34104.09
43495.69,34073.8
43455.99,34081.8
43462.92,34107.78
43506.75,34125.08
43531.83,34108.2
43502.59,34080.26
43450.98,34078.12
43458.05,34112.58
43515.47,34140.1
43537.96,34114.01
43496.38,34077.04
43453.55,34080.02
43459.81,34108.0
43508.47,34130.24
43543.63,34124.74
43501.5,34084.69
43453.02,34081.11
43457.91,34107.8
43517.88,34141.66
43544.97,34127.34
43500.79,34086.16
43452.93,34083.19
43465.6,34123.22
43510.66,34140.14
43540.26,34128.57
43502.3,34088.51
43447.95,34077.91
43455.37,34104.56
43509.77,34129.97
43532.03,34123.91
43491.15,34101.59
43449.73,34097.14
43450.85,34109.05
43512.36,34137.21
43538.38,34120.32
43495.15,34079.73
43445.91,34075.7
43450.74,34104.98
43513.32,34139.54
43538.22,34126.89
43500.36,34085.56
43465.85,34098.88
43463.88,34128.72
43515.69,34147.16
43544.24,34135.27
43515.45,34108.07
43466.59,34101.34
43463.66,34124.3
43517.7,34155.66
43545.87,34139.85
43507.65,34100.67
43454.38,34094.63
43462.65,34124.99
43519.61,34150.31
43539.45,34129.82
43518.09,34109.61
43459.14,34090.97
43458.41,34111.73
43526.69,34149.53
43551.37,34134.96
43511.71,34096.78
43466.83,34096.22
43469.8,34124.21
43531.21,34169.0
43550.29,34142.24
43509.34,34096.18
43460.35,34091.24
43463.26,34122.64
43519.63,34151.92
43552.55,34140.52
43521.21,34099.6
43464.3,34087.82
43471.55,34126.8
43523.81,34146.18
43545.31,34126.06
43520.34,34103.35
43473.0,34102.14
43470.7,34130.2
43526.55,34161.85
43554.79,34135.61
43521.82,34096.56
43472.18,34095.42
43472.84,34122.48
43534.63,34153.66
43561.02,34138.54
43524.3,34104.83
43476.73,34103.82
43474.84,34125.84
43535.03,34155.66
43564.02,34146.11
43526.55,34110.39
43469.2,34095.89
43473.83,34135.72
43522.89,34164.48
43551.23,34138.45
43524.41,34108.56
43481.38,34109.3
43482.3,34138.09
43529.39,34155.43
43565.98,34149.39
43528.39,34107.89
43477.41,34105.03
43493.23,34143.9
43542.11,34158.25
43576.71,34151.83
43526.36,34107.26
43470.39,34096.82
43465.04,34118.98
43528.88,34155.83
43560.84,34143.81
43522.24,34109.07
43475.84,34101.92
43486.37,34131.63
43540.26,34154.09
43562.32,34136.39
43517.04,34095.71
43463.95,34092.54
43469.96,34123.47
43527.92,34152.59
43555.12,34142.71
43521.35,34115.85
43464.53,34097.25
43478.99,34130.93
43525.82,34145.91
43556.71,34135.94
43514.17,34094.48
43465.2,34096.22
43472.44,34135.43
43521.84,34151.43
43556.17,34142.04
43519.05,34099.33
43469.52,34095.15
43467.28,34123.25
43526.2,34156.28
43554.23,34144.59
43521.26,34104.16
43473.49,34100.0
43475.73,34131.29
43533.51,34159.12
43571.46,34155.79
43530.11,34112.09
43472.82,34098.48
43480.36,34133.88
43530.36,34154.96
43570.32,34153.49
43533.57,34113.88
43476.46,34096.82
43475.39,34122.6
43533.75,34157.11
43557.94,34140.88
43520.72,34098.77
43474.61,34099.29
43472.13,34123.65
43530.0,34152.86
43554.59,34141.64
43527.92,34115.18
43476.8,34100.4
43473.52,34128.16
43535.25,34170.36
43559.7,34145.51
43521.71,34105.5
43466.9,34094.81
43471.93,34128.18
43520.07,34149.13
43548.26,34139.92
43516.03,34102.52
43469.34,34097.45
43475.39,34127.92
43525.82,34158.7
43552.24,34145.42
43520.21,34109.99
43475.06,34109.81
43484.07,34143.14
43535.61,34172.22
43562.34,34163.1
43536.26,34135.76
43487.55,34118.93
43486.46,34139.74
43537.73,34165.8
43567.15,34159.1
43540.39,34132.59
43485.83,34116.85
43486.17,34146.36
43540.04,34173.22
43568.71,34155.79
43532.55,34117.63
43493.74,34117.46
43485.47,34142.76
43547.77,34179.77
43578.55,34155.34
43540.62,34119.76
43485.09,34112.07
43491.51,34146.09
43540.13,34171.12
43571.35,34164.44
43535.3,34129.46
43486.39,34112.72
43496.71,34143.23
43557.85,34176.96
43581.52,34168.37
43536.52,34124.61
43482.79,34112.2
43483.11,34147.74
43531.94,34177.63
43567.15,34158.09
43532.95,34118.91
43479.8,34113.88
43483.15,34141.3
43536.41,34162.83
43567.66,34154.49
43542.79,34127.22
43484.54,34123.09
43470.77,34137.89
43524.72,34163.57
43567.37,34165.64
43540.28,34132.88
43491.87,34134.58
43491.98,34178.05
43538.18,34179.82
43571.8,34172.55
43535.54,34145.89
43483.39,34126.96
43483.04,34149.96
43531.72,34176.57
43560.55,34162.74
43536.28,34132.75
43483.84,34126.11
43485.94,34165.22
43531.83,34181.88
43564.64,34171.41
43530.42,34134.2
43487.15,34139.0
43476.98,34153.17
43540.57,34188.51
43562.25,34170.81
43529.6,34129.53
43477.11,34121.5
43473.49,34145.95
43524.41,34170.25
43553.45,34162.16
43526.85,34129.5
43467.68,34113.75
43470.18,34143.96
43530.73,34178.59
43560.66,34164.11
43529.66,34128.59
43480.09,34123.82
43482.84,34158.45
43542.94,34190.81
43572.22,34173.04
43538.76,34132.59
43484.16,34127.69
43486.05,34172.55
43536.48,34187.26
43577.61,34176.04
43548.55,34158.34
43494.17,34145.66
43486.19,34159.57
43531.54,34177.36
43574.77,34180.2
43548.1,34151.05
43488.02,34137.75
43487.3,34163.95
43535.81,34190.84
43572.02,34190.77
43547.12,34149.57
43491.15,34128.3
43492.61,34165.85
43546.02,34201.92
43580.27,34197.18
43548.33,34152.88
43499.36,34147.68
43494.53,34174.9
43535.18,34189.74
43563.68,34174.52
43537.75,34140.12
43491.04,34137.89
43488.69,34168.11
43535.72,34199.93
43567.3,34198.14
43540.97,34167.41
43484.89,34140.19
43479.21,34158.45
43526.29,34183.57
43564.46,34171.97
43540.55,34143.9
43484.69,34137.24
43481.65,34166.38
43529.02,34188.8
43566.86,34177.18
43539.18,34140.32
43485.83,34129.95
43489.25,34160.06
43536.82,34184.29
43563.17,34170.52
43541.55,34142.63
43496.89,34137.84
43482.97,34151.54
43530.76,34177.11
43570.63,34174.39
43538.78,34132.48
43478.25,34117.28
43478.37,34152.01
43530.42,34171.77
43564.02,34156.91
43533.75,34116.05
43476.6,34102.91
43476.8,34130.84
43530.38,34159.97
43568.42,34154.52
43543.19,34125.17
43488.85,34120.88
43479.44,34130.06
43535.07,34165.24
43564.42,34160.68
43536.08,34123.13
43486.64,34116.67
43484.11,34137.5
43535.56,34166.47
43569.88,34162.02
43549.51,34134.38
43491.89,34114.91
43486.08,34135.96
43538.89,34166.29
43585.52,34168.06
43553.98,34131.87
43495.51,34111.36
43486.57,34136.66
43531.14,34164.39
43565.29,34158.25
43536.05,34112.45
43480.98,34098.28
43478.72,34131.4
43531.96,34162.7
43570.39,34156.28
43546.07,34123.18
43489.63,34106.64
43480.51,34128.14
43534.25,34164.73
43566.21,34159.95
43535.52,34117.41
43485.05,34107.51
43482.1,34137.19
43532.46,34166.07
43566.92,34153.26
43552.04,34123.91
43490.84,34108.36
43478.46,34134.02
43533.91,34172.24
43571.21,34166.14
43540.66,34117.9
43481.7,34102.64
43479.48,34131.22
43534.13,34165.67
43568.15,34156.93
43543.07,34119.63
43485.7,34106.59
43474.92,34124.99
43521.35,34156.19
43562.5,34167.79
43533.89,34120.81
43480.55,34107.87
43466.96,34130.8
43513.88,34153.33
43552.66,34149.24
43532.28,34117.39
43474.3,34102.12
43474.01,34135.11
43524.28,34169.38
43553.18,34160.44
43534.29,34127.0
43483.3,34115.38
43476.62,34137.68
43524.88,34165.51
43561.56,34159.41
43532.68,34116.98
43485.09,34110.19
43471.75,34131.58
43523.36,34168.71
43566.75,34162.61
43539.32,34122.13
43485.34,34114.26
43479.37,34137.01
43536.41,34174.99
43570.1,34168.91
43546.76,34125.7
43491.73,34110.62
43476.49,34128.86
43519.7,34152.7
43556.35,34153.09
43538.8,34123.76
43489.12,34111.15
43475.71,34131.25
43523.07,34161.89
43565.16,34151.48
43541.67,34117.37
43480.02,34106.3
43472.29,34133.1
43516.32,34161.02
43546.63,34150.74
43527.38,34119.24
43480.13,34109.34
43475.19,34136.72
43518.09,34161.0
43557.36,34157.35
43531.23,34126.35
43482.59,34118.66
43468.46,34132.68
43518.46,34165.15
43555.55,34157.06
43538.92,34125.75
43488.94,34112.25
43473.76,34128.9
43521.95,34160.53
43557.45,34154.05
43534.56,34116.74
43482.21,34107.55
43471.08,34127.96
43517.35,34158.88
43557.4,34158.25
43529.21,34116.83
43482.16,34110.59
43470.12,34133.44
43526.51,34176.2
43555.97,34161.31
43536.75,34125.55
43477.79,34110.66
43469.58,34134.44
43516.36,34161.31
43549.87,34154.83
43529.71,34118.73
43473.0,34100.49
43468.89,34131.16
43509.66,34161.09
43552.02,34159.19
43523.32,34114.41
43466.45,34100.96
43455.3,34127.52
43510.75,34165.94
43555.3,34165.94
43530.94,34126.73
43472.49,34104.8
43460.86,34128.68
43512.16,34166.12
43545.0,34159.61
43522.18,34123.16
43469.87,34109.63
43467.73,34139.38
43514.4,34169.29
43548.89,34161.51
43527.85,34125.59
43470.97,34112.76
43466.88,34150.43
43509.14,34172.78
43549.11,34161.91
43526.73,34122.73
43474.28,34114.3
43467.44,34139.07
43516.14,34170.03
43550.2,34162.56
43527.94,34127.69
43484.16,34121.28
43465.07,34136.16
43514.29,34170.3
43550.79,34167.64
43532.01,34134.55
43474.21,34119.11
43460.6,34142.56
43502.55,34165.69
43541.24,34159.57
43518.18,34126.2
43461.47,34107.75
43454.63,34133.15
43501.99,34163.39
43541.93,34156.21
43524.68,34121.86
43469.43,34108.74
43459.72,34139.23
43502.86,34157.73
43550.36,34163.77
43527.18,34134.73
43471.64,34120.68
43462.32,34145.95
43510.04,34176.89
43548.48,34170.9
43531.65,34142.11
43469.05,34115.42
43462.03,34140.12
43511.51,34179.68
43554.18,34175.73
43535.9,34137.1
43475.37,34119.31
43463.23,34145.69
43513.77,34175.41
43550.27,34167.57
43540.13,34142.76
43481.88,34125.77
43457.18,34136.81
43503.13,34164.39
43541.11,34160.55
43527.72,34131.85
43469.61,34115.09
43458.52,34142.6
43505.08,34169.76
43545.24,34165.47
43523.38,34130.04
43463.84,34106.37
43445.22,34122.46
43503.11,34168.17
43542.45,34166.7
43522.42,34130.55
43461.98,34106.5
43453.98,34132.79
43502.44,34164.82
43541.71,34159.07
43517.14,34118.62
43460.51,34101.81
43458.0,34136.34
43501.7,34157.67
43539.57,34152.48
43519.88,34117.14
43462.32,34099.42
43448.91,34123.25
43501.61,34154.36
43536.21,34139.67
43509.26,34103.02
43470.83,34105.16
43454.29,34122.08
43492.98,34148.05
43537.69,34149.87
43520.16,34109.16
43465.83,34093.83
43449.75,34116.09
43496.11,34151.36
43536.55,34146.38
43518.62,34109.95
43471.73,34102.82
43446.0,34115.98
43499.82,34155.68
43531.72,34148.52
43509.66,34108.63
43452.82,34087.5
43442.96,34113.45
43486.19,34144.79
43516.86,34129.55
43496.0,34093.07
43452.1,34090.43
43443.77,34117.66
43485.07,34150.65
43525.84,34147.61
43517.46,34125.52
43464.6,34117.41
43448.91,34132.66
43493.68,34162.61
43530.4,34154.87
43514.62,34125.75
43464.06,34115.58
43452.5,34137.68
43498.41,34160.41
43529.15,34142.31
43514.66,34116.36
43463.03,34103.6
43448.53,34117.32
43488.31,34145.93
43527.36,34146.94
43507.91,34110.5
43453.33,34093.41
43436.05,34115.15
43483.33,34148.97
43525.73,34145.42
43509.5,34112.4
43451.48,34095.48
43437.66,34114.46
43479.15,34144.55
43523.67,34146.51
43502.86,34107.15
43449.69,34098.48
43435.34,34121.7
43483.21,34148.79
43530.29,34147.07
43523.63,34121.52
43457.07,34099.33
43431.94,34110.57
43484.91,34148.5
43529.71,34149.53
43515.76,34126.73
43461.02,34101.41
43439.3,34110.48
43483.66,34142.85
43529.93,34147.54
43511.87,34114.89
43456.3,34100.47
43441.53,34111.46
43475.24,34134.71
43523.56,34144.55
43509.75,34110.95
43449.49,34093.14
43422.84,34104.69
43468.82,34133.41
43517.97,34132.21
43500.47,34097.74
43445.22,34081.02
43425.82,34102.21
43467.57,34134.84
43518.2,34143.76
43507.18,34116.02
43446.54,34094.46
43434.24,34116.63
43482.81,34154.18
43516.12,34150.98
43495.6,34109.1
43442.52,34085.61
43426.64,34105.09
43470.7,34138.91
43523.23,34151.27
43496.38,34108.74
43434.87,34086.1
43425.39,34110.28
43470.45,34144.97
43509.99,34137.06
43499.6,34099.2
43452.62,34091.57
43426.55,34106.66
43468.75,34136.95
43516.36,34137.89
43504.07,34104.76
43454.47,34090.39
43434.22,34108.38
43484.4,34146.31
43517.01,34136.14
43503.24,34104.18
43452.77,34091.08
43434.47,34116.14
43471.04,34139.25
43514.89,34136.84
43488.36,34092.36
43434.09,34084.09
43423.7,34113.57
43474.32,34151.18
43512.63,34149.91
43491.31,34109.95
43433.42,34086.36
43418.46,34106.61
43469.47,34146.67
43511.91,34154.02
43499.76,34115.87
43440.93,34082.97
43419.29,34098.61
43464.82,34136.61
43508.14,34137.8
43487.57,34101.83
43432.52,34077.98
43426.67,34106.41
43466.5,34143.72
43505.88,34140.72
43484.07,34093.88
43426.42,34071.16
43423.63,34109.3
43457.89,34134.64
43499.89,34130.24
43490.19,34099.24
43427.74,34073.78
43408.2,34093.36
43456.02,34132.68
43497.54,34132.7
43494.06,34111.13
43443.72,34098.95
43420.34,34115.98
43462.65,34139.9
43514.8,34149.31
43490.75,34106.57
43428.3,34079.12
43415.67,34105.21
43459.21,34139.36
43494.66,34135.92
43487.48,34107.26
43429.97,34084.87
43407.67,34102.52
43451.19,34137.57
43500.32,34142.8
43486.79,34112.52
43424.12,34095.04
43402.21,34099.95
43449.35,34134.24
43499.91,34143.47
43478.5,34105.61
43416.88,34081.63
43404.94,34106.73
43442.94,34134.18
43492.29,34138.69
43470.21,34092.8
43419.83,34083.19
43400.7,34101.27
43441.17,34130.44
43484.36,34137.66
43472.8,34098.05
43417.46,34072.66
43397.25,34099.17
43435.38,34133.19
43471.41,34125.17
43462.56,34094.57
43400.65,34066.43
43386.81,34090.9
43426.62,34122.6
43474.77,34126.29
43463.84,34094.79
43409.84,34077.27
43398.1,34102.75
43433.35,34131.47
43485.07,34139.36
43465.98,34102.23
43417.57,34089.56
43394.75,34102.97
43430.04,34130.91
43479.28,34136.86
43469.2,34108.38
43414.17,34087.37
43390.79,34099.6
43432.19,34138.8
43481.05,34147.63
43475.57,34119.33
43417.55,34093.74
43402.35,34119.8
43437.95,34148.05
43475.5,34143.5
43468.55,34110.73
43416.07,34097.16
43400.38,34119.29
43440.19,34145.8
43493.36,34153.0
43481.5,34119.58
43420.86,34096.49
43400.67,34118.91
43437.37,34148.32
43477.02,34141.35
43470.52,34114.44
43411.73,34090.95
43392.36,34109.5
43429.55,34137.08
43471.1,34131.22
43463.66,34103.53
43405.21,34074.59
43392.87,34102.64
43432.39,34135.94
43482.52,34147.12
43468.13,34110.1
43408.29,34085.65
43401.68,34120.81
43428.05,34136.39
43465.07,34130.62
43460.42,34105.52
43409.43,34084.93
43394.32,34105.92
43433.66,34141.26
43473.23,34137.62
43465.67,34112.43
43413.41,34096.0
43389.27,34108.05
43429.95,34141.08
43470.7,34140.03
43462.72,34109.12
43412.34,34089.45
43394.26,34107.44
43433.68,34135.76
43475.26,34132.36
43473.61,34106.91
43420.07,34082.25
43396.36,34090.99
43430.18,34124.54
43482.08,34132.79
43479.04,34104.67
43423.43,34083.82
43397.77,34099.39
43434.54,34133.21
43481.43,34134.55
43475.24,34106.93
43415.49,34085.94
43393.12,34096.54
43430.58,34117.66
43473.94,34116.74
43474.36,34091.73
43421.39,34069.36
43399.35,34087.55
43441.71,34126.84
43482.37,34125.99
43473.18,34090.34
43425.32,34073.27
43406.39,34091.46
43439.96,34119.27
43487.46,34126.22
43469.43,34086.03
43409.23,34063.07
43387.39,34081.63
43425.75,34113.61
43475.68,34123.8
43469.67,34090.01
43415.45,34063.86
43386.55,34082.61
43423.54,34114.71
43477.45,34122.3
43471.57,34089.11
43410.24,34060.28
43390.55,34081.78
43427.16,34115.09
43479.28,34123.54
43476.24,34096.33
43412.2,34066.25
43394.03,34089.4
43431.02,34122.02
43476.4,34121.05
43474.39,34097.16
43417.28,34075.81
43403.29,34102.17
43434.45,34128.61
43487.93,34138.67
43481.09,34098.88
43422.98,34070.63
43396.89,34084.93
43439.99,34126.44
43493.48,34136.12
43481.18,34101.54
43418.93,34084.49
43393.65,34095.33
43442.13,34135.8
43493.41,34136.7
43483.53,34105.77
43416.23,34068.46
43396.31,34082.77
43436.19,34118.11
43490.14,34131.07
43485.5,34105.14
43423.83,34073.24
43405.01,34095.55
43441.91,34134.78
43491.31,34140.63
43488.02,34104.58
43433.11,34083.3
43411.13,34095.21
43444.28,34125.7
43487.24,34128.45
43479.93,34094.12
43429.01,34075.59
43405.88,34095.53
43436.95,34124.14
43484.11,34124.34
43484.6,34100.07
43431.41,34077.38
43407.27,34093.96
43445.22,34127.07
43474.21,34119.91
43469.52,34090.63
43415.02,34065.76
43389.94,34085.36
43422.26,34112.2
43478.41,34123.13
43474.39,34094.88
43415.16,34065.42
43388.31,34070.18
43422.17,34101.27
43474.14,34112.02
43468.13,34084.53
43411.02,34058.18
43389.85,34072.98
43427.02,34113.7
43475.06,34131.4
43472.53,34095.71
43416.77,34060.73
43389.7,34070.41
43426.27,34107.35
43471.64,34111.18
43465.89,34080.75
43417.41,34060.86
43391.2,34074.41
43429.17,34112.0
43476.78,34114.55
43466.18,34084.89
43413.86,34068.91
43386.19,34081.63
43424.36,34117.68
43469.63,34122.04
43472.98,34097.34
43415.67,34069.49
43383.21,34078.95
43421.5,34114.28
43470.88,34127.22
43468.91,34098.08
43413.95,34068.93
43385.81,34082.25
43419.87,34111.24
43472.58,34123.04
43464.06,34087.64
43399.89,34055.14
43376.2,34076.82
43412.65,34111.33
43464.62,34120.63
43466.52,34094.19
43403.73,34058.2
43378.95,34071.63
43418.44,34104.65
43469.65,34113.5
43464.64,34087.37
43413.79,34066.45
43387.55,34077.78
43426.91,34114.97
43470.07,34112.65
43467.08,34080.89
43423.92,34074.32
43397.39,34090.81
43437.13,34124.7
43476.38,34116.56
43468.51,34080.55
43413.81,34056.05
43381.74,34065.71
43419.67,34106.39
43466.27,34115.98
43457.02,34078.32
43404.34,34048.28
43382.57,34064.64
43416.12,34100.76
43469.74,34113.93
43464.04,34082.3
43404.61,34054.78
43371.75,34069.29
43403.49,34097.72
43450.83,34100.8
43446.71,34069.69
43401.68,34054.13
43376.87,34067.05
43419.0,34111.53
43461.42,34110.73
43460.13,34080.62
43411.2,34060.35
43379.77,34070.63
43412.68,34104.02
43459.23,34106.44
43456.57,34078.92
43406.48,34056.93
43382.57,34069.4
43416.03,34109.39
43461.0,34116.79
43455.1,34088.29
43404.7,34057.15
43377.05,34066.2
43408.0,34097.72
43454.88,34100.25
43451.32,34069.98
43397.92,34046.76
43368.73,34056.12
43406.5,34101.95
43454.79,34110.3
43452.59,34072.8
43398.1,34049.42
43367.08,34059.23
43400.2,34092.73
43446.38,34096.73
43448.48,34071.46
43398.35,34050.45
43366.61,34062.34
43397.59,34100.51
43448.06,34108.89
43450.58,34079.55
43399.44,34057.2
43362.85,34063.36
43404.2,34109.63
43460.46,34125.17
43463.82,34104.02
43402.44,34065.6
43365.69,34061.18
43396.69,34094.16
43448.73,34101.95
43451.54,34076.86
43399.11,34054.13
43366.12,34068.82
43389.74,34099.66
43439.79,34111.06
43445.49,34091.06
43390.73,34057.44
43356.15,34059.52
43390.95,34099.17
43444.14,34108.83
43444.79,34083.13
43378.21,34046.51
43342.49,34051.63
43381.32,34089.07
43436.28,34099.86
43438.96,34075.05
43376.38,34047.32
43352.19,34065.11
43380.29,34084.04
43430.8,34096.0
43432.5,34072.82
43380.4,34047.52
43358.72,34064.15
43388.71,34097.68
43433.39,34098.52
43431.47,34071.95
43380.4,34049.71
43354.49,34060.46
43382.48,34094.66
43427.29,34095.26
43426.29,34062.11
43385.96,34050.18
43347.92,34057.13
43372.75,34083.44
43422.91,34090.45
43431.92,34070.83
43380.22,34043.96
43349.78,34056.5
43374.48,34088.09
43423.31,34090.48
43433.64,34066.72
43383.24,34047.72
43346.16,34048.95
43370.12,34070.63
43414.15,34079.59
43418.39,34055.41
43367.05,34031.67
43342.94,34050.73
43373.52,34084.24
43430.53,34097.36
43437.24,34071.9
43375.59,34035.8
43347.59,34050.07
43386.97,34098.77
43445.78,34114.48
43444.48,34072.62
43385.54,34039.43
43345.75,34047.67
43359.97,34067.3
43411.51,34079.88
43417.82,34057.51
43366.81,34032.72
43331.29,34045.41
43361.46,34078.86
43412.74,34086.77
43409.3,34052.93
43362.14,34029.34
43327.87,34037.26
43355.16,34067.16
43411.49,34081.65
43418.22,34061.89
43364.57,34037.61
43328.32,34042.51
43353.55,34070.14
43417.34,34087.53
43423.65,34068.73
43369.49,34038.6
43338.78,34041.15
43359.16,34067.16
43407.87,34076.64
43405.34,34048.77
43359.59,34027.04
43329.26,34038.13
43350.07,34069.09
43406.17,34080.29
43413.68,34070.11
43359.07,34034.11
43336.88,34039.71
43357.96,34070.74
43403.78,34083.14
43411.42,34059.54
43360.66,34030.39
43331.61,34042.06
43360.62,34078.52
43411.02,34090.61
43408.79,34058.87
43358.25,34034.53
43324.52,34043.56
43348.73,34070.72
43410.46,34088.42
43411.33,34057.64
43350.96,34022.37
43318.21,34033.23
43351.68,34069.4
43401.03,34079.08
43405.43,34055.0
43360.95,34034.11
43328.32,34042.33
43351.56,34068.66
43402.57,34078.23
43400.29,34046.76
43348.61,34022.3
43321.99,34038.71
43354.31,34074.83
43409.72,34088.4
43409.07,34061.96
43344.08,34017.3
43302.23,34022.5
43338.38,34070.83
43380.75,34062.16
43386.61,34033.12
43330.66,34005.83
43297.77,34017.7
43336.32,34063.59
43386.75,34078.0
43392.07,34057.04
43333.97,34020.36
43302.19,34028.14
43332.63,34064.23
43388.11,34079.95
43377.0,34040.86
43326.31,34016.74
43297.14,34031.98
43320.54,34066.02
43378.66,34076.95
43391.39,34053.57
43330.11,34019.27
43294.93,34038.24
43338.24,34081.31
43386.72,34080.17
43385.23,34047.27
43339.32,34022.93
43307.71,34033.46
43337.28,34067.45
43387.21,34071.39
43385.72,34042.64
43342.07,34026.51
43303.51,34032.3
43325.52,34059.72
43379.26,34070.56
43382.36,34044.95
43328.57,34011.13
43296.63,34020.27
43327.29,34059.21
43377.71,34068.3
43380.06,34041.75
43325.99,34010.48
43290.03,34014.48
43323.36,34052.5
43383.75,34072.89
43385.63,34041.88
43334.27,34010.91
43298.48,34022.62
43326.57,34056.88
43380.96,34063.52
43381.74,34034.53
43333.17,34007.46
43297.29,34017.75
43331.05,34061.87
43382.25,34074.09
43394.66,34051.88
43341.39,34019.71
43303.96,34031.8
43324.16,34060.66
43378.21,34073.63
43385.38,34049.89
43335.4,34027.47
43295.64,34040.1
43323.31,34061.84
43377.47,34069.94
43379.84,34040.16
43325.03,34010.26
43293.23,34023.4
43311.04,34047.32
43367.16,34058.65
43373.11,34030.39
43327.13,34005.32
43290.52,34014.32
43314.26,34050.91
43372.31,34070.94
43380.87,34047.32
43324.63,34012.85
43292.45,34033.77
43318.44,34066.2
43368.69,34065.84
43375.84,34041.13
43327.98,34018.1
43288.76,34024.74
43312.58,34056.84
43368.2,34070.76
43376.35,34047.45
43326.39,34017.59
43295.8,34033.97
43317.9,34066.65
43370.03,34079.73
43376.46,34052.3
43326.89,34027.6
43294.19,34036.74
43314.41,34062.85
43372.98,34086.61
43381.27,34066.49
43320.88,34027.2
43288.0,34035.07
43317.61,34073.42
43364.46,34080.8
43367.32,34049.08
43321.66,34021.12
43293.79,34034.53
43313.14,34059.83
43362.34,34072.2
43370.63,34053.93
43319.82,34018.17
43288.13,34028.77
43322.57,34071.88
43374.43,34080.71
43385.25,34056.95
43332.34,34030.2
43296.22,34039.11
43325.95,34068.89
43373.8,34076.78
43378.9,34049.82
43332.01,34024.38
43298.08,34031.78
43318.68,34061.69
43384.31,34087.1
43384.38,34057.91
43327.6,34020.16
43288.58,34023.2
43316.58,34058.38
43379.13,34081.07
43391.02,34061.13
43336.03,34027.56
43289.8,34023.4
43312.29,34053.46
43373.4,34081.92
43373.18,34047.16
43316.94,34014.84
43287.39,34039.2
43308.31,34059.52
43360.28,34066.05
43374.81,34047.54
43323.0,34022.82
43287.95,34031.82
43309.92,34063.16
43364.24,34079.57
43375.08,34058.89
43321.61,34017.25
43283.46,34020.65
43302.39,34051.9
43361.31,34071.16
43371.73,34050.54
43322.15,34017.97
43280.71,34014.68
43303.17,34052.1
43358.18,34069.06
43370.56,34045.73
43320.9,34017.5
43283.37,34027.27
43317.95,34072.68
43366.94,34080.57
43374.74,34051.83
43323.67,34018.86
43284.75,34028.96
43304.8,34055.99
43366.76,34075.46
43377.0,34054.85
43324.0,34023.0
43282.95,34028.45
43309.83,34066.11
43366.41,34080.04
43373.8,34055.72
43317.66,34016.65
43276.89,34021.72
43306.91,34060.01
43359.12,34070.18
43376.33,34056.3
43322.29,34027.31
43278.56,34037.13
43300.74,34061.22
43349.51,34066.8
43361.87,34049.06
43313.93,34019.98
43271.43,34018.01
43300.16,34054.63
43355.9,34070.18
43370.3,34054.09
43318.42,34013.27
43276.06,34013.68
43299.75,34053.69
43347.68,34061.51
43365.55,34040.45
43312.34,34008.74
43267.03,34009.88
43294.01,34049.21
43342.63,34057.46
43354.94,34031.76
43304.85,33998.1
43266.23,34007.08
43286.01,34041.46
43342.76,34057.75
43348.66,34027.09
43305.65,33996.18
43262.87,33997.32
43285.92,34035.61
43337.26,34048.34
43350.89,34027.51
43304.85,33998.41
43264.46,34003.73
43286.81,34032.79
43341.39,34048.12
43354.58,34027.42
43309.41,33994.77
43272.44,33998.07
43285.45,34026.33
43340.28,34046.91
43358.18,34034.13
43308.05,34004.96
43268.33,34011.2
43289.88,34032.45
43345.98,34048.63
43361.29,34028.43
43303.51,33990.23
43266.94,34004.89
43294.97,34041.17
43345.02,34051.61
43361.22,34036.52
43310.93,33999.71
43262.52,33997.58
43286.88,34039.94
43348.68,34062.0
43368.6,34046.71
43312.34,34002.75
43264.08,33996.64
43284.2,34029.34
43343.29,34049.08
43351.09,34018.8
43291.3,33978.74
43257.51,33992.93
43276.42,34020.92
43335.74,34043.07
43345.8,34020.85
43293.38,33985.0
43251.03,33987.82
43274.74,34023.64
43327.83,34039.4
43340.81,34017.1
43295.57,33992.44
43254.49,33992.44
43274.9,34025.57
43338.27,34052.59
43345.29,34025.99
43292.13,33989.61
43248.46,33990.43
43264.75,34023.62
43324.7,34045.04
43339.38,34029.77
43286.83,33992.87
43245.62,33990.12
43265.36,34029.68
43318.59,34039.83
43330.06,34019.8
43278.81,33990.05
43235.16,33984.53
43251.72,34012.89
43304.34,34029.88
43327.58,34017.99
43282.27,33986.47
43237.14,33985.83
43255.18,34016.65
43307.91,34028.5
43327.45,34010.66
43278.95,33977.2
43240.01,33984.29
43256.57,34017.59
43310.39,34029.99
43324.79,34011.33
43274.79,33983.52
43232.59,33981.22
43248.3,34010.91
43303.69,34027.13
43323.13,34009.81
43285.11,33988.2
43247.63,33994.21
43258.36,34013.39
43317.93,34036.21
43335.74,34019.22
43292.55,33991.95
43255.39,34006.7
43261.82,34020.83
43312.72,34023.58
43320.88,33995.77
43278.99,33972.71
43237.08,33979.28
43259.16,34020.88
43307.64,34031.42
43318.08,33998.66
43267.03,33962.96
43226.44,33968.97
43247.81,34000.67
43299.89,34016.4
43319.91,33998.99
43270.16,33965.33
43237.95,33977.06
43253.86,34008.87
43303.57,34020.76
43320.27,34001.7
43273.89,33969.18
43235.02,33974.63
43253.89,34007.15
43304.69,34024.23
43321.79,34009.86
43273.71,33977.54
43236.16,33983.61
43254.34,34010.17
43306.66,34017.97
43322.02,33996.38
43283.28,33975.1
43239.2,33976.48
43254.63,34006.08
43308.14,34029.12
43321.55,34016.87
43275.05,33975.25
43232.45,33968.26
43248.86,34001.2
43300.98,34020.0
43323.74,34003.35
43273.13,33969.13
43234.2,33978.88
43249.26,34010.3
43310.53,34032.72
43324.41,34011.89
43275.1,33976.95
43233.82,33976.19
43255.34,34012.54
43303.13,34025.52
43320.54,34006.66
43269.96,33970.14
43228.07,33968.17
43246.22,33999.64
43300.89,34015.06
43315.13,34001.43
43268.37,33976.13
43226.73,33969.98
43252.5,34006.64
43307.64,34028.92
43323.45,34010.14
43281.45,33981.91
43242.51,33985.27
43251.81,34005.16
43306.7,34023.58
43325.95,34010.52
43276.29,33969.82
43240.7,33977.63
43240.81,33993.4
43294.12,34014.28
43310.55,33999.04
43274.0,33968.46
43231.04,33969.8
43244.14,33999.86
43295.17,34013.34
43317.57,33998.32
43270.23,33961.86
43226.33,33961.89
43237.91,33989.58
43290.41,34006.73
43316.38,33995.95
43265.55,33959.54
43223.85,33963.54
43238.33,33998.01
43288.98,34009.96
43311.55,33998.03
43266.32,33959.12
43230.46,33962.16
43243.32,33992.0
43290.23,34000.2
43312.18,33988.57
43269.46,33966.11
43223.71,33964.55
43234.55,33986.74
43289.61,34001.94
43302.21,33978.96
43259.36,33952.25
43229.25,33965.91
43236.27,33987.64
43297.47,34009.09
43316.34,33990.81
43255.96,33944.21
43215.13,33951.05
43227.36,33981.6
43284.98,34002.46
43311.27,33987.57
43272.82,33964.23
43220.96,33956.66
43226.51,33979.3
43289.88,34014.95
43307.82,33994.77
43253.55,33943.96
43213.88,33950.27
43227.78,33983.73
43288.46,34004.47
43311.15,33988.87
43268.82,33957.84
43218.19,33955.81
43230.02,33983.19
43284.8,34000.76
43299.42,33977.06
43258.13,33945.84
43204.94,33936.81
43220.76,33971.16
43267.9,33990.7
43288.18,33981.04
43246.33,33936.45
43207.89,33941.14
43218.39,33971.77
43266.79,33985.07
43286.01,33960.77
43250.02,33934.51
43205.05,33937.21
43211.08,33963.09
43264.17,33982.38
43291.39,33972.62
43249.44,33939.16
43207.29,33941.19
43222.62,33975.12
43265.98,33981.82
43290.37,33968.88
43243.56,33932.05
43197.11,33938.48
43211.17,33966.13
43268.75,33981.31
43285.63,33957.95
43243.32,33925.34
43200.18,33926.84
43210.43,33957.04
43262.4,33973.62
43289.36,33959.27
43241.71,33926.77
43196.4,33926.57
43211.73,33956.95
43261.35,33975.81
43284.38,33958.69
43243.49,33916.29
43198.5,33915.73
43206.23,33941.97
43262.22,33959.23
43280.51,33942.26
43234.11,33906.81
43197.07,33912.22
43211.24,33946.15
43263.45,33968.23
43281.0,33951.38
43236.01,33916.49
43194.77,33922.62
43213.03,33960.88
43276.46,33987.97
43292.29,33963.88
43243.27,33923.87
43189.47,33919.17
43200.76,33947.11
43259.43,33969.46
43277.65,33952.45
43231.6,33918.12
43195.37,33924.23
43208.07,33956.57
43262.02,33979.52
43277.98,33956.5
43245.02,33933.01
43194.84,33927.8
43197.07,33958.31
43257.64,33985.85
43273.22,33948.68
43232.59,33913.56
43185.76,33910.57
43202.14,33945.84
43259.86,33970.87
43278.9,33947.85
43237.97,33913.36
43188.69,33906.63
43201.09,33936.68
43254.94,33964.46
43277.91,33954.89
43226.73,33916.11
43191.93,33926.1
43200.73,33942.22
43245.1,33952.99
43264.73,33936.79
43229.23,33910.25
43183.25,33907.13
43191.48,33939.71
43247.76,33961.02
43269.06,33942.48
43232.27,33916.56
43191.26,33920.58
43206.64,33953.21
43259.48,33976.53
43276.44,33954.78
43235.78,33922.55
43192.15,33922.82
43203.91,33953.24
43249.84,33971.7
43271.19,33961.95
43238.73,33927.87
43196.53,33920.87
43206.99,33947.58
43250.98,33963.03
43274.47,33953.15
43233.14,33920.22
43187.32,33927.49
43197.16,33965.02
43248.97,33976.28
43276.3,33957.89
43236.72,33923.22
43183.97,33914.93
43189.74,33946.02
43251.94,33977.82
43272.08,33956.3
43230.26,33921.79
43184.13,33914.05
43195.59,33943.83
43250.69,33968.46
43275.01,33954.46
43231.98,33913.59
43192.15,33917.25
43205.65,33952.25
43256.01,33969.8
43279.55,33957.57
43242.4,33925.01
43191.77,33919.08
43194.39,33949.01
43248.3,33972.8
43274.96,33969.91
43233.05,33928.79
43194.1,33928.92
43199.73,33952.54
43251.96,33972.5
43275.9,33955.34
43232.3,33920.0
43194.7,33930.89
43211.24,33975.75
43256.3,33985.96
43283.53,33968.75
43241.84,33936.18
43180.57,33922.88
43190.57,33958.49
43240.92,33975.75
43264.88,33957.98
43226.77,33930.37
43175.68,33928.43
43187.7,33958.6
43236.97,33971.12
43272.04,33967.25
43234.62,33938.29
43180.62,33930.91
43189.94,33959.77
43247.2,33987.64
43263.03,33963.27
43223.87,33932.54
43179.86,33935.11
43181.2,33959.36
43230.57,33975.28
43261.98,33973.62
43223.11,33941.01
43178.41,33927.45
43177.96,33949.91
43232.16,33975.43
43258.25,33956.81
43224.67,33930.64
43166.47,33916.07
43167.23,33937.79
43230.26,33968.64
43260.21,33961.48
43222.93,33932.76
43178.96,33932.88
43192.53,33967.25
43240.41,33980.8
43257.91,33959.27
43221.05,33928.2
43176.19,33923.09
43183.01,33950.11
43236.3,33972.59
43270.02,33968.32
43225.52,33935.6
43176.15,33929.46
43178.7,33952.54
43234.93,33978.76
43265.98,33964.79
43222.89,33925.03
43175.28,33924.2
43186.34,33959.7
43245.5,33988.24
43262.83,33965.89
43233.17,33940.83
43183.41,33931.29
43178.52,33947.29
43228.0,33964.86
43255.96,33954.64
43213.7,33923.55
43163.27,33905.34
43176.26,33944.97
43225.43,33965.11
43249.98,33948.1
43216.0,33919.51
43163.39,33914.84
43163.36,33940.32
43218.64,33962.67
43251.88,33958.09
43211.57,33912.58
43170.54,33913.94
43171.59,33933.84
43220.88,33952.5
43251.25,33944.88
43212.18,33909.9
43168.57,33910.19
43171.34,33935.51
43228.23,33960.64
43261.2,33956.72
43215.33,33917.95
43165.04,33908.47
43176.8,33943.54
