4880.26,16537.07
5057.31,16873.69
5281.56,17046.2
5306.93,16930.35
5096.31,16656.94
4880.35,16536.02
5065.08,16875.37
5288.6,17050.2
5309.34,16930.51
5089.85,16640.07
4867.94,16517.51
5051.78,16852.32
5281.63,17030.55
5302.93,16916.6
5102.97,16643.35
4872.1,16508.48
5049.06,16843.54
5287.04,17034.93
5311.13,16919.06
5116.09,16656.41
4888.37,16525.45
5069.89,16866.25
5299.11,17043.94
5317.57,16921.32
5113.94,16648.14
4885.44,16516.06
5056.59,16845.97
5292.74,17031.38
5328.37,16928.56
5113.5,16643.98
4892.44,16517.4
5075.61,16854.91
5295.87,17027.6
5322.35,16915.67
5118.19,16643.06
4889.91,16513.38
5055.14,16837.72
5298.57,17034.67
5308.83,16907.75
5121.97,16645.32
4899.01,16523.26
5072.44,16860.21
5298.39,17040.21
5326.17,16927.54
5125.75,16655.47
4895.01,16521.85
5070.87,16855.85
5311.6,17044.34
5319.13,16914.15
5114.01,16642.68
4898.79,16524.58
5070.81,16856.79
5295.89,17029.75
5320.99,16915.04
5113.72,16638.5
4887.39,16508.39
5054.94,16834.73
5279.64,17013.21
5303.93,16901.99
5105.5,16637.43
4879.81,16505.82
5054.0,16836.07
5284.76,17024.74
5317.19,16920.96
5127.65,16655.2
4904.4,16524.82
5067.5,16846.67
5290.1,17022.57
5310.1,16903.33
5111.73,16640.38
4900.87,16522.43
5077.53,16856.88
5298.66,17035.61
5324.95,16921.92
5132.32,16656.83
4894.56,16516.87
5053.91,16837.93
5276.84,17019.11
5302.79,16905.27
5108.29,16641.92
4878.18,16505.06
5035.13,16818.39
5267.48,17007.35
5303.33,16903.17
5099.64,16626.08
4868.79,16489.64
5046.29,16826.04
5273.87,17002.77
5314.75,16911.71
5124.43,16654.53
4893.65,16510.92
5057.6,16834.13
5291.62,17023.31
5312.96,16905.7
5115.91,16636.13
4901.87,16515.73
5074.7,16844.9
5292.71,17014.68
5312.41,16896.17
5111.98,16630.7
4878.22,16486.22
5036.7,16803.1
5263.81,16988.91
5300.18,16884.96
5111.71,16628.02
4878.71,16485.17
5051.18,16822.1
5284.94,17013.39
5326.91,16915.55
5131.71,16650.98
4898.97,16510.27
5069.96,16844.12
5305.7,17039.03
5338.07,16929.41
5138.22,16662.6
4915.91,16532.24
5081.38,16861.42
5310.33,17048.26
5350.54,16942.04
5154.74,16673.91
4910.92,16518.52
5069.13,16837.08
5306.89,17039.72
5343.74,16939.36
5148.19,16674.24
4908.24,16526.86
5066.18,16845.1
5298.15,17032.56
5331.54,16926.6
5142.0,16665.59
4910.57,16524.49
5067.52,16844.14
5297.97,17037.06
5339.85,16934.2
5150.38,16670.42
4901.42,16510.29
5064.44,16831.87
5317.01,17041.55
5353.31,16930.19
5157.8,16660.52
4923.71,16519.01
5083.41,16843.29
5325.84,17045.69
5362.63,16940.3
5173.56,16681.02
4938.3,16532.51
5093.94,16851.85
5325.3,17044.34
5352.04,16927.82
5160.03,16665.5
4917.25,16512.75
5077.73,16837.19
5305.54,17023.47
5333.73,16909.65
5143.76,16645.54
4912.65,16497.98
5068.95,16817.32
5306.62,17019.87
5353.18,16925.66
5159.81,16657.28
4934.59,16517.85
5095.71,16841.95
5325.03,17036.63
5373.94,16943.25
5188.4,16683.9
4949.97,16530.3
5102.32,16848.97
5335.5,17049.87
5372.76,16938.29
5180.98,16672.79
4943.07,16521.83
5098.08,16844.41
5326.89,17037.24
5364.51,16933.64
5167.46,16661.82
4924.83,16503.41
5080.31,16822.95
5314.89,17021.84
5352.59,16917.61
5153.89,16645.88
4917.81,16498.04
5072.5,16820.87
5304.25,17016.81
5334.33,16901.23
5146.15,16642.46
4917.83,16500.93
5075.46,16824.98
5329.77,17046.83
5366.83,16943.7
5162.27,16662.26
4936.67,16525.45
5097.07,16851.87
5337.64,17050.71
5363.3,16935.16
5174.0,16676.77
4941.93,16524.6
5092.29,16843.27
5335.54,17052.5
5369.6,16943.83
5173.38,16673.6
4938.71,16517.49
5082.54,16830.62
5314.93,17028.45
5358.41,16926.39
5172.17,16669.62
4928.2,16505.04
5071.32,16813.5
5311.0,17018.93
5362.05,16924.32
5181.09,16664.7
4934.46,16502.38
5076.35,16813.61
5328.52,17031.36
5381.25,16939.47
5201.65,16686.27
4955.36,16518.72
5094.59,16821.16
5340.81,17037.15
5381.38,16940.03
5195.64,16681.38
4952.79,16516.78
5096.18,16826.41
5333.64,17028.43
5377.58,16929.43
5192.85,16671.14
4946.62,16504.28
5095.95,16820.87
5320.63,17016.18
5367.41,16920.36
5178.94,16657.48
4948.72,16503.39
5097.09,16820.67
5334.18,17022.08
5383.93,16930.28
5195.19,16672.97
4950.58,16508.17
5097.99,16823.91
5326.67,17021.54
5383.15,16934.93
5211.33,16681.38
4973.24,16523.79
5116.74,16841.39
5355.99,17046.51
5397.77,16945.62
5201.56,16672.79
4938.57,16488.97
5089.87,16811.73
5337.1,17031.34
5382.1,16934.24
5192.38,16670.96
4946.98,16502.94
5094.21,16818.95
5328.97,17024.63
5370.14,16923.91
5191.46,16665.44
4947.42,16499.59
5077.82,16801.43
5320.25,17016.11
5210.33,16684.15
4956.52,16512.22
5089.47,16810.63
5332.37,17024.52
5390.19,16940.03
5208.94,16680.75
4965.44,16509.51
5103.86,16816.56
5341.58,17028.5
5388.13,16932.85
5194.7,16667.67
4951.83,16501.35
5090.63,16804.38
5331.96,17014.77
5375.35,16917.21
5187.19,16654.64
4954.26,16502.92
5091.21,16809.16
5327.4,17017.41
5375.06,16923.58
5200.04,16672.3
4966.13,16508.73
5094.28,16807.37
5320.7,17007.62
5380.22,16926.71
5201.5,16670.58
4955.6,16495.83
5094.16,16802.52
5336.34,17016.67
5391.15,16928.32
5207.98,16670.67
4954.76,16490.16
5087.28,16796.64
5343.12,17017.57
5395.31,16922.57
5200.78,16658.33
4951.67,16487.12
5099.35,16807.71
5358.56,17040.34
5407.09,16944.59
5223.78,16681.96
4977.38,16504.06
5111.91,16809.65
5352.15,17022.78
5405.93,16933.01
5225.12,16677.48
4965.89,16493.11
5101.34,16798.47
5359.46,17030.93
5404.34,16928.79
5227.31,16677.4
4970.36,16495.32
5099.89,16796.08
5343.92,17013.66
5405.01,16929.08
5233.26,16679.61
4969.33,16489.19
5103.13,16792.93
5352.15,17017.3
5408.14,16933.3
5231.9,16681.4
4987.43,16509.98
5111.26,16803.82
5365.71,17033.64
5435.34,16959.92
5254.98,16700.98
4994.47,16513.09
5126.17,16813.83
5381.65,17043.0
5427.58,16945.73
5245.89,16693.02
4992.28,16513.87
5110.93,16802.32
5366.07,17033.5
5419.54,16945.88
5231.92,16680.37
4982.61,16496.66
5109.85,16798.3
5353.65,17020.99
5399.09,16922.84
5222.46,16667.25
4959.96,16478.4
5082.7,16777.31
5335.16,17010.44
5396.0,16926.89
5225.46,16674.33
4978.94,16501.2
5112.49,16809.45
5362.27,17032.5
5421.24,16948.3
5248.17,16698.47
5002.14,16525.18
5125.46,16825.03
5372.38,17050.49
5416.05,16948.72
5235.36,16693.53
4970.33,16499.32
5099.3,16803.1
5353.42,17030.84
5413.28,16947.16
5220.41,16680.06
4955.67,16482.49
5096.71,16796.06
5346.89,17022.57
5396.47,16924.96
5213.01,16665.37
4961.22,16483.65
5082.97,16779.41
5338.24,17012.74
5394.5,16924.99
5218.64,16666.67
4974.74,16490.51
5103.84,16800.87
5351.14,17029.68
5416.3,16949.26
5259.05,16710.7
5000.08,16520.55
5111.31,16805.58
5362.32,17039.9
5421.82,16959.88
5241.06,16700.55
4976.88,16506.36
5109.56,16808.0
5347.9,17026.13
5396.65,16933.48
5224.41,16684.53
4967.97,16490.98
5095.42,16790.09
5344.55,17018.42
5412.03,16940.16
5232.72,16686.38
4974.36,16493.73
5097.29,16789.42
5352.88,17024.68
5415.92,16940.41
5239.54,16689.02
4983.37,16500.44
5107.46,16799.21
5363.48,17032.45
5434.49,16960.46
5260.46,16709.81
5001.85,16518.07
5120.99,16813.88
5367.64,17040.81
5432.12,16952.75
5270.85,16705.65
5002.83,16500.44
5110.26,16789.15
5358.9,17018.64
5426.96,16943.25
5264.57,16704.38
5004.62,16506.14
5104.31,16778.13
5357.58,17014.97
5421.59,16932.65
5254.07,16687.9
5004.8,16504.04
5117.61,16790.9
5366.9,17021.5
5425.17,16938.67
5256.3,16692.3
5011.06,16509.74
5128.81,16800.15
5388.18,17043.41
5444.44,16952.59
5279.88,16712.98
5023.58,16519.03
5136.72,16807.57
5388.47,17044.93
5447.48,16958.4
5281.83,16713.52
5040.43,16532.31
5141.88,16808.18
5394.73,17045.51
5457.83,16963.97
5276.06,16706.23
5020.38,16510.09
5146.11,16810.03
5405.37,17054.58
5474.08,16977.29
5306.48,16727.13
5049.88,16527.79
5153.4,16806.75
5414.78,17054.43
5477.03,16970.25
5300.67,16719.24
5035.92,16515.05
5151.54,16802.5
5400.07,17034.29
5465.85,16956.68
5293.47,16702.59
5042.73,16509.76
5142.18,16790.5
5400.61,17043.74
5479.15,16975.17
5314.02,16728.16
5051.9,16528.02
5159.18,16809.47
5402.6,17039.72
5466.32,16960.48
5315.07,16731.0
5054.76,16529.83
5150.45,16799.95
5401.43,17037.77
5466.59,16959.81
5303.93,16716.85
5057.33,16526.54
5161.53,16807.97
5422.18,17059.72
5484.65,16981.31
5311.78,16725.43
5055.58,16534.35
5160.37,16816.09
5409.66,17048.7
5481.9,16974.45
5310.24,16720.47
5051.7,16526.41
5161.0,16811.62
5419.83,17060.73
5477.05,16974.27
5314.4,16727.02
5060.68,16533.34
5161.38,16813.38
5410.33,17050.36
5492.87,16984.96
5323.74,16736.72
5059.9,16533.36
5169.2,16818.37
5419.96,17058.02
5492.4,16985.74
5333.42,16744.47
5048.5,16518.47
5157.02,16806.57
5405.99,17040.25
5476.29,16967.01
5315.56,16727.29
5055.43,16521.36
5159.27,16806.25
5413.68,17048.64
5484.85,16975.17
5320.18,16730.68
5055.16,16521.07
5148.43,16796.26
5417.91,17058.02
5486.73,16978.03
5332.99,16740.54
5084.22,16545.5
5182.99,16824.96
5430.71,17067.59
5490.62,16983.21
5330.65,16742.89
5068.06,16535.89
5162.47,16807.88
5423.49,17062.25
5496.47,16991.71
5319.02,16733.16
5059.14,16527.28
5166.76,16816.09
5420.68,17061.29
5483.35,16978.68
5311.8,16722.08
5042.31,16507.97
5144.88,16788.69
5400.34,17032.65
5484.85,16973.94
5315.78,16719.91
5047.27,16506.49
5152.37,16793.63
5411.49,17048.08
5488.09,16979.3
5324.65,16733.99
5058.6,16526.21
5156.37,16801.98
5417.44,17054.16
5484.76,16980.02
5318.82,16732.54
5062.36,16528.62
5146.96,16792.78
5396.67,17040.19
5470.32,16969.2
5309.75,16724.45
5043.02,16508.82
5140.05,16783.68
5395.0,17029.97
5469.43,16959.36
5308.65,16718.14
5044.86,16504.73
5138.08,16775.16
5393.88,17028.92
5480.51,16976.98
5321.06,16735.94
5047.81,16509.74
5144.32,16782.83
5400.32,17034.62
5482.37,16975.63
5330.56,16740.76
5075.03,16537.7
5175.39,16822.32
5427.96,17065.2
5487.71,16979.23
5349.02,16753.48
5080.24,16533.83
5164.53,16797.56
5426.18,17057.26
5492.47,16982.83
5324.61,16732.83
5065.37,16523.82
5158.09,16792.33
5420.83,17048.44
5493.68,16977.38
5327.25,16725.38
5066.6,16515.17
5150.87,16783.01
5410.31,17041.55
5498.64,16984.49
5342.31,16741.32
5081.24,16532.54
5160.48,16794.52
5431.54,17061.71
5500.25,16987.82
5342.63,16749.17
5079.46,16529.79
5167.81,16800.33
5422.69,17052.39
5484.29,16969.42
5329.28,16733.37
5075.21,16524.89
5163.45,16792.66
5433.57,17065.13
5506.6,16995.69
5344.48,16750.96
5078.23,16533.52
5168.37,16796.6
5420.36,17050.92
5492.05,16981.87
5349.85,16753.59
5081.89,16533.72
5163.32,16797.29
5428.23,17059.99
5499.65,16989.07
5353.42,16757.79
5095.17,16540.29
5179.28,16808.76
5443.52,17069.96
5518.09,16999.31
5369.13,16765.84
5108.45,16552.47
5192.18,16813.92
5445.2,17066.14
5528.73,17007.2
5374.95,16765.48
5100.65,16540.98
5178.88,16802.16
5435.99,17060.37
5508.5,16986.95
5361.49,16755.63
5090.25,16524.82
5183.01,16794.65
5444.19,17058.69
5517.19,16986.77
5353.09,16743.27
5097.2,16536.38
5172.93,16791.93
5420.59,17033.08
5513.5,16974.72
5345.71,16722.44
5084.91,16510.47
5165.26,16780.93
5432.93,17053.02
5526.78,16997.21
5372.38,16755.94
5117.41,16547.78
5192.18,16802.88
5441.38,17044.75
5531.14,16988.04
5370.52,16746.24
5108.74,16531.51
5195.64,16794.27
5458.72,17059.32
5535.41,16992.82
5373.98,16745.23
5113.39,16529.25
5189.72,16787.99
5450.67,17053.8
5532.64,16991.82
5377.74,16750.89
5109.7,16525.67
5173.07,16773.66
5434.47,17041.77
5513.71,16976.39
5377.49,16753.64
5117.79,16535.8
5178.68,16776.82
5432.81,17038.49
5520.72,16982.47
5374.59,16749.26
5124.83,16539.69
5203.93,16797.96
5457.98,17063.52
5539.99,17002.26
5394.79,16769.87
5126.28,16542.01
5203.53,16798.14
5463.08,17065.51
5548.15,17007.69
5394.48,16768.21
5128.59,16541.61
5214.24,16806.28
5476.02,17074.7
5554.05,17008.36
5411.09,16776.97
5144.57,16552.52
5206.39,16793.76
5475.42,17071.86
5556.73,17012.65
5414.51,16785.33
5144.43,16552.85
5207.31,16798.27
5474.52,17067.34
5560.15,17015.02
5412.07,16782.79
5152.75,16556.9
5218.86,16801.16
5484.81,17078.01
5586.35,17036.01
5437.58,16798.7
5165.24,16561.64
5227.49,16801.94
5489.72,17079.46
5580.18,17026.53
5435.47,16789.82
5166.69,16558.69
5232.52,16810.43
5485.92,17078.74
5576.2,17028.32
5430.04,16795.46
5149.01,16551.09
5210.06,16789.56
5470.03,17061.51
5561.2,17010.26
5416.43,16779.37
5139.63,16538.01
5197.25,16774.0
5460.75,17049.57
5556.2,17005.01
5418.51,16776.46
5159.43,16549.34
5221.66,16794.27
5498.44,17082.37
5579.0,17020.63
5435.94,16786.96
5171.32,16554.01
5242.24,16813.45
5512.23,17097.05
5603.11,17042.76
5450.92,16805.25
5177.36,16566.51
5234.53,16800.78
5486.41,17071.79
5578.06,17017.01
5435.21,16786.34
5168.8,16552.88
5229.06,16788.86
5484.4,17058.81
5566.12,17003.42
5429.6,16774.27
5163.32,16538.12
5217.97,16775.52
5495.65,17072.8
5588.58,17016.11
5439.88,16770.8
5175.5,16547.35
5231.22,16784.26
5484.49,17048.19
5589.9,17015.13
5453.11,16795.35
5175.61,16549.57
5223.65,16776.53
5505.37,17074.34
5602.31,17038.55
5467.39,16814.39
5200.33,16570.8
5240.66,16788.37
5507.6,17074.07
5597.75,17028.01
5453.67,16796.13
5183.21,16557.41
5247.38,16802.9
5513.24,17087.04
5598.96,17031.2
5447.46,16791.88
5193.27,16567.83
5254.0,16810.93
5509.35,17085.14
5609.37,17047.59
5472.67,16820.96
5202.01,16576.75
5261.73,16821.16
5523.03,17104.67
5605.93,17049.71
5473.14,16825.48
5205.52,16590.11
5257.09,16821.21
5532.08,17111.62
5631.3,17074.59
5480.94,16835.96
5220.0,16599.86
5253.08,16815.08
5506.71,17092.0
5622.38,17067.37
5492.52,16841.68
5220.79,16599.61
5270.88,16833.05
5533.06,17114.64
5622.54,17063.08
5483.87,16834.33
5214.55,16593.11
5260.86,16824.47
5518.06,17104.29
5610.78,17058.36
5464.93,16825.14
5206.01,16591.9
5251.65,16817.47
5525.31,17110.37
5626.58,17068.98
5497.9,16854.94
5227.8,16614.48
5261.49,16829.21
5524.75,17116.03
5628.12,17079.41
5498.1,16855.49
5231.07,16612.91
5268.84,16833.28
5524.86,17116.41
5616.73,17067.81
5497.72,16862.4
5224.21,16619.28
5264.66,16835.24
5523.97,17115.02
5622.2,17073.45
5484.07,16841.55
5208.18,16589.98
5248.06,16813.85
5504.59,17095.64
5600.18,17053.8
5462.45,16823.62
5193.52,16584.64
5228.54,16801.78
5505.57,17101.41
5606.91,17063.52
5475.75,16838.71
5213.86,16598.94
5253.58,16817.25
5515.74,17106.77
5610.73,17064.73
5493.83,16854.87
5217.1,16601.22
5247.34,16811.78
5511.25,17101.27
5619.03,17075.57
5489.68,16855.65
5213.54,16598.47
5256.33,16822.53
5516.05,17111.11
5611.83,17067.7
5477.76,16842.84
5208.81,16594.47
5247.05,16809.92
5512.61,17104.09
5612.7,17074.79
5468.96,16835.42
5196.96,16584.12
5234.02,16804.4
5505.97,17105.7
5604.92,17061.89
5462.83,16826.79
5205.16,16589.13
5243.45,16809.49
5509.95,17103.98
5615.0,17069.22
5487.67,16852.88
5218.6,16606.52
5255.3,16822.12
5521.35,17114.93
5625.4,17078.43
5505.26,16864.3
5241.64,16620.22
5264.01,16822.12
5516.48,17103.96
5627.41,17078.48
5499.27,16855.52
5232.95,16610.21
5255.97,16816.45
5512.74,17105.95
5625.2,17082.16
5504.88,16869.8
5219.71,16602.0
5249.98,16814.35
5515.81,17110.62
5623.12,17083.53
5493.12,16858.74
5221.99,16611.88
5251.07,16819.58
5521.28,17117.52
5627.27,17084.91
5507.34,16870.76
5225.39,16609.0
5252.08,16811.37
5525.1,17123.29
5643.32,17106.71
5506.89,16878.27
5228.72,16615.93
5261.47,16833.5
5528.97,17132.59
5630.99,17093.9
5501.05,16867.99
5221.17,16611.46
5246.27,16812.36
5509.77,17105.63
5615.99,17073.16
5491.35,16853.24
5210.17,16592.55
5230.6,16793.58
5503.36,17102.19
5612.39,17071.1
5492.25,16854.4
5217.1,16599.48
5222.44,16792.15
5493.46,17100.89
5609.15,17080.73
5486.32,16865.8
5207.38,16593.33
5231.74,16793.42
5510.22,17103.46
5613.8,17079.17
5476.62,16857.48
5208.38,16609.07
5232.25,16810.25
5507.74,17115.56
5612.99,17081.4
5483.4,16849.75
5201.61,16584.64
5222.13,16793.0
5499.0,17101.05
5615.74,17080.82
5490.28,16863.47
5214.44,16608.71
5234.82,16812.71
5506.04,17111.36
5619.65,17088.56
5492.45,16871.5
5225.14,16616.58
5247.47,16819.26
5509.39,17116.65
5613.37,17085.09
5504.09,16879.41
5234.53,16624.96
5239.23,16812.67
5507.45,17119.0
5617.04,17093.45
5509.62,16887.61
5240.72,16632.69
5260.44,16835.18
5516.81,17128.01
5630.38,17102.64
5508.92,16884.13
5234.69,16624.0
5251.21,16828.31
5522.2,17137.69
5635.12,17107.53
5517.51,16890.36
5253.4,16637.61
5273.49,16834.82
5531.86,17131.2
5647.77,17114.3
5525.42,16896.87
5247.27,16631.17
5269.62,16835.91
5546.54,17151.52
5650.81,17121.32
5524.88,16898.32
5254.76,16639.06
5260.51,16823.35
5526.4,17127.52
5649.83,17115.38
5522.22,16891.71
5248.57,16630.12
5256.84,16817.27
5523.92,17123.76
5628.24,17096.36
5519.54,16889.13
5252.26,16631.55
5251.7,16814.55
5516.52,17118.51
5645.2,17112.58
5532.44,16903.51
5264.08,16639.6
5268.04,16826.77
5532.86,17133.01
5639.21,17106.77
5522.24,16893.69
5246.96,16628.15
5254.31,16817.03
5522.87,17127.92
5631.95,17101.07
5504.63,16873.98
5247.83,16625.25
5240.57,16799.08
5511.52,17107.78
5614.15,17080.49
5491.26,16857.44
5223.51,16595.46
5232.9,16785.62
5492.7,17090.32
5611.32,17073.92
5507.31,16869.31
5230.33,16606.47
5223.67,16784.55
5495.06,17098.88
5605.66,17072.46
5496.45,16864.19
5231.6,16602.21
5247.25,16797.4
5503.49,17100.49
5617.46,17079.28
5502.91,16867.27
5232.39,16603.84
5236.66,16785.62
5494.15,17093.0
5603.38,17071.35
5497.39,16863.81
5233.53,16597.42
5225.55,16769.35
5478.59,17076.96
5613.44,17077.65
5511.16,16867.65
5234.76,16596.75
5227.83,16771.79
5503.58,17096.02
5619.54,17074.18
5506.6,16857.86
5233.68,16595.14
5243.0,16789.38
5505.52,17103.51
5626.58,17088.38
5516.16,16875.07
5242.85,16607.3
5233.73,16773.13
5509.66,17097.05
5627.72,17086.25
5516.25,16875.57
5260.13,16625.41
5256.75,16806.59
5523.52,17122.51
5636.08,17103.0
5536.46,16907.37
5260.13,16639.13
5248.28,16810.75
5519.25,17127.25
5632.19,17105.88
5515.2,16885.98
5242.78,16616.24
5232.16,16788.82
5497.43,17100.31
5620.77,17092.42
5521.35,16891.62
5249.46,16621.11
5228.7,16781.82
5505.23,17105.05
5624.68,17087.37
5516.57,16879.84
5246.0,16612.69
5237.08,16782.38
5509.73,17102.53
5641.04,17104.43
5537.38,16902.48
5265.06,16627.8
5262.96,16806.25
5524.77,17121.3
5642.94,17110.04
5549.33,16914.97
5275.19,16640.74
5257.91,16802.05
5528.79,17124.79
5638.74,17099.22
5532.73,16896.04
5267.88,16637.36
5242.8,16791.01
5506.17,17104.31
5626.34,17093.61
5513.64,16880.35
5235.92,16603.95
5224.97,16773.11
5494.3,17097.14
5623.79,17094.75
5517.62,16886.59
5239.87,16610.5
5225.75,16773.29
5496.79,17097.5
5618.69,17087.33
5527.27,16895.37
5252.86,16619.46
5229.21,16773.29
5508.56,17109.81
5637.33,17107.53
5530.16,16896.44
5263.23,16630.01
5245.44,16792.31
5516.37,17113.7
5640.37,17109.99
5527.36,16894.52
5255.36,16616.29
5233.08,16775.81
5482.52,17082.12
5614.33,17082.83
5501.88,16871.05
5237.48,16605.29
5216.85,16765.04
5479.26,17080.67
5608.83,17083.84
5508.94,16883.37
5247.63,16616.98
5234.94,16783.32
5497.61,17102.95
5622.6,17097.81
5519.36,16896.33
5243.96,16621.74
5234.87,16789.82
5505.15,17117.28
5631.43,17112.7
5531.97,16905.38
5258.9,16627.04
5244.79,16795.9
5523.9,17127.45
5641.42,17108.45
5537.33,16901.81
5261.58,16622.66
5227.34,16765.95
5498.89,17095.04
5623.21,17090.63
5522.8,16888.82
5250.0,16613.18
5216.25,16757.86
5485.07,17083.3
5613.33,17080.13
5511.14,16874.43
5235.0,16593.53
5215.98,16750.69
5491.42,17085.79
5619.76,17088.6
5531.56,16891.5
5261.53,16617.2
5228.83,16760.7
5502.91,17096.94
5633.53,17104.92
5526.09,16895.19
5252.01,16616.15
5236.88,16779.59
5497.14,17100.63
5625.75,17100.67
5538.85,16909.76
5263.48,16630.41
5233.75,16775.36
5501.73,17100.04
5634.58,17104.29
5531.27,16898.3
5250.92,16616.96
5211.42,16757.5
5476.29,17078.56
5604.03,17081.85
5514.0,16889.85
5242.22,16612.4
5215.18,16761.24
5482.75,17085.36
5615.99,17092.2
5521.91,16897.29
5265.67,16629.09
5228.81,16768.99
5500.5,17104.34
5635.77,17109.46
5536.95,16902.23
5259.23,16618.1
5233.73,16773.49
5510.62,17110.42
5636.75,17107.4
5547.86,16913.59
5276.4,16630.97
5230.84,16763.56
5501.01,17100.51
5619.59,17086.1
5524.14,16886.47
5265.91,16621.9
5223.71,16757.37
5485.97,17085.31
5615.27,17086.66
5517.91,16887.73
5261.4,16621.61
5223.0,16760.66
5492.76,17096.76
5622.87,17097.61
5541.24,16908.94
5270.0,16633.45
5235.29,16770.56
5501.64,17095.06
5631.39,17096.74
5539.05,16905.36
5278.23,16633.01
5249.64,16778.31
5515.09,17109.19
5649.72,17118.93
5548.37,16907.93
5275.55,16619.82
5239.05,16762.53
5501.97,17093.25
5627.59,17090.63
5530.13,16888.55
5254.27,16613.36
5213.14,16746.8
5476.8,17071.32
5601.48,17073.36
5517.57,16878.96
5253.31,16603.68
5210.75,16737.57
5477.74,17071.59
5613.06,17084.47
5534.25,16901.81
5267.28,16622.48
5215.62,16752.77
5496.52,17098.62
5631.39,17100.4
5540.62,16901.56
5275.12,16627.89
5233.35,16763.43
5512.63,17101.68
5643.46,17104.47
5555.82,16918.19
5290.55,16642.48
5229.01,16754.64
5499.58,17088.4
5637.47,17099.53
5544.01,16901.76
5274.3,16625.05
5228.54,16752.81
5500.65,17088.85
5624.64,17086.84
5543.39,16896.2
5276.53,16616.98
5239.32,16752.05
5511.45,17091.33
5637.62,17093.21
5546.97,16895.88
5279.46,16616.33
5229.1,16743.11
5500.74,17082.86
5652.04,17107.64
5570.97,16919.35
5310.6,16639.04
5264.04,16766.24
5536.91,17109.05
5679.0,17125.21
5591.2,16926.95
5328.3,16655.33
5278.1,16775.05
5548.44,17116.61
5681.28,17126.62
5599.09,16935.27
5337.78,16661.73
5275.41,16768.39
5543.12,17102.97
5687.94,17119.56
5594.57,16918.46
5322.87,16637.86
5276.93,16764.37
5548.51,17101.52
5687.42,17115.63
5591.56,16910.3
5325.33,16624.2
5262.61,16735.02
5540.98,17086.99
5681.84,17104.54
5593.81,16905.88
5319.47,16618.68
5276.0,16747.33
5548.8,17085.79
5687.83,17110.44
5608.12,16921.81
5338.74,16638.15
5283.68,16755.47
5552.06,17089.38
5698.64,17114.48
5626.92,16938.13
5360.95,16649.57
5300.51,16758.0
5573.27,17103.08
5714.89,17124.43
5624.59,16925.61
5352.75,16637.39
5299.02,16759.76
5575.17,17109.54
5716.32,17123.96
5632.62,16933.39
5363.93,16642.06
5312.25,16757.21
5573.52,17093.16
5713.64,17114.91
5632.93,16927.22
5356.51,16632.45
5286.03,16736.18
5566.05,17089.41
5722.63,17122.53
5634.54,16925.81
5379.57,16655.69
5319.8,16763.23
5585.12,17100.18
5743.91,17135.47
5656.71,16941.86
5384.4,16657.32
5333.6,16774.36
5597.48,17112.61
5742.1,17138.78
5651.35,16930.13
5399.24,16659.31
5334.27,16765.1
5594.48,17099.11
5732.02,17113.93
5644.78,16918.28
5385.67,16639.15
5319.13,16741.52
5588.29,17085.4
5726.9,17102.37
5643.84,16911.51
5373.56,16625.7
5302.71,16728.6
5575.6,17076.4
5719.57,17096.58
5642.7,16912.4
5383.28,16636.71
5323.09,16741.52
5599.87,17096.04
5745.9,17124.77
5662.55,16928.72
5396.81,16642.57
5332.12,16741.46
5600.45,17090.05
5743.5,17116.41
5663.53,16923.87
5394.73,16634.46
5329.73,16741.61
5590.89,17077.76
5732.98,17099.49
5652.38,16904.78
5378.81,16614.63
5308.83,16714.32
5569.79,17052.64
5704.28,17068.15
5610.51,16865.87
5360.19,16599.81
5292.16,16702.56
5562.43,17046.09
5693.41,17057.87
5618.54,16877.91
5364.6,16603.28
5288.04,16686.89
5545.31,17022.75
5696.99,17063.34
5633.18,16887.64
5387.37,16615.97
5328.28,16724.83
5581.54,17062.72
5728.51,17095.84
5659.89,16915.55
5395.8,16621.61
5318.26,16711.26
5591.2,17068.51
5736.26,17098.59
5665.05,16918.41
5392.96,16625.21
5302.71,16700.98
5577.74,17054.65
5728.04,17090.46
5656.04,16910.35
5383.62,16612.67
5300.96,16692.46
5564.22,17037.73
5714.58,17080.35
5632.13,16886.81
5372.42,16600.86
5311.6,16707.1
5573.43,17047.5
5722.87,17077.27
5658.68,16907.69
5391.87,16618.14
5308.45,16700.17
5577.52,17050.87
5730.7,17082.9
5667.55,16909.27
5403.04,16620.09
5318.78,16700.42
5597.35,17062.45
5757.34,17111.18
5675.51,16919.91
5411.51,16634.59
5332.32,16718.54
5591.51,17062.63
5747.55,17102.91
5671.75,16911.69
5412.07,16630.79
5335.99,16719.66
5594.15,17060.75
5738.92,17088.6
5681.23,16916.27
5433.24,16641.16
5347.83,16719.22
5607.61,17065.09
5760.11,17105.14
5683.94,16920.54
5423.38,16636.36
5344.82,16721.07
5603.76,17069.07
5751.19,17102.08
5686.95,16925.57
5434.6,16653.41
5344.55,16729.19
5619.7,17088.82
5776.16,17127.16
5709.84,16950.56
5458.59,16674.85
5365.4,16744.59
5632.77,17092.54
5786.13,17139.47
5721.02,16963.48
5460.4,16677.48
5356.8,16736.61
5619.16,17087.84
5788.16,17140.77
5723.23,16961.91
5461.27,16675.92
5365.6,16742.93
5627.12,17090.34
5781.95,17134.98
5716.08,16954.89
5455.05,16666.38
5370.1,16745.23
5631.14,17096.47
5791.29,17144.41
5721.89,16968.08
5455.46,16673.02
5367.53,16740.92
5642.32,17103.96
5789.37,17139.79
5724.82,16957.51
5453.29,16656.88
5357.94,16725.99
5619.54,17076.84
5773.17,17118.15
5714.29,16950.22
5453.78,16660.63
5349.47,16718.01
5607.96,17065.85
5763.84,17109.5
5699.29,16931.78
5434.71,16644.43
5331.79,16705.78
5600.27,17063.41
5749.76,17105.88
5687.38,16929.21
5438.96,16649.52
5337.84,16711.28
5600.14,17069.51
5762.93,17120.07
5702.18,16941.88
5433.8,16647.09
5335.23,16706.77
5597.39,17061.15
5761.79,17118.93
5692.56,16934.73
5438.11,16648.14
5339.65,16710.07
5603.43,17065.87
5765.65,17116.88
5703.47,16944.16
5438.27,16644.2
5336.46,16698.92
5601.37,17058.83
5763.31,17111.65
5700.05,16933.46
5437.26,16642.28
5332.77,16700.55
5603.87,17065.36
5774.62,17126.78
5714.58,16950.58
5454.72,16658.96
5360.91,16720.76
5611.56,17067.08
5776.5,17125.37
5710.67,16946.11
5441.84,16649.03
5340.88,16713.87
5602.53,17068.51
5760.92,17120.29
5699.43,16938.87
5432.46,16636.31
5332.77,16699.35
5605.79,17067.48
5772.67,17124.1
5713.96,16949.51
5456.31,16660.16
5345.71,16708.85
5607.81,17067.14
5775.67,17125.12
5712.97,16952.77
5460.64,16671.0
5357.44,16722.86
5616.68,17079.5
5779.67,17137.37
5711.63,16952.66
5461.6,16673.57
5355.1,16724.94
5606.0,17066.81
5768.87,17123.18
5710.49,16952.37
5455.12,16670.8
5333.62,16706.39
5589.46,17056.3
5759.24,17119.92
5696.74,16940.12
5443.34,16656.59
5333.04,16703.53
5594.66,17061.27
5774.13,17136.77
5728.04,16976.15
5468.53,16682.83
5363.17,16738.01
5615.45,17090.08
5777.01,17144.59
5717.82,16966.16
5449.67,16666.4
5343.9,16718.08
5607.25,17084.87
5783.02,17160.8
5722.36,16982.81
5450.38,16674.89
5335.2,16717.43
5582.3,17054.45
5753.54,17112.65
5707.09,16950.89
5449.2,16664.1
5336.79,16708.76
5583.04,17054.65
5753.07,17119.8
5700.19,16951.41
5447.61,16666.6
5321.7,16698.9
5572.69,17048.5
5743.21,17114.26
5701.91,16956.44
5458.7,16676.55
5340.48,16713.2
5587.8,17067.14
5769.19,17143.43
5722.02,16978.16
5475.69,16698.76
5354.83,16730.68
5602.4,17076.38
5769.05,17137.64
5710.36,16960.26
5458.39,16673.17
5337.66,16706.47
5587.22,17054.36
5746.9,17113.05
5693.35,16942.58
5453.85,16669.21
5329.73,16700.02
5582.37,17053.33
5757.47,17128.65
5702.76,16955.68
5444.57,16662.02
5325.44,16696.19
5576.36,17050.29
5739.5,17111.42
5697.12,16951.21
5443.16,16664.1
5319.36,16696.6
5582.08,17063.63
5759.4,17140.86
5710.94,16975.61
5457.87,16686.61
5325.19,16704.49
5585.9,17066.07
5757.25,17136.81
5703.2,16968.28
5446.4,16671.58
5315.36,16694.25
5567.8,17051.63
5731.28,17117.93
5680.25,16948.37
5431.72,16662.87
5308.05,16692.24
5571.89,17060.06
5737.8,17125.71
5685.26,16952.75
5430.71,16664.07
5305.77,16701.47
5566.63,17061.33
5748.85,17138.78
5705.33,16972.97
5452.26,16682.96
5305.66,16695.05
5549.92,17047.88
5718.18,17113.43
5682.62,16953.13
5449.27,16680.57
5313.77,16703.77
5558.45,17061.2
5742.23,17136.43
5692.39,16961.49
5448.24,16678.11
5323.49,16703.48
5572.8,17062.85
5745.43,17134.78
5704.25,16973.51
5460.22,16688.33
5317.9,16698.09
5573.47,17062.29
5743.71,17136.25
5693.1,16966.47
5447.75,16679.9
5325.86,16711.1
5562.48,17057.38
5731.84,17125.88
5686.86,16959.59
5436.37,16668.72
5302.35,16688.84
5547.1,17044.28
5730.18,17131.58
5690.55,16973.15
5433.98,16676.77
5305.21,16699.57
5554.74,17058.96
5733.62,17139.36
5698.53,16975.52
5452.33,16692.95
5308.34,16698.25
5554.23,17055.54
5748.4,17150.56
5716.21,16993.18
5462.16,16698.88
5315.47,16702.61
5562.95,17061.96
5745.29,17145.53
5703.09,16981.54
5459.44,16695.72
5316.05,16702.97
5560.51,17058.09
5737.76,17135.45
5696.63,16969.02
5456.71,16694.21
5319.98,16711.48
5568.45,17070.21
5741.45,17145.38
5684.32,16968.84
5460.46,16700.4
5336.34,16722.84
5583.33,17084.29
5761.97,17167.17
5723.48,17005.12
5473.85,16713.29
5330.13,16720.24
5575.53,17079.41
5762.59,17165.13
5729.78,17009.52
5470.68,16708.85
5330.65,16716.13
5571.8,17069.58
5745.74,17150.0
5712.39,16994.01
5459.28,16701.42
5314.28,16704.62
5557.11,17056.44
5733.07,17136.43
5696.97,16980.37
5452.73,16692.73
5299.58,16682.2
5529.58,17021.75
5718.36,17114.62
5684.79,16958.04
5436.12,16672.63
5292.69,16673.82
5521.28,17014.55
5710.87,17111.78
5690.33,16970.88
5450.0,16688.68
5305.28,16687.77
5549.29,17043.96
5731.66,17135.92
5702.18,16979.03
5454.07,16687.37
5299.69,16678.85
5540.08,17034.73
5711.07,17116.85
5673.68,16951.54
5428.59,16661.48
5277.76,16659.96
5516.59,17015.6
5688.54,17088.22
5664.51,16940.56
5416.52,16644.47
5266.07,16637.14
5510.87,17000.96
5693.39,17089.79
5652.4,16924.83
5410.49,16646.89
5270.72,16658.69
5521.98,17025.86
5712.59,17114.08
5675.73,16954.4
5436.68,16673.51
5300.81,16681.42
5545.87,17041.93
5727.68,17123.51
5690.62,16959.45
5446.58,16680.44
5309.21,16685.0
5543.99,17037.42
5729.62,17132.54
5698.26,16979.39
5450.54,16689.42
5288.04,16672.12
5528.79,17030.55
5734.14,17149.93
5706.65,16997.38
5459.19,16703.55
5312.27,16698.27
5546.05,17045.46
5731.08,17140.64
5690.66,16978.21
5443.61,16683.1
5301.74,16681.22
5546.43,17048.99
5733.92,17147.68
5706.4,16992.67
5464.08,16707.44
5300.85,16684.64
5550.14,17051.43
5747.5,17155.99
5730.18,17012.27
5490.55,16728.85
5319.69,16697.94
5549.96,17050.71
5744.26,17153.55
5717.64,17002.12
5480.94,16718.05
5323.05,16699.35
5555.17,17053.62
5735.55,17147.01
5719.68,17002.68
5480.31,16717.49
5335.65,16712.82
5571.66,17070.47
5763.73,17172.71
5727.81,17009.43
5478.1,16711.33
5320.68,16692.57
5559.21,17050.65
5754.55,17154.14
5731.75,17002.68
5490.82,16714.01
5332.3,16698.56
5560.42,17051.32
5760.8,17162.81
5743.19,17017.52
5497.93,16723.93
5320.92,16686.54
5568.91,17057.62
5763.04,17165.54
5742.43,17014.17
5515.34,16737.23
5357.06,16716.42
5586.3,17069.29
5783.33,17179.68
5760.18,17030.78
5512.07,16735.33
5339.79,16701.11
5581.63,17069.29
5775.13,17179.84
5756.33,17027.87
5519.41,16737.5
5352.62,16712.8
5590.84,17076.11
5785.35,17181.58
5766.5,17034.55
5516.37,16733.72
5347.95,16703.06
5585.39,17062.31
5776.03,17171.28
5758.75,17028.81
5518.85,16739.45
5368.91,16723.64
5599.87,17079.62
5783.4,17176.38
5758.35,17025.3
5519.0,16741.03
5339.7,16702.29
5571.66,17059.01
5752.29,17151.45
5726.14,16997.56
5488.56,16708.6
5322.2,16677.96
5555.77,17040.21
5741.89,17141.31
5713.58,16985.49
5485.77,16709.58
5311.13,16671.63
5525.82,17015.13
5725.44,17128.28
5719.77,16988.09
5490.01,16702.27
5321.37,16665.79
5543.68,17015.96
5739.5,17128.34
5730.27,16989.38
5506.91,16716.76
5350.96,16695.84
5576.54,17046.94
5764.4,17153.89
5747.55,17009.14
5516.43,16726.62
5341.26,16687.54
5568.62,17044.01
5761.65,17154.27
5739.21,17001.25
5509.73,16714.3
5335.09,16669.88
5557.56,17026.06
5765.54,17150.07
5745.36,16999.31
5503.51,16704.82
5337.44,16670.45
5557.9,17019.24
5743.33,17127.05
5723.68,16976.73
5505.99,16702.47
5337.04,16667.54
5560.06,17020.76
5764.83,17146.02
5738.68,16992.55
5504.52,16706.21
5336.34,16666.15
5557.58,17022.78
5758.66,17142.2
5742.86,16992.73
5506.44,16708.06
5330.18,16669.71
5561.52,17031.56
5753.36,17146.31
5746.21,17004.51
5509.48,16711.04
5334.87,16670.4
5558.21,17025.59
5757.05,17146.04
5744.26,17005.61
5512.03,16715.82
5330.04,16666.0
5546.21,17012.13
5747.06,17127.05
5728.51,16980.2
5499.6,16694.96
5335.96,16660.41
5562.23,17021.48
5769.05,17152.13
5755.55,17008.51
5511.34,16707.59
5334.02,16659.51
5556.58,17014.1
5765.48,17141.4
5762.79,17009.81
5526.38,16723.53
5335.94,16661.48
5565.96,17024.79
5765.59,17145.02
5763.49,17009.52
5526.4,16720.74
5337.8,16658.8
5561.67,17015.85
5760.78,17136.34
5746.68,16991.66
5518.96,16712.31
5341.71,16663.18
5558.88,17014.24
5751.82,17128.74
5735.52,16980.87
5513.33,16704.89
5329.15,16646.84
5547.68,16997.79
5745.25,17118.06
5743.26,16980.93
5509.66,16693.29
5329.89,16641.61
5551.35,17003.33
5756.76,17136.97
5735.26,16982.94
5506.6,16693.15
5318.73,16627.98
5530.63,16975.66
5726.38,17098.5
5726.61,16968.66
5491.94,16675.45
5311.62,16622.05
5524.55,16976.13
5747.59,17115.67
5728.33,16965.06
5494.62,16678.78
5317.61,16627.62
5546.16,16996.4
5754.66,17133.75
5743.79,16985.6
5511.2,16691.23
5318.89,16621.92
5536.55,16976.46
5743.17,17112.0
5739.21,16970.47
5507.94,16681.69
5321.19,16622.46
5539.16,16982.72
5741.25,17109.23
5736.28,16969.89
5519.83,16699.37
5333.53,16635.62
5546.83,16989.81
5745.76,17116.99
5753.88,16990.34
5531.03,16707.3
5341.75,16644.31
5554.97,16999.37
5765.45,17137.06
5767.73,17008.29
5536.33,16717.52
5342.16,16645.86
5568.13,17011.04
5771.62,17145.51
5767.38,17011.82
5539.63,16728.16
5355.12,16664.92
5565.9,17018.75
5760.4,17145.44
5750.92,16998.88
5517.64,16700.46
5336.93,16640.67
5545.56,16995.95
5747.48,17130.42
5751.24,17002.95
5525.71,16714.41
5328.48,16638.32
5540.26,16991.33
5757.79,17138.89
5762.7,17010.35
5537.49,16725.27
5344.82,16649.12
5562.63,17009.48
5761.99,17137.62
5769.95,17009.99
5546.76,16728.83
5350.74,16654.93
5568.96,17014.68
5777.68,17155.48
5766.73,17014.21
5530.0,16722.3
5342.36,16646.24
5552.93,16999.6
5770.97,17153.87
5764.69,17012.05
5538.45,16723.69
5344.41,16647.38
5545.98,16992.27
5764.81,17144.88
5767.17,17009.77
5541.31,16725.99
5337.1,16640.07
5556.49,17003.49
5771.65,17154.31
5773.57,17017.08
5552.28,16736.72
5349.15,16647.33
5557.14,16998.17
5777.61,17151.97
5783.33,17021.81
5552.55,16731.42
5358.0,16652.56
5564.42,17003.89
5768.9,17144.17
5775.33,17015.33
5564.38,16741.95
5367.97,16661.17
5568.0,17009.07
5781.93,17156.48
5784.16,17022.82
5560.96,16733.77
5372.93,16660.23
5567.95,17003.53
5780.03,17153.71
5780.94,17017.57
5549.83,16725.65
5357.98,16649.99
5558.41,16998.57
5773.41,17146.43
5788.79,17021.68
5565.76,16739.67
5359.99,16647.53
5570.66,17001.59
5780.34,17151.07
5777.68,17015.96
5565.16,16737.99
5373.69,16661.55
5570.23,17006.41
5777.88,17147.32
5786.75,17016.45
5564.89,16733.5
5358.7,16645.25
5560.6,16998.12
5775.33,17149.35
5786.73,17026.8
5568.58,16746.64
5366.12,16658.96
5558.45,17002.64
5781.46,17152.86
5777.23,17011.4
5555.06,16728.51
5355.68,16638.71
5556.4,16985.49
5770.17,17138.71
5770.77,17002.23
5565.43,16735.85
5357.85,16642.24
5565.52,16999.06
5782.82,17157.82
5792.12,17030.26
5574.68,16745.99
5358.9,16644.03
5564.27,16995.19
5782.69,17150.58
5784.14,17015.85
5558.36,16725.27
5353.2,16634.03
5550.92,16986.01
5769.25,17148.79
5790.06,17035.52
5571.53,16755.58
5351.86,16644.76
5548.33,16991.26
5770.21,17150.69
5775.27,17016.88
5567.55,16743.45
5360.66,16644.31
5557.02,16996.27
5783.94,17164.13
5795.7,17037.33
5575.04,16754.62
5374.43,16664.41
5568.07,17011.22
5784.23,17169.56
5792.01,17041.51
5569.14,16754.82
5356.68,16648.14
5557.09,16997.94
5776.34,17158.56
5792.92,17038.0
5570.9,16751.83
5352.04,16641.19
5550.63,16990.23
5773.08,17154.81
5778.82,17024.43
5563.89,16740.32
5347.99,16631.57
5541.29,16979.12
5761.74,17140.23
5771.82,17015.18
5571.24,16748.79
5355.79,16639.51
5551.37,16982.59
5780.56,17158.54
5803.97,17046.07
5591.42,16770.27
5372.2,16660.43
5559.35,17000.47
5784.83,17166.09
5794.82,17038.8
5589.28,16763.76
5374.72,16652.21
5558.45,16994.84
5777.46,17158.29
5788.77,17031.69
5569.41,16749.37
5361.13,16645.48
5549.16,16986.12
5763.04,17147.7
5769.77,17017.92
5550.23,16733.81
5342.13,16627.55
5526.58,16967.5
5751.13,17139.47
5770.5,17013.68
5551.26,16727.13
5333.3,16615.97
5529.49,16968.46
5756.6,17140.7
5786.49,17028.99
5579.06,16761.55
5351.25,16632.2
5528.84,16963.54
5746.99,17132.37
5768.16,17014.62
5564.71,16742.42
5358.52,16636.85
5538.18,16973.38
5769.28,17150.47
5794.49,17034.6
5584.16,16755.94
5355.1,16627.78
5537.51,16969.2
5768.69,17149.73
5775.38,17017.61
5560.64,16737.21
5345.44,16618.77
5519.81,16947.23
5739.35,17120.34
5763.31,17003.33
5560.06,16734.06
5339.12,16611.28
5512.45,16942.94
5751.19,17132.14
5776.99,17019.47
5566.75,16744.23
5352.42,16630.86
5537.02,16972.26
5761.94,17149.93
5788.52,17043.45
5577.94,16762.89
5351.7,16630.55
5521.8,16956.97
5746.7,17132.19
5780.7,17024.85
5582.15,16758.29
5353.13,16629.21
5529.89,16964.39
5754.59,17140.93
5784.01,17031.78
5574.46,16755.94
5335.79,16615.04
5509.62,16943.49
5738.16,17121.39
5769.03,17013.92
5565.76,16741.81
5338.4,16611.73
5517.48,16951.81
5744.31,17128.59
5768.49,17012.87
5556.49,16734.3
5332.1,16603.48
5506.06,16937.57
5731.28,17113.75
5756.38,16999.39
5566.79,16740.61
5329.13,16600.51
5512.88,16940.12
5748.04,17131.38
5771.91,17016.99
5561.25,16733.59
5323.78,16593.33
5504.47,16936.45
5724.93,17114.69
5747.1,16997.74
5555.88,16735.44
5336.59,16611.97
5507.22,16944.34
5734.0,17123.85
5762.93,17013.23
5554.83,16741.05
5336.52,16615.93
5502.06,16935.45
5716.97,17108.9
5739.66,16995.21
5551.52,16734.24
5309.52,16574.69
5474.28,16898.16
5706.15,17093.99
5738.85,16993.09
5529.91,16717.67
5302.91,16576.39
5476.11,16908.11
5697.66,17090.01
5740.84,16992.58
5544.22,16727.46
5317.46,16596.71
5495.8,16935.0
5739.12,17122.98
5771.06,17013.21
5559.53,16742.98
5336.39,16613.58
5516.32,16954.29
5752.53,17143.25
5774.66,17022.33
5573.59,16751.92
5344.08,16613.02
5505.32,16938.24
5736.19,17128.16
5761.88,17015.51
5560.13,16745.61
5328.63,16604.87
5485.97,16924.61
5719.5,17114.37
5748.82,17003.08
5560.96,16744.16
5336.5,16611.46
5497.93,16933.5
5733.13,17124.65
5763.69,17016.85
5564.38,16749.37
5334.67,16609.89
5495.13,16933.57
5741.98,17142.42
5782.26,17044.08
5580.11,16767.29
5341.35,16617.43
5497.32,16937.93
5753.47,17155.81
5786.84,17047.59
5584.87,16770.04
5361.13,16632.85
5516.43,16953.11
5749.34,17145.04
5779.13,17033.5
5573.45,16756.79
5342.8,16613.25
5513.12,16944.41
5742.14,17133.75
5785.01,17034.62
5594.15,16776.3
5337.1,16610.45
5494.8,16927.33
5740.11,17134.96
5771.22,17023.56
5584.29,16763.67
5353.27,16622.43
5506.91,16944.63
5739.21,17137.46
5787.74,17041.21
5594.26,16771.59
5362.05,16628.76
5516.03,16949.46
5754.46,17153.31
5785.5,17042.78
5587.15,16769.98
5357.6,16623.13
5516.25,16947.45
5751.13,17147.88
5781.59,17034.33
5588.38,16767.45
5351.3,16615.82
5504.52,16935.51
5732.62,17129.64
5769.97,17027.58
5588.87,16774.43
5340.64,16608.66
5484.18,16918.73
5728.17,17125.71
5772.63,17026.73
5582.75,16767.54
5343.18,16609.89
5512.03,16944.95
5747.71,17148.55
5791.11,17049.2
5607.2,16790.14
5367.41,16633.18
5517.71,16954.8
5742.12,17142.47
5789.53,17046.22
5596.32,16782.54
5351.99,16620.0
5512.01,16950.2
5750.68,17157.69
5784.79,17049.46
5594.19,16784.95
5344.3,16616.38
5487.42,16926.64
5723.23,17133.1
5759.35,17026.78
5563.21,16755.36
5312.0,16585.91
5464.17,16907.96
5707.85,17114.71
5743.33,17006.88
5543.9,16733.43
5305.75,16578.58
5453.89,16896.13
5695.02,17105.07
5743.97,17008.87
5573.88,16761.44
5336.34,16602.99
5480.71,16919.38
5724.68,17131.47
5761.27,17022.06
5585.12,16767.21
5344.39,16601.31
5483.15,16913.81
5719.68,17125.3
5765.16,17034.62
5596.99,16794.88
5357.91,16624.18
5480.71,16910.53
5722.23,17116.47
5769.25,17021.93
5583.56,16766.91
5331.14,16587.45
5473.0,16905.5
5717.44,17127.05
5761.34,17019.45
5564.04,16741.88
5307.98,16567.25
5454.79,16884.17
5701.26,17103.71
5744.49,17005.27
5557.38,16744.72
5312.43,16576.23
5452.02,16886.77
5694.64,17101.47
5752.91,17018.71
5573.59,16764.46
5339.68,16604.95
5482.84,16921.23
5732.35,17139.83
5782.82,17047.56
5591.58,16784.82
5347.9,16614.21
5493.23,16927.71
5738.01,17146.0
5778.89,17046.29
5596.63,16789.76
5350.72,16621.4
5488.54,16929.55
5734.68,17149.17
5774.66,17049.51
5592.47,16788.22
5342.29,16605.69
5471.48,16907.44
5723.1,17136.7
5767.55,17039.54
5593.03,16787.97
5346.85,16611.91
5477.52,16909.94
5718.18,17124.65
5775.94,17039.27
5609.24,16795.62
5367.66,16620.85
5489.57,16917.21
5735.01,17138.11
5777.75,17039.79
5596.54,16785.24
5361.56,16618.34
5491.82,16917.54
5746.95,17149.58
5797.64,17055.68
5613.51,16797.29
5359.95,16617.09
5492.4,16922.82
5728.98,17132.92
5784.94,17051.63
5605.04,16793.71
5346.07,16599.77
5473.54,16901.99
5719.01,17124.68
5775.44,17033.97
5600.05,16780.21
5341.8,16590.31
5464.69,16883.23
5716.28,17111.4
5778.17,17031.43
5604.83,16785.53
5353.58,16602.0
5488.16,16907.73
5736.82,17138.02
5791.87,17048.39
5610.8,16788.55
5352.71,16600.1
5483.96,16907.15
5728.13,17129.39
5782.42,17039.81
5610.02,16786.88
5357.82,16600.08
5481.34,16901.52
5718.76,17118.2
5778.91,17034.78
5610.73,16789.11
5354.49,16600.39
5477.65,16899.93
5724.97,17125.15
5790.22,17045.89
5612.19,16788.6
5353.76,16595.28
5478.48,16893.07
5732.98,17129.62
5785.21,17037.82
5599.89,16776.01
5347.65,16588.41
5475.37,16891.1
5720.88,17117.95
5782.02,17034.33
5603.02,16779.7
5351.92,16592.28
5477.47,16890.41
5713.08,17110.51
5763.64,17016.58
5594.28,16767.0
5349.02,16584.72
5466.77,16878.45
5721.73,17116.59
5780.72,17032.19
5600.85,16775.45
5353.53,16586.58
5469.72,16878.27
5722.94,17117.05
5777.1,17026.11
5612.05,16783.59
5366.09,16596.15
5483.02,16887.93
5729.51,17120.74
5794.49,17044.23
5626.27,16798.92
5367.28,16599.28
5471.82,16875.25
5727.03,17119.98
5784.32,17035.29
5611.76,16779.1
5350.98,16578.65
5467.64,16877.11
5718.38,17112.47
5774.13,17024.47
5608.86,16778.22
5354.43,16580.28
5474.97,16881.18
5733.6,17129.93
5802.69,17052.5
5627.07,16796.44
5355.75,16584.7
5476.04,16880.33
5731.84,17126.42
5793.73,17046.89
5621.89,16792.64
5370.83,16597.35
5483.91,16880.78
5741.72,17126.31
5805.82,17055.14
5635.5,16804.4
5365.71,16591.16
5475.04,16880.08
5733.65,17127.74
5799.67,17046.76
5627.97,16793.49
5367.23,16590.85
5470.66,16872.24
5727.37,17120.16
5773.1,17022.55
5606.11,16773.42
5361.89,16580.7
5459.59,16858.18
5706.89,17095.69
5781.75,17026.06
5619.09,16783.03
5355.61,16576.23
5468.15,16869.82
5729.2,17121.68
5792.1,17030.89
5614.29,16775.01
5356.8,16574.4
5469.25,16867.83
5731.72,17121.37
5800.79,17045.53
5639.19,16799.88
5369.2,16582.49
5471.95,16868.06
5729.85,17119.83
5800.93,17044.63
5627.63,16789.62
5375.59,16588.55
5480.45,16872.35
5730.41,17115.42
5803.16,17044.01
5631.59,16787.7
5372.0,16584.9
5475.75,16864.93
5732.02,17115.24
5808.99,17048.5
5642.36,16797.89
5386.64,16594.49
5495.02,16885.09
5739.19,17125.57
5795.83,17033.77
5634.05,16787.08
5381.52,16592.21
5477.41,16867.16
5741.29,17125.32
5821.58,17062.52
5654.12,16811.82
5391.87,16601.15
5492.18,16883.39
5754.88,17145.78
5824.17,17073.58
5644.51,16806.88
5398.19,16610.1
5502.51,16893.85
5751.66,17141.48
5822.72,17069.98
5658.59,16822.95
5395.31,16610.27
5498.22,16893.36
5744.71,17140.79
5814.65,17070.34
5644.6,16812.49
5378.77,16596.88
5474.79,16872.06
5724.8,17122.31
5798.8,17054.58
5631.95,16802.01
5373.6,16593.6
5468.67,16867.65
5712.99,17109.9
5782.71,17035.67
5629.8,16794.74
5373.74,16588.28
5477.23,16874.63
5721.22,17115.27
5794.29,17044.5
5648.35,16818.64
5379.71,16597.27
5468.11,16861.51
5731.41,17124.65
5809.67,17060.35
5658.1,16827.46
5392.43,16607.72
5475.48,16875.19
5735.68,17135.0
5810.43,17068.98
5644.73,16818.7
5382.39,16596.15
5471.26,16862.65
5723.88,17114.93
5797.22,17043.85
5650.14,16813.74
5380.53,16593.91
5463.82,16858.0
5732.98,17126.69
5811.21,17055.23
5653.31,16811.89
5383.93,16591.25
5464.98,16850.91
5733.36,17120.07
5793.86,17041.17
5648.8,16813.16
5390.82,16599.66
5470.72,16859.5
5729.42,17124.74
5806.22,17057.93
5650.61,16813.85
5378.75,16580.34
5471.13,16851.34
5728.01,17114.57
5798.87,17045.95
5647.37,16810.72
5387.53,16591.77
5461.6,16843.27
5720.33,17105.23
5798.74,17040.77
5641.67,16799.1
5377.87,16580.46
5450.38,16821.92
5696.63,17074.07
5772.11,17009.39
5629.38,16783.59
5355.68,16561.88
5424.72,16820.09
5677.16,17072.13
5751.8,16995.08
5590.1,16749.21
5334.04,16532.02
5416.54,16797.69
5676.69,17060.84
5743.95,16981.92
5602.71,16750.87
5336.64,16522.1
5413.08,16781.71
5676.94,17060.26
5767.33,17012.65
5616.05,16773.11
5348.62,16541.77
5420.5,16796.44
5678.86,17067.7
5761.36,17006.97
5613.35,16773.2
5338.78,16542.14
5414.33,16798.45
5670.91,17062.63
5760.27,17009.03
5613.44,16778.92
5346.0,16550.55
5428.97,16807.6
5692.52,17082.95
5769.95,17020.27
5622.45,16784.1
5357.11,16556.83
5423.99,16800.78
5686.22,17071.3
5773.19,17015.47
5623.9,16783.57
