21887.43,33821.18
21860.59,33809.14
21766.33,33758.84
21753.81,33751.42
21838.55,33807.48
21875.85,33809.89
21845.74,33798.09
21757.3,33755.74
21745.97,33754.75
21830.93,33813.29
21869.68,33815.42
21850.64,33808.71
21764.05,33762.27
21749.07,33756.61
21835.44,33817.99
21867.52,33812.24
21851.91,33805.43
21768.27,33764.95
21751.67,33756.99
21840.8,33816.18
21885.17,33827.71
21860.92,33815.71
21773.55,33766.36
21766.37,33765.39
21845.57,33820.85
21882.27,33824.54
21854.89,33810.68
21760.16,33758.06
21749.7,33752.96
21836.04,33807.41
21871.25,33804.91
21851.0,33797.76
21757.3,33752.41
21742.14,33747.42
21824.06,33803.53
21868.25,33812.02
21850.53,33802.77
21769.1,33763.76
21759.58,33761.55
21844.94,33816.55
21879.88,33818.43
21857.75,33814.25
21761.61,33758.82
21752.47,33758.22
21833.45,33813.07
21877.73,33824.29
21862.2,33819.42
21771.29,33769.55
21754.26,33756.74
21836.11,33811.62
21878.0,33818.01
21860.63,33813.36
21772.07,33766.33
21762.73,33765.33
21838.97,33818.64
21872.1,33817.25
21853.61,33813.0
21768.79,33771.7
21753.14,33760.12
21846.73,33823.31
21881.66,33821.38
21865.46,33818.37
21777.15,33769.64
21760.96,33759.65
21844.61,33813.41
21882.27,33817.05
21863.25,33813.45
21774.46,33771.88
21757.54,33763.4
21845.01,33823.53
21883.32,33826.75
21855.71,33814.19
21769.44,33772.95
21757.59,33767.14
21838.1,33823.2
21880.08,33828.05
21852.74,33809.98
21764.76,33766.24
21745.32,33752.72
21833.5,33809.47
21876.14,33816.82
21851.85,33806.52
21759.76,33762.89
21745.77,33760.05
21831.64,33816.85
21875.25,33823.71
21854.73,33811.5
21774.24,33772.1
21755.18,33762.89
21828.78,33814.05
21864.65,33818.25
21850.75,33816.85
21766.96,33771.99
21746.32,33757.23
21835.89,33817.5
21877.15,33818.32
21858.98,33808.84
21781.75,33773.86
21769.39,33769.28
21845.52,33821.43
21881.42,33822.41
21866.98,33820.87
21777.26,33773.77
21752.43,33758.87
21842.48,33822.12
21890.85,33832.11
21868.57,33822.73
21784.88,33780.28
21763.18,33766.51
21848.2,33825.16
21887.52,33828.34
21870.2,33822.43
21780.16,33776.1
21755.47,33763.76
21842.5,33824.04
21886.36,33829.66
21869.59,33822.68
21785.28,33782.29
21763.49,33772.43
21850.17,33837.34
21897.85,33843.76
21880.14,33834.17
21801.42,33797.54
21775.47,33785.02
21850.19,33837.19
21891.48,33840.27
21877.24,33835.15
21790.78,33789.49
21764.25,33773.8
21849.52,33834.59
21897.06,33844.32
21878.38,33834.68
21796.37,33794.65
21763.94,33777.35
21842.86,33832.54
21891.9,33843.29
21879.03,33836.7
21788.81,33787.59
21754.53,33762.78
21840.96,33823.95
21888.01,33833.19
21873.19,33825.81
21793.55,33784.19
21761.5,33767.96
21841.3,33824.74
21889.91,33834.37
21880.64,33831.91
21800.17,33794.34
21769.03,33776.23
21843.4,33827.26
21894.9,33841.01
21880.3,33831.38
21800.75,33794.83
21774.49,33778.25
21856.79,33833.86
21900.82,33841.79
21882.87,33829.83
21793.71,33780.04
21759.6,33758.82
21843.06,33821.83
21890.92,33834.21
21875.29,33824.02
21794.89,33787.52
21764.27,33773.55
21844.65,33832.14
21895.39,33842.82
21873.73,33828.29
21780.5,33776.84
21748.47,33759.7
21831.08,33816.8
21881.15,33824.52
21868.61,33813.23
21787.16,33770.49
21751.29,33747.07
21831.64,33807.88
21876.77,33817.34
21871.67,33819.37
21792.19,33783.83
21754.35,33763.92
21831.8,33817.05
21882.63,33827.89
21871.76,33824.54
21791.5,33784.08
21758.17,33764.5
21837.94,33822.01
21878.85,33825.79
21859.69,33811.55
21787.16,33779.99
21754.57,33759.07
21839.2,33819.86
21893.94,33836.76
21879.52,33827.06
21806.7,33792.95
21766.71,33767.61
21839.31,33820.22
21898.07,33841.19
21880.86,33830.84
21802.16,33793.4
21762.26,33765.08
21837.72,33817.12
21891.74,33830.13
21880.37,33822.19
21802.67,33783.41
21765.12,33759.63
21843.78,33815.13
21898.25,33831.67
21882.31,33821.23
21800.24,33780.66
21762.31,33756.14
21839.08,33811.89
21892.66,33824.87
21882.29,33818.37
21800.97,33780.26
21759.13,33754.84
21837.38,33815.11
21891.63,33829.97
21874.96,33815.46
21809.58,33791.39
21766.11,33763.09
21831.26,33807.41
21883.68,33817.83
21880.32,33818.05
21804.97,33787.07
21767.45,33764.28
21844.76,33821.03
21892.28,33827.04
21879.5,33814.41
21800.48,33775.9
21753.46,33746.46
21837.61,33808.44
21892.28,33820.33
21883.47,33812.73
21805.22,33775.9
21759.24,33748.03
21838.73,33805.87
21899.54,33824.69
21885.02,33812.15
21810.25,33780.7
21765.86,33753.3
21839.73,33804.57
21898.79,33823.91
21890.09,33818.43
21813.58,33784.14
21770.84,33759.47
21847.85,33817.99
21900.78,33832.02
21895.07,33831.73
21815.55,33788.64
21766.89,33755.63
21835.73,33804.55
21886.16,33815.44
21878.89,33809.49
21806.05,33780.55
21758.26,33753.79
21840.67,33812.98
21900.46,33833.25
21892.21,33827.71
21814.65,33791.7
21763.54,33762.73
21839.46,33822.64
21888.82,33835.6
21882.27,33828.71
21812.69,33798.5
21767.78,33774.91
21842.19,33826.84
21894.67,33839.45
21882.25,33828.38
21813.96,33802.7
21766.71,33776.52
21836.6,33830.1
21890.11,33848.68
21875.56,33831.75
21811.39,33806.77
21760.23,33775.5
21829.07,33826.88
21887.81,33844.63
21880.77,33833.19
21809.56,33801.0
21759.98,33768.86
21829.25,33821.05
21885.69,33841.75
21877.73,33834.75
21799.97,33799.93
21739.37,33763.56
21811.79,33813.38
21877.3,33836.54
21875.41,33831.49
21801.02,33795.95
21749.48,33760.66
21821.87,33815.33
21887.41,33841.3
21876.57,33831.13
21800.62,33791.81
21750.5,33764.54
21824.78,33817.18
21889.22,33837.48
21885.22,33832.11
21821.09,33806.32
21767.87,33771.05
21839.29,33821.79
21898.99,33841.5
21884.77,33829.61
21803.81,33789.55
21745.03,33753.14
21817.54,33808.09
21884.41,33833.9
21879.27,33826.1
21813.42,33796.69
21766.87,33769.37
21825.58,33810.9
21887.01,33832.49
21887.34,33832.85
21823.82,33811.37
21759.82,33769.55
21826.66,33815.15
21891.54,33840.68
21882.07,33832.49
21818.45,33808.18
21763.4,33772.48
21826.88,33814.61
21886.38,33837.5
21887.19,33836.76
21820.85,33807.44
21759.45,33764.41
21830.72,33819.86
21891.77,33842.64
21876.84,33824.87
21811.79,33801.78
21752.4,33765.01
21817.6,33812.18
21880.55,33834.66
21876.68,33829.72
21802.27,33795.16
21741.32,33756.68
21809.45,33810.7
21875.54,33834.48
21872.88,33828.05
21818.39,33809.67
21753.7,33770.02
21818.41,33823.66
21887.86,33857.32
21883.61,33849.12
21812.46,33812.46
21751.69,33772.32
21814.21,33818.68
21878.24,33840.83
21871.11,33824.56
21805.38,33798.47
21741.14,33753.26
21810.54,33803.01
21876.21,33824.69
21878.29,33820.22
21817.11,33795.97
21752.9,33755.43
21815.86,33804.98
21880.48,33831.15
21867.18,33815.93
21806.43,33793.64
21748.65,33759.16
21812.91,33810.68
21875.05,33834.08
21869.86,33820.45
21811.77,33800.66
21761.7,33772.19
21832.33,33827.8
21897.91,33855.85
21897.45,33848.45
21823.68,33810.28
21757.59,33764.45
21823.93,33812.67
21898.88,33844.77
21888.64,33828.94
21818.81,33794.92
21760.9,33759.09
21819.64,33803.7
21884.99,33829.48
21885.62,33825.12
21824.98,33803.21
21757.66,33762.64
21819.08,33813.41
21884.57,33842.35
21884.03,33833.43
21834.9,33818.14
21767.34,33772.73
21819.57,33810.14
21897.8,33847.85
21894.25,33836.05
21827.77,33799.88
21763.71,33756.41
21827.53,33807.97
21892.21,33836.23
21888.12,33826.12
21816.8,33793.87
21744.13,33748.59
21807.79,33800.95
21879.76,33835.73
21878.74,33827.71
21822.46,33802.95
21753.25,33755.63
21808.73,33796.51
21868.3,33818.77
21858.06,33800.51
21798.18,33776.17
21733.2,33736.29
21792.53,33781.44
21859.42,33806.66
21862.31,33800.06
21808.44,33783.52
21745.03,33745.86
21807.39,33789.42
21886.13,33825.77
21893.44,33824.65
21829.12,33798.92
21758.42,33752.43
21815.5,33795.34
21885.78,33826.5
21889.76,33822.61
21835.24,33800.24
21760.29,33748.25
21815.79,33791.72
21887.79,33824.96
21894.43,33821.68
21831.3,33794.96
21760.45,33753.28
21817.69,33796.91
21886.96,33826.77
21883.88,33816.38
21821.94,33794.76
21751.73,33752.86
21819.12,33809.38
21890.49,33845.05
21886.18,33831.91
21822.14,33801.54
21751.85,33755.13
21806.43,33795.28
21885.38,33837.32
21889.76,33831.62
21833.05,33806.59
21757.37,33756.95
21816.82,33803.95
21894.74,33844.41
21889.76,33828.4
21829.36,33805.36
21757.03,33763.92
21806.05,33803.53
21878.89,33838.37
21878.2,33825.54
21822.41,33806.66
21748.02,33758.93
21804.15,33803.48
21871.81,33834.46
21868.32,33820.38
21813.04,33800.35
21746.66,33759.54
21799.54,33799.61
21867.0,33830.26
21875.16,33825.74
21814.41,33800.71
21738.12,33750.13
21793.64,33793.64
21869.97,33832.34
21876.63,33827.84
21823.86,33809.4
21759.82,33770.38
21815.3,33812.58
21889.98,33851.74
21889.8,33843.27
21832.42,33817.65
21759.06,33767.36
21813.69,33807.35
21889.24,33850.62
21886.38,33840.11
21831.71,33819.98
21753.34,33769.11
21805.56,33809.32
21878.76,33842.62
21881.44,33832.11
21829.88,33814.23
21751.8,33765.93
21802.74,33804.31
21872.92,33837.57
21876.12,33828.0
21820.76,33806.95
21751.35,33768.21
21804.8,33809.27
21879.03,33848.95
21883.27,33837.05
21839.53,33823.33
21765.32,33774.6
21816.93,33812.78
21894.52,33853.53
21889.44,33835.93
21836.07,33815.04
21763.24,33770.73
21814.47,33806.77
21890.76,33844.07
21897.24,33836.34
21834.93,33810.34
21756.52,33761.35
21812.08,33804.96
21896.97,33855.83
21889.29,33834.82
21834.77,33809.88
21751.62,33756.96
21794.36,33787.19
21875.18,33830.1
21880.93,33824.98
21829.7,33807.75
21756.0,33765.15
21803.37,33802.79
21882.65,33845.99
21894.29,33844.54
21840.38,33824.27
21760.67,33771.2
21811.77,33807.44
21886.43,33846.73
21895.3,33844.79
21843.55,33829.61
21760.29,33778.52
21811.95,33818.01
21881.48,33851.22
21886.69,33837.32
21837.99,33817.2
21758.35,33768.55
21806.99,33801.85
21882.63,33838.59
21888.75,33830.01
21838.23,33814.19
21754.3,33764.48
21798.85,33799.61
21881.82,33845.3
21888.06,33834.75
21840.45,33818.81
21760.72,33771.2
21808.95,33809.43
21894.38,33857.66
21903.55,33847.89
21847.27,33825.14
21765.35,33776.26
21807.59,33805.31
21892.97,33854.84
21901.24,33845.79
21848.56,33822.39
21765.01,33773.13
21802.16,33806.9
21882.98,33853.19
21891.72,33846.73
21841.41,33828.07
21759.51,33776.17
21803.3,33810.97
21882.31,33856.28
21896.35,33854.6
21848.96,33836.94
21764.74,33786.92
21805.89,33820.67
21891.74,33866.09
21897.91,33854.27
21854.71,33844.72
21776.5,33795.28
21817.02,33822.84
21894.4,33863.88
21898.79,33852.83
21854.24,33842.13
21779.27,33799.5
21824.2,33837.25
21908.69,33884.98
21915.55,33871.25
21859.51,33845.26
21767.98,33789.91
21815.26,33828.29
21894.96,33870.8
21902.52,33858.82
21848.67,33839.6
21766.78,33794.81
21805.58,33825.41
21887.83,33872.17
21894.99,33862.36
21854.06,33850.29
21764.9,33792.98
21802.88,33821.05
21883.18,33865.06
21891.92,33855.65
21852.36,33846.33
21765.59,33794.23
21801.73,33820.11
21885.08,33868.1
21893.15,33861.46
21847.22,33851.0
21766.35,33805.2
21803.86,33835.76
21881.66,33877.35
21895.61,33868.14
21846.68,33847.38
21757.5,33795.43
21791.81,33820.11
21870.31,33863.18
21876.77,33852.77
21839.35,33845.59
21760.9,33797.91
21798.9,33822.3
21878.09,33862.91
21888.08,33852.79
21842.86,33837.39
21751.78,33781.71
21789.29,33811.01
21875.56,33860.23
21886.31,33855.7
21837.34,33835.2
21752.54,33784.97
21786.69,33812.78
21871.43,33863.29
21884.44,33854.09
21843.46,33842.15
21754.97,33788.8
21787.05,33814.46
21864.99,33859.63
21875.9,33848.43
21827.57,33827.91
21739.82,33775.63
21773.53,33801.2
21857.28,33850.73
21869.33,33839.11
21829.56,33825.05
21740.18,33772.46
21772.12,33796.39
21861.21,33848.41
21880.48,33844.12
21839.75,33829.68
21751.02,33779.45
21779.94,33802.48
21854.62,33840.63
21880.57,33839.54
21842.84,33825.03
21754.62,33775.34
21779.61,33794.7
21868.01,33851.63
21878.29,33841.41
21842.46,33836.25
21758.35,33789.71
21801.76,33823.08
21882.47,33865.89
21897.85,33858.11
21851.65,33838.75
21763.27,33785.22
21787.38,33798.18
21866.4,33842.42
21888.48,33841.46
21847.91,33830.1
21752.65,33773.33
21785.98,33799.14
21871.25,33849.04
21884.35,33838.62
21848.4,33828.61
21765.93,33783.16
21795.25,33807.88
21879.7,33858.38
21898.96,33850.4
21861.41,33835.87
21771.67,33782.89
21796.19,33802.65
21883.03,33855.49
21897.47,33843.4
21860.25,33834.15
21777.73,33787.93
21801.91,33810.28
21881.53,33858.87
21897.85,33854.98
21862.62,33843.07
21775.96,33790.88
21799.03,33806.18
21881.55,33854.87
21894.38,33846.04
21850.51,33827.98
21757.9,33768.07
21778.35,33784.57
21865.88,33841.01
21885.04,33834.86
21857.26,33835.13
21767.71,33783.86
21788.95,33795.48
21876.12,33848.32
21893.82,33842.2
21863.11,33836.58
21773.68,33783.83
21797.29,33804.09
21883.07,33857.57
21897.02,33842.57
21864.45,33834.75
21776.03,33782.34
21788.77,33787.16
21873.75,33841.77
21897.42,33838.71
21860.88,33827.22
21774.93,33778.98
21800.73,33800.48
21878.96,33847.2
21895.41,33837.7
21863.94,33835.15
21772.36,33786.05
21797.78,33812.02
21879.29,33860.79
21897.27,33851.07
21862.38,33838.77
21766.55,33781.55
21781.91,33794.92
21862.82,33845.12
21882.54,33838.17
21849.08,33829.52
21761.72,33780.28
21787.94,33800.51
21873.17,33854.2
21895.01,33855.0
21852.34,33839.76
21764.76,33789.96
21781.28,33804.4
21865.08,33854.42
21889.38,33849.28
21850.91,33836.36
21760.88,33785.27
21779.34,33796.35
21868.86,33850.91
21895.05,33851.52
21857.46,33842.37
21771.76,33794.29
21783.52,33801.2
21861.66,33846.2
21892.62,33845.66
21865.95,33838.57
21773.71,33784.23
21787.99,33797.82
21874.62,33852.36
21896.51,33843.38
21865.91,33834.06
21777.73,33790.27
21791.52,33800.93
21873.19,33851.18
21898.32,33850.13
21871.99,33844.18
21778.55,33790.11
21791.68,33800.91
21874.89,33854.62
21905.78,33858.11
21880.75,33851.71
21785.55,33795.08
21794.49,33801.2
21879.79,33853.23
21905.0,33851.7
21874.56,33847.6
21779.79,33792.8
21790.92,33805.61
21877.48,33859.5
21895.97,33848.23
21865.62,33838.17
21777.04,33787.57
21784.14,33793.96
21874.87,33853.5
21901.45,33850.73
21871.54,33839.69
21780.9,33785.73
21788.23,33787.97
21872.23,33841.66
21899.39,33839.63
21868.39,33829.92
21785.22,33786.96
21800.19,33801.78
21873.66,33847.43
21894.07,33839.11
21865.86,33833.63
21777.51,33784.73
21785.71,33791.7
21880.95,33851.92
21894.74,33833.16
21854.82,33817.76
21762.84,33769.21
21770.06,33777.02
21854.69,33830.3
21879.56,33828.71
21847.98,33817.56
21759.98,33768.88
21774.22,33786.18
21862.08,33844.86
21893.55,33846.15
21867.56,33843.89
21773.59,33794.38
21782.62,33797.02
21873.04,33853.88
21896.68,33848.77
21868.37,33844.99
21774.89,33793.02
21781.13,33795.14
21871.52,33850.44
21898.09,33847.45
21876.39,33849.32
21787.12,33802.23
21790.2,33804.93
21883.45,33868.79
21911.73,33869.02
21874.91,33852.45
21781.62,33800.73
21783.7,33804.02
21868.7,33858.11
21895.95,33851.78
21866.55,33842.69
21774.13,33789.67
21786.15,33797.36
21869.15,33854.93
21901.67,33857.73
21881.84,33856.36
21797.62,33816.15
21801.27,33825.41
21877.3,33877.38
21906.03,33879.5
21878.31,33870.29
21786.11,33818.97
21793.87,33827.93
21875.27,33880.64
21910.54,33881.46
21894.4,33878.05
21794.72,33816.8
21797.53,33820.04
21883.65,33878.45
21911.32,33874.83
21882.27,33862.49
21793.22,33816.87
21788.21,33813.92
21872.3,33870.51
21902.76,33869.3
21878.24,33864.25
21793.75,33822.41
21793.31,33825.7
21880.97,33886.88
21910.12,33882.88
21889.24,33877.06
21797.4,33829.21
21798.45,33834.19
21888.21,33896.17
21915.15,33889.6
21894.81,33885.96
21808.13,33839.15
21793.67,33828.27
21870.53,33878.18
21906.79,33878.18
21882.33,33868.46
21789.06,33818.21
21786.76,33814.03
21875.25,33872.12
21908.24,33874.09
21885.55,33868.39
21800.33,33826.88
21792.91,33820.25
21873.17,33868.28
21901.04,33862.76
21884.08,33862.64
21797.67,33820.22
21792.84,33820.56
21879.43,33881.51
21916.04,33888.51
21884.37,33875.63
21797.4,33830.79
21788.79,33825.3
21870.18,33878.74
21899.59,33874.52
21877.39,33867.65
21790.51,33819.69
21783.52,33814.77
21867.11,33872.14
21900.26,33872.01
21878.71,33861.75
21785.69,33808.96
21775.83,33803.55
21859.85,33859.07
21888.28,33856.05
21867.87,33846.44
21786.89,33808.98
21778.38,33805.43
21859.2,33857.93
21901.27,33864.88
21873.26,33853.3
21780.46,33802.39
21784.3,33807.3
21871.7,33867.54
21910.39,33870.29
21886.76,33865.13
21799.9,33821.5
21786.2,33811.28
21871.52,33869.8
21908.89,33873.53
21889.91,33865.8
21796.66,33815.8
21786.11,33809.11
21869.46,33864.21
21909.25,33869.84
21880.03,33852.54
21789.42,33803.41
21778.49,33800.89
21864.95,33862.94
21899.66,33864.88
21873.66,33851.98
21785.15,33810.88
21777.42,33810.66
21867.27,33873.09
21908.35,33876.3
21888.93,33869.33
21797.22,33820.65
21783.05,33816.73
21865.44,33873.2
21914.16,33884.42
21893.85,33877.09
21805.65,33835.0
21796.06,33832.29
21883.41,33892.2
21916.53,33888.04
21891.92,33874.47
21796.39,33820.94
21782.42,33812.8
21869.59,33872.21
21920.13,33884.75
21899.03,33874.31
21803.08,33823.78
21786.45,33817.38
21868.16,33870.04
21912.13,33878.25
21896.3,33875.16
21810.41,33829.81
21790.78,33815.68
21876.81,33878.83
21916.44,33881.18
21898.25,33872.04
21818.88,33833.81
21805.78,33830.68
21888.04,33883.37
21927.48,33887.3
21902.61,33876.39
21814.83,33834.35
21796.77,33822.88
21882.8,33880.91
21927.31,33890.29
21901.42,33879.05
21804.64,33828.94
21784.28,33816.47
21871.03,33874.58
21906.29,33875.48
21882.27,33863.65
21792.48,33815.71
21768.65,33799.99
21859.38,33866.82
21907.86,33874.4
21896.3,33871.07
21805.91,33828.31
21780.28,33812.29
21864.72,33875.21
21909.0,33885.71
21886.58,33876.08
21802.03,33835.73
21790.18,33830.64
21861.48,33874.65
21908.93,33887.08
21894.0,33878.27
21812.71,33835.78
21785.75,33818.03
21867.76,33876.21
21910.03,33880.62
21886.69,33870.22
21809.4,33835.91
21791.5,33827.53
21880.44,33894.09
21921.27,33896.06
21889.15,33874.22
21800.77,33830.48
21772.81,33813.02
21857.99,33872.37
21907.97,33882.43
21887.97,33871.63
21801.38,33826.37
21777.06,33810.34
21852.58,33858.58
21899.19,33866.56
21889.17,33865.08
21811.14,33826.66
21788.37,33812.62
21876.81,33877.53
21926.23,33891.23
21905.0,33881.93
21827.17,33844.74
21793.62,33824.02
21867.72,33877.69
21909.2,33880.01
21896.91,33874.18
21810.96,33831.06
21784.03,33812.78
21866.73,33869.51
21921.27,33884.44
21903.48,33873.53
21819.21,33833.52
21783.5,33806.07
21864.39,33862.07
21903.44,33862.8
21887.14,33852.07
21812.87,33822.12
21781.17,33803.61
21862.71,33863.03
21914.79,33879.84
21897.22,33871.14
21822.52,33836.16
21801.71,33827.6
21875.34,33882.41
21923.17,33893.6
21911.79,33887.5
21828.56,33845.68
21786.65,33812.73
21870.87,33866.94
21923.22,33878.47
21906.32,33865.11
21824.89,33823.71
21786.69,33802.16
21858.87,33853.28
21911.26,33865.15
21894.61,33856.07
21818.72,33821.45
21786.76,33803.95
21871.67,33864.57
21929.18,33881.06
21914.43,33875.03
21837.72,33840.18
21809.07,33823.2
21889.4,33879.79
21934.79,33886.16
21915.86,33874.0
21834.44,33834.86
21794.31,33805.63
21873.44,33865.57
21922.75,33875.41
21907.59,33865.26
21831.04,33831.8
21793.75,33808.22
21869.53,33865.2
21924.54,33883.84
21908.29,33872.93
21832.76,33836.92
21797.26,33812.98
21877.22,33869.44
21928.71,33879.52
21913.29,33869.78
21836.33,33834.93
21793.82,33801.63
21872.03,33858.55
21920.38,33870.07
21912.82,33869.6
21835.98,33836.25
21791.36,33806.21
21863.54,33862.73
21908.69,33871.79
21898.07,33865.08
21820.31,33824.85
21784.54,33800.06
21866.17,33859.16
21918.66,33873.51
21905.71,33866.04
21828.06,33830.3
21783.9,33799.21
21863.69,33855.11
21914.86,33868.84
21899.37,33859.81
21825.07,33828.36
21784.43,33803.53
21866.17,33865.04
21921.85,33879.88
21908.38,33865.8
21835.69,33830.06
21789.96,33797.38
21868.83,33850.96
21926.84,33869.29
21921.79,33862.73
21842.26,33827.53
21792.35,33796.93
21860.99,33847.54
21919.33,33868.9
21908.06,33862.24
21835.37,33828.27
21789.33,33799.43
21862.6,33856.5
21916.42,33870.45
21907.62,33863.36
21836.92,33830.68
21786.38,33795.57
21857.68,33848.05
21918.54,33870.74
21909.0,33861.53
21846.42,33839.55
21801.31,33809.98
21872.12,33862.78
21922.77,33875.05
21903.61,33859.29
21824.09,33818.1
21779.79,33790.05
21854.06,33846.87
21915.01,33869.57
21899.14,33858.15
21835.98,33837.25
21786.22,33806.25
21856.32,33860.23
21924.22,33888.37
21918.3,33881.64
21841.12,33843.4
21786.71,33807.14
21860.77,33862.02
21923.75,33885.55
21915.66,33878.07
21844.05,33845.64
21792.93,33809.02
21868.52,33863.47
21927.4,33887.34
21917.94,33878.38
21841.48,33839.0
21794.67,33806.86
21862.82,33856.45
21924.58,33880.95
21915.64,33875.48
21839.13,33840.99
21788.55,33808.64
21864.65,33867.83
21925.59,33888.55
21919.77,33882.14
21849.01,33853.41
21805.06,33826.21
21876.34,33876.13
21938.44,33897.27
21931.93,33889.85
21858.8,33858.55
21803.03,33822.75
21876.08,33876.62
21935.08,33897.96
21922.19,33886.0
21856.9,33860.54
21802.36,33826.61
21869.82,33873.09
21933.01,33896.75
21922.86,33887.9
21848.23,33853.59
21794.72,33819.3
21861.41,33868.34
21925.47,33896.29
21926.41,33895.48
21858.31,33868.66
21801.58,33831.82
21871.47,33884.37
21936.43,33907.82
21925.12,33897.16
21861.08,33869.11
21807.77,33837.03
21876.08,33890.41
21934.28,33908.31
21924.8,33897.38
21858.55,33869.91
21802.52,33831.27
21870.89,33881.62
21930.03,33900.13
21923.57,33886.07
21853.32,33852.45
21796.44,33816.31
21863.63,33866.56
21925.16,33887.52
21921.43,33880.13
21851.51,33850.06
21792.71,33812.49
21856.61,33863.45
21920.04,33886.2
21917.7,33877.13
21851.94,33847.58
21799.03,33815.64
21864.99,33864.12
21928.2,33890.59
21920.0,33881.45
21855.6,33860.19
21793.53,33820.36
21861.97,33873.62
21927.87,33901.65
21927.2,33898.61
21860.01,33869.35
21790.92,33823.39
21853.72,33870.04
21918.7,33894.27
21915.06,33887.97
21845.5,33859.85
21778.15,33816.22
21849.9,33871.96
21912.91,33894.14
21901.91,33880.37
21840.74,33855.88
21780.03,33815.8
21847.98,33866.69
21916.38,33892.46
21918.34,33885.38
21857.44,33863.0
21798.45,33826.77
21861.7,33871.79
21924.8,33898.34
21919.55,33891.48
21849.28,33857.48
21788.17,33817.09
21852.21,33863.63
21912.29,33884.8
21907.55,33872.57
21843.98,33848.21
21781.64,33811.04
21837.61,33857.37
21911.53,33891.14
21919.19,33889.0
21861.79,33866.65
21803.28,33831.27
21869.55,33884.42
21938.08,33915.48
21927.8,33899.35
21859.25,33867.72
21799.63,33833.52
21857.64,33881.36
21926.99,33915.11
21917.63,33898.36
21850.08,33869.78
21787.23,33830.95
21851.0,33877.27
21925.21,33913.29
21925.16,33905.65
21868.74,33881.38
21807.03,33842.84
21863.74,33886.94
21928.25,33911.57
21928.07,33905.11
21863.34,33878.85
21797.93,33837.23
21852.61,33875.7
21918.3,33900.11
21921.56,33892.87
21856.61,33859.56
21781.46,33812.89
21854.87,33871.61
21930.48,33906.46
21928.2,33899.68
21868.46,33878.34
21796.71,33833.59
21857.05,33880.75
21928.36,33910.57
21921.49,33893.22
21858.13,33867.54
21795.34,33827.98
21858.31,33875.21
21928.94,33906.01
21920.15,33887.16
21854.93,33858.78
21785.28,33814.9
21851.71,33866.87
21928.11,33903.19
21927.51,33892.55
21879.52,33879.95
21817.89,33842.13
21874.0,33879.75
21948.92,33914.82
21947.6,33906.68
21885.24,33882.92
21810.61,33832.14
21862.22,33870.49
21931.89,33902.77
21927.48,33888.57
21867.07,33861.28
21799.77,33816.0
21857.08,33859.45
21931.66,33892.93
21930.05,33883.1
21874.0,33865.44
21793.49,33813.96
21853.59,33859.27
21932.71,33897.85
21939.46,33893.27
21885.69,33870.74
21811.79,33822.75
21873.95,33873.31
21945.46,33903.97
21948.14,33895.26
21894.56,33879.57
21827.46,33839.85
21879.7,33884.59
21949.28,33919.02
21949.99,33907.71
21883.9,33878.18
21808.57,33832.4
21864.05,33876.14
21945.99,33918.7
21949.59,33908.96
21890.94,33885.33
21819.75,33843.07
21867.18,33878.83
21940.76,33915.89
21940.27,33903.19
21877.69,33876.66
21804.89,33834.15
21858.57,33874.83
21926.75,33901.54
21925.88,33889.89
21872.25,33874.05
21799.21,33829.66
21854.39,33873.73
21932.89,33912.89
21938.44,33907.44
21883.99,33889.89
21816.11,33851.67
21866.58,33887.5
21942.8,33923.64
21943.87,33910.86
21889.8,33891.28
21818.74,33848.5
21871.65,33885.98
21942.28,33919.64
21945.9,33913.99
21893.4,33895.73
21817.04,33851.11
21867.87,33890.07
21939.87,33923.93
21941.01,33913.47
21882.22,33889.67
21815.99,33852.68
21861.28,33887.39
21933.03,33923.18
21936.56,33911.91
21884.12,33891.52
21810.94,33847.09
21869.86,33893.13
21948.09,33933.12
21954.71,33925.57
21897.98,33905.54
21821.34,33858.15
21869.75,33894.59
21946.82,33934.77
21951.29,33926.73
21890.38,33898.9
21821.34,33857.91
21868.12,33891.05
21939.62,33924.49
21935.96,33909.85
21886.6,33890.7
21803.32,33833.63
21853.61,33876.28
21930.82,33917.39
21941.75,33907.71
21889.53,33886.23
21807.77,33830.57
21859.25,33866.16
21938.21,33903.26
21940.9,33892.08
21883.23,33871.23
21806.05,33822.75
21854.1,33858.29
21936.27,33904.67
21939.18,33893.83
21896.42,33881.96
21824.09,33837.61
21881.8,33881.29
21959.25,33924.27
21951.11,33903.28
21898.65,33884.44
21822.03,33836.83
21868.12,33870.4
21943.91,33906.12
21951.6,33895.26
21905.51,33881.58
21820.71,33829.54
21865.84,33867.7
21944.96,33910.25
21952.5,33902.03
21907.68,33886.27
21822.3,33831.69
21869.19,33868.68
21943.0,33909.38
21945.32,33897.02
21903.1,33884.71
21831.44,33844.32
21880.55,33885.49
21958.51,33926.84
21967.18,33920.09
21918.32,33901.18
21833.38,33848.95
21882.11,33887.41
21961.73,33929.63
21965.53,33918.64
21920.15,33906.54
21837.41,33855.63
21876.26,33882.63
21952.94,33919.35
21965.93,33909.94
21918.52,33893.45
21829.05,33838.02
21878.89,33879.3
21952.38,33916.74
21967.76,33912.38
21924.96,33895.84
21840.38,33844.61
21878.71,33873.6
21956.95,33913.36
21966.36,33905.16
21921.67,33890.18
21828.38,33834.32
21873.71,33873.71
21958.82,33918.82
21967.16,33907.8
21922.81,33893.6
21842.68,33847.49
21886.34,33878.94
21966.71,33925.03
21980.39,33920.47
21940.09,33904.42
21858.42,33854.84
21895.39,33884.93
21971.16,33925.05
21982.18,33916.6
21934.84,33901.4
21845.12,33847.29
21885.89,33879.36
21968.21,33930.3
21973.75,33918.37
21928.31,33900.8
21843.22,33848.96
21879.32,33878.4
21954.58,33920.27
21952.94,33905.07
21915.24,33899.01
21836.4,33851.85
21880.93,33888.8
21964.86,33939.38
21973.33,33927.4
21930.21,33910.99
21851.89,33867.27
21887.12,33895.32
21965.19,33937.75
21974.54,33927.0
21927.15,33909.52
21845.57,33863.14
21884.35,33889.8
21964.28,33932.14
21972.9,33916.27
21934.12,33905.92
21844.11,33848.92
21881.82,33879.92
21957.59,33924.87
21967.45,33913.61
21927.28,33899.7
21845.5,33852.59
21878.51,33880.64
21953.48,33922.86
21962.06,33911.28
21921.92,33901.29
21842.01,33856.88
21879.0,33885.11
21960.61,33932.59
21968.81,33924.11
21929.47,33912.2
21845.5,33862.58
21874.67,33887.08
21960.68,33937.9
21969.84,33925.88
21931.55,33917.79
21841.77,33866.42
21865.57,33885.85
21947.42,33930.98
21963.65,33923.58
21925.45,33913.25
21834.79,33860.39
21863.87,33885.55
21946.55,33930.42
21968.5,33929.7
21925.85,33914.28
21830.23,33860.28
21857.48,33881.62
21938.97,33930.1
21952.61,33920.71
21914.34,33910.37
21827.37,33857.93
21853.66,33876.59
21938.88,33927.11
21956.21,33923.0
21922.95,33917.07
21844.58,33873.57
21880.64,33900.02
21962.42,33942.87
21984.79,33939.69
21943.67,33922.86
21849.08,33863.76
21872.03,33880.46
21957.3,33927.2
21970.83,33918.37
21935.58,33908.85
21839.55,33851.65
21866.6,33875.86
21954.17,33928.25
21978.22,33928.16
21931.15,33909.18
21837.27,33855.49
21866.8,33880.37
21941.61,33925.43
21956.7,33918.46
21923.44,33915.82
21834.57,33867.0
21862.44,33888.06
21946.98,33935.85
21962.8,33925.05
21934.68,33924.49
21843.98,33871.65
21866.67,33891.23
21959.09,33948.81
21981.8,33941.88
21943.51,33924.94
21851.02,33871.63
21871.45,33886.52
21949.23,33931.46
21966.06,33928.34
21926.79,33912.6
21836.18,33860.68
21856.83,33875.61
21940.47,33926.71
21959.36,33918.01
21921.76,33901.96
21831.75,33853.14
21848.47,33870.58
21932.02,33923.75
21959.04,33924.31
21922.48,33915.73
21835.64,33869.95
21860.23,33886.63
21944.74,33933.55
21971.23,33934.93
21943.89,33932.54
21847.0,33874.56
21864.41,33887.77
21946.95,33938.48
21972.48,33935.31
21943.73,33928.34
21854.55,33881.06
21871.25,33896.08
21953.12,33946.0
21965.17,33930.46
21925.18,33915.04
21830.7,33863.23
21844.98,33875.59
21931.71,33929.21
21950.84,33919.6
21921.94,33912.13
21837.65,33866.87
21851.36,33880.77
21937.63,33934.3
21963.23,33929.93
21931.06,33917.34
21844.22,33872.75
21862.06,33891.28
21947.8,33945.5
21969.82,33940.92
21939.09,33933.81
21849.25,33883.79
21859.63,33889.8
21944.74,33940.41
21961.79,33931.27
21934.44,33929.19
21851.24,33889.38
21866.71,33905.49
21952.09,33956.46
21971.79,33946.73
21937.97,33929.77
21844.05,33873.51
21855.11,33884.3
21933.05,33927.29
21958.67,33924.98
21931.29,33922.14
21837.7,33871.23
21842.71,33877.73
21929.74,33933.99
21959.54,33936.27
21933.77,33931.06
21845.32,33882.85
21862.44,33896.24
21949.23,33949.86
21972.79,33943.43
21946.55,33940.88
21851.96,33887.12
21864.43,33897.05
21951.69,33948.41
21966.62,33935.02
21942.84,33931.2
21857.05,33886.72
21866.73,33895.97
21950.15,33947.56
21970.85,33937.97
21942.46,33928.2
21852.88,33878.38
21862.15,33889.29
21943.4,33939.34
21972.17,33939.96
21943.94,33934.04
21851.2,33882.36
21859.54,33889.38
21945.97,33943.2
21971.79,33940.07
21938.59,33931.2
21844.54,33875.43
21856.07,33888.06
21940.67,33944.34
21970.24,33943.07
21942.95,33933.99
21850.64,33878.34
21866.02,33890.21
21959.04,33951.92
21982.63,33945.53
21952.52,33933.5
21860.29,33879.48
21861.46,33883.59
21947.56,33942.84
21973.6,33938.15
21961.88,33944.16
21874.94,33896.11
21873.19,33894.99
21961.37,33951.81
21988.84,33950.78
21952.5,33934.66
21860.03,33881.27
21865.3,33886.23
21943.29,33938.24
21976.57,33939.18
21962.24,33940.9
21880.01,33896.73
21880.37,33899.06
21960.63,33947.0
21990.63,33944.5
21951.96,33926.44
21854.93,33872.91
21857.64,33880.73
21949.21,33942.64
21985.02,33948.68
21959.87,33940.77
21873.15,33893.47
21875.0,33897.56
21959.2,33952.93
21976.08,33940.39
21952.7,33937.26
21866.02,33894.5
21868.12,33897.07
21956.3,33952.43
21985.8,33950.0
21957.53,33940.52
21867.18,33892.2
21865.84,33897.22
21940.94,33943.34
21977.44,33944.12
21958.55,33942.87
21872.97,33899.5
21877.26,33905.83
21957.71,33955.85
21984.24,33947.92
21966.82,33947.29
21878.2,33898.5
21882.42,33902.36
21956.74,33943.94
21992.19,33947.54
21972.59,33944.92
21881.08,33894.92
21874.09,33885.91
21962.06,33945.32
21989.38,33943.65
21962.51,33934.53
21872.75,33889.0
21874.78,33890.18
21958.0,33946.51
21985.15,33943.27
21958.93,33932.81
21871.05,33886.76
21874.45,33892.24
21961.91,33954.54
21992.91,33955.5
21971.74,33949.46
21882.98,33903.35
21872.43,33898.72
21958.13,33959.47
21984.97,33953.26
21959.38,33942.98
21875.79,33903.01
21868.57,33899.23
21953.46,33954.45
21987.21,33951.36
21959.07,33939.56
21874.53,33899.66
21872.7,33903.32
21958.0,33961.22
21992.22,33961.78
21965.97,33946.66
21875.49,33896.38
21866.96,33895.97
21948.14,33947.92
21984.82,33948.59
21961.84,33941.88
21873.48,33895.75
21859.87,33886.68
21945.86,33946.4
21985.67,33953.77
21957.5,33939.94
21865.06,33890.65
21857.57,33889.96
21942.82,33943.94
21983.59,33947.34
21961.46,33939.25
21873.44,33894.05
21864.01,33886.18
21948.43,33944.5
21989.98,33950.93
21966.06,33941.32
21877.98,33896.17
21862.75,33888.66
21939.89,33942.26
21980.3,33952.39
21961.06,33946.62
21875.14,33902.77
21862.44,33892.82
21946.93,33948.66
21986.9,33950.58
21964.92,33937.57
21871.09,33886.72
21852.21,33881.13
21938.19,33941.17
21987.28,33951.88
21973.02,33950.42
21890.25,33909.14
21873.66,33897.83
21960.12,33958.67
21996.93,33961.55
21971.27,33951.02
21878.27,33903.86
21870.35,33898.68
21962.09,33962.09
21996.48,33960.59
21972.61,33946.69
21887.19,33902.03
21864.1,33890.86
21944.52,33946.87
21988.71,33951.94
21973.66,33945.17
21876.52,33889.33
21853.32,33877.24
21936.25,33935.58
21982.0,33946.15
21960.99,33940.83
21874.04,33899.97
21858.73,33892.8
21935.31,33942.42
21979.52,33950.58
21963.34,33949.8
21884.06,33916.4
21865.53,33908.64
21948.18,33964.55
21989.51,33967.12
21966.96,33955.83
21874.98,33908.02
21853.17,33899.19
21933.61,33955.92
21983.45,33966.89
21964.52,33957.64
21872.79,33906.43
21852.03,33891.41
21942.21,33953.44
21982.65,33955.74
21968.01,33949.1
21888.37,33910.79
21859.4,33893.38
21940.09,33950.24
21984.3,33954.55
21971.88,33956.93
21892.17,33920.54
21867.74,33904.71
21955.8,33970.38
22006.99,33979.77
21986.74,33969.82
21906.07,33933.21
21879.61,33920.13
21967.92,33980.04
22020.56,33991.93
22002.56,33983.95
21913.83,33938.73
21887.16,33920.02
21969.06,33975.59
22013.7,33984.51
21997.13,33978.59
21906.32,33934.15
21877.75,33917.68
21965.57,33981.51
22020.29,33999.8
22002.81,33993.05
21917.63,33952.66
21887.56,33932.67
21970.04,33991.88
22012.85,33997.32
21993.29,33986.65
21913.58,33951.02
21886.11,33935.0
21967.25,33992.75
22018.41,34003.82
22001.76,33992.04
21915.66,33944.66
21892.77,33929.79
21971.25,33985.8
22020.36,33995.57
22001.4,33984.84
21913.61,33943.0
21883.05,33925.3
21965.6,33982.83
22010.79,33988.93
21991.52,33975.86
21918.32,33942.08
21891.07,33925.34
21967.56,33974.49
22020.58,33988.69
21997.27,33973.84
21917.99,33939.09
21890.02,33924.36
21972.41,33986.92
22020.96,33994.52
22003.48,33983.17
21917.9,33939.63
21892.35,33924.16
21972.32,33978.32
22025.25,33993.96
22013.25,33989.92
21928.8,33946.49
21891.23,33921.66
21973.96,33981.09
22021.77,33989.38
22011.3,33981.6
21931.84,33944.36
21891.25,33913.83
21970.22,33971.48
22012.36,33979.01
21992.69,33965.44
21912.24,33925.57
21881.15,33909.81
21955.47,33966.02
22006.03,33978.85
21990.96,33967.01
21910.81,33927.24
21881.15,33911.6
21959.72,33968.35
22009.94,33977.82
21997.87,33974.34
21918.1,33935.87
21886.47,33918.75
21968.66,33977.42
22022.3,33988.66
22008.11,33982.45
21918.97,33935.6
21879.41,33908.73
21968.79,33975.19
22019.55,33986.03
22002.59,33976.55
21921.09,33939.8
21883.12,33917.34
21960.95,33975.3
22012.06,33987.5
22000.62,33976.98
21921.27,33940.45
21877.08,33910.61
21957.53,33970.45
22007.71,33984.17
22000.8,33981.96
21926.99,33947.85
21889.15,33922.44
21969.48,33981.0
22029.99,33998.79
22011.8,33984.33
21933.61,33945.62
21888.84,33917.95
21964.14,33974.61
22025.34,33998.66
22014.01,33996.6
21934.73,33955.85
21895.57,33928.18
21975.94,33987.91
22028.34,33999.75
22017.0,33991.28
21937.34,33954.18
21890.58,33926.95
21963.74,33980.91
22016.87,33992.4
22011.06,33989.92
21936.61,33956.72
21897.24,33931.91
21983.68,33998.72
22040.63,34019.18
22027.93,34008.47
21953.17,33971.48
21896.82,33934.33
21967.29,33986.65
22025.54,34003.02
22009.54,33986.79
21934.15,33951.83
21892.48,33926.8
21965.86,33979.72
22019.87,33993.16
22007.46,33983.99
21934.75,33954.82
