84676.59,66970.77
84701.46,66996.24
84605.84,66850.09
84587.0,66829.32
84666.08,66941.88
84703.34,66991.82
84725.18,67012.18
84624.95,66857.91
84598.29,66832.25
84673.14,66945.15
84707.43,66992.87
84731.66,67019.49
84638.79,66876.93
84608.37,66845.51
84689.46,66963.63
84718.61,67012.56
84735.1,67030.78
84635.62,66881.11
84602.98,66849.28
84686.38,66963.3
84735.1,67019.02
84767.73,67053.29
84665.79,66907.69
84619.14,66859.27
84695.18,66968.82
84743.53,67026.62
84765.44,67049.45
84666.91,66905.77
84630.12,66865.6
84714.18,66982.97
84757.59,67038.63
84777.8,67062.43
84676.81,66920.16
84643.13,66886.59
84714.38,66987.3
84762.23,67041.35
84785.55,67063.59
84681.84,66913.05
84641.45,66872.1
84717.27,66982.34
84757.79,67029.55
84787.36,67058.83
84692.34,66921.99
84642.74,66877.73
84718.9,66983.13
84774.6,67044.19
84802.8,67070.54
84710.98,66934.11
84668.09,66893.09
84742.91,67001.95
84777.68,67047.43
84800.02,67071.13
84706.16,66937.82
84670.53,66901.12
84753.92,67009.39
84795.19,67057.98
84828.47,67092.52
84746.1,66968.66
84700.73,66927.38
84762.8,67024.2
84790.58,67063.7
84816.06,67081.74
84724.15,66952.84
84659.15,66893.85
84737.45,66999.53
84776.77,67042.06
84798.89,67061.04
84697.71,66926.71
84643.53,66879.75
84720.1,66984.96
84760.98,67032.7
84786.63,67057.06
84704.7,66936.81
84663.78,66896.55
84732.63,66994.52
84767.85,67038.4
84799.41,67064.22
84703.97,66934.13
84662.26,66893.72
84741.45,66995.41
84785.73,67042.29
84813.09,67066.98
84728.62,66950.49
84687.38,66911.94
84756.96,67010.33
84797.15,67058.0
84825.65,67088.49
84743.04,66965.24
84683.11,66910.91
84750.19,67008.36
84783.02,67045.95
84813.55,67071.7
84732.42,66953.3
84680.32,66904.42
84745.77,66999.69
84802.34,67060.06
84833.98,67090.01
84737.63,66965.02
84678.82,66907.28
84752.52,67007.94
84805.11,67064.66
84833.25,67091.24
84749.85,66972.73
84690.69,66914.28
84753.07,67009.09
84796.52,67058.88
84833.14,67090.52
84761.66,66979.17
84699.79,66915.73
84757.03,67003.89
84803.37,67055.32
84834.59,67087.33
84745.41,66965.4
84685.93,66902.1
84749.79,66993.36
84785.44,67042.24
84810.63,67066.01
84723.62,66939.23
84675.4,66887.17
84738.79,66981.42
84771.94,67022.02
84809.49,67061.4
84732.48,66946.45
84671.71,66878.81
84748.4,66980.76
84785.7,67028.5
84811.86,67060.66
84738.68,66948.01
84691.45,66889.13
84761.74,66991.06
84792.59,67036.97
84819.91,67073.45
84755.24,66965.89
84705.42,66905.36
84770.93,67000.72
84802.91,67041.06
84823.17,67071.32
84745.36,66956.41
84681.26,66877.24
84756.02,66980.62
84796.37,67032.92
84813.49,67059.52
84739.8,66945.28
84681.77,66872.08
84747.44,66973.02
84782.22,67024.25
84799.66,67046.31
84735.1,66936.9
84678.71,66863.81
84739.73,66957.58
84793.02,67024.68
84815.68,67057.31
84742.14,66944.86
84683.07,66866.8
84751.17,66967.75
84793.71,67026.3
84821.29,67060.48
84748.16,66947.0
84691.27,66871.48
84766.4,66978.72
84811.26,67038.89
84828.98,67070.79
84755.2,66958.02
84698.65,66880.46
84763.67,66978.16
84798.23,67028.59
84819.52,67062.14
84766.28,66964.28
84712.55,66886.72
84781.48,66986.41
84824.04,67044.77
84850.86,67089.79
84787.12,66986.63
84714.05,66887.1
84776.74,66985.72
84832.38,67058.16
84861.57,67101.79
84788.77,66986.95
84719.05,66887.77
84781.41,66984.8
84836.36,67057.0
84865.16,67097.01
84799.21,66990.77
84728.2,66894.52
84784.99,66988.78
84832.16,67055.03
84869.21,67101.03
84808.7,66998.28
84723.86,66890.72
84777.39,66981.67
84829.7,67049.11
84857.32,67086.26
84788.97,66974.83
84721.58,66878.09
84805.71,66989.61
84860.59,67067.77
84876.19,67100.02
84808.04,66987.86
84737.72,66889.41
84793.87,66979.59
84850.73,67059.23
84886.36,67108.16
84835.33,67010.84
84775.49,66915.71
84836.13,67015.94
84865.66,67070.63
84881.82,67101.63
84833.2,67011.31
84763.73,66910.28
84820.28,67002.75
84866.64,67071.77
84899.9,67115.16
84842.08,67018.59
84764.48,66915.78
84823.23,67010.59
84872.23,67076.51
84906.83,67120.48
84846.52,67020.05
84776.86,66925.28
84840.98,67021.13
84887.32,67086.19
84910.79,67119.34
84855.91,67027.58
84780.61,66926.26
84830.74,67010.73
84883.85,67084.24
84921.8,67130.76
84862.62,67033.3
84781.7,66930.53
84838.23,67020.88
84888.86,67089.97
84921.74,67136.03
84871.94,67047.56
84794.38,66942.94
84860.88,67041.33
84914.45,67111.27
84941.25,67148.82
84894.07,67064.82
84813.09,66957.45
84860.72,67040.16
84898.34,67099.47
84935.53,67140.68
84876.9,67046.91
84788.73,66936.56
84838.19,67018.2
84888.7,67078.92
84923.3,67120.21
84864.66,67029.28
84773.68,66918.28
84833.88,67011.73
84902.18,67089.67
84934.32,67125.17
84880.16,67040.03
84805.4,66946.16
84869.33,67037.98
84919.02,67104.2
84944.49,67139.63
84891.54,67057.0
84797.6,66941.75
84846.73,67014.64
84910.32,67088.8
84953.52,67136.32
84906.7,67060.48
84810.31,66944.01
84854.57,67019.2
84913.47,67090.34
84950.06,67127.61
84920.0,67067.26
84832.22,66962.56
84887.92,67046.6
84944.85,67117.39
84978.94,67154.34
84937.16,67081.78
84838.3,66962.45
84883.41,67037.77
84929.25,67095.22
84969.66,67138.47
84930.68,67068.89
84830.3,66952.16
84877.15,67027.83
84939.62,67101.08
84984.8,67150.23
84939.84,67077.2
84836.67,66957.06
84892.57,67037.59
84950.62,67104.61
84988.15,67147.77
84943.24,67076.09
84844.8,66959.88
84898.65,67045.73
84951.83,67111.76
84984.88,67149.63
84938.21,67072.09
84839.91,66953.4
84904.33,67044.55
84957.62,67108.77
84997.6,67156.28
84945.81,67080.65
84838.08,66953.44
84884.52,67027.91
84950.73,67102.3
84986.36,67139.43
84946.21,67074.77
84843.27,66951.54
84887.03,67022.22
84953.21,67096.42
84993.71,67141.82
84958.71,67079.59
84847.33,66946.89
84900.55,67026.3
84968.92,67111.65
85013.88,67163.28
84974.09,67096.78
84855.51,66954.96
84898.13,67024.12
84970.89,67110.87
85018.08,67165.38
84975.3,67094.52
84869.08,66967.57
84926.27,67053.06
84987.95,67128.19
85018.84,67168.6
84997.78,67118.73
84904.75,66994.88
84940.85,67060.17
84997.16,67133.44
85031.76,67176.02
85006.32,67122.94
84911.19,66996.36
84961.39,67073.13
85030.86,67163.55
85046.13,67192.8
85004.84,67125.84
84906.77,66994.5
84954.17,67070.61
85007.81,67143.16
85045.48,67191.09
85020.76,67139.52
84919.95,67004.94
84955.8,67068.06
85011.13,67144.13
85051.83,67193.32
85022.77,67138.34
84924.4,67004.18
84961.3,67068.71
85025.63,67156.98
85048.01,67188.73
85025.43,67139.92
84937.01,67013.92
84961.5,67069.49
85008.22,67139.32
85044.56,67185.25
85021.34,67136.34
84918.07,66995.53
84948.23,67051.37
85014.37,67138.63
85054.91,67187.58
85024.13,67133.41
84927.3,66994.52
84953.1,67046.73
85007.99,67126.33
85032.45,67165.6
85001.09,67111.6
84900.39,66970.74
84947.22,67044.14
85020.11,67133.69
85057.55,67180.2
85027.51,67128.92
84928.27,66989.65
84959.34,67043.36
85022.01,67129.3
85052.72,67174.68
85029.16,67129.06
84926.81,66985.2
84969.26,67047.97
85035.22,67137.28
85072.93,67183.89
85047.18,67134.31
84938.73,66988.53
84974.13,67050.56
85050.2,67146.65
85075.5,67186.34
85044.56,67135.72
84956.25,67004.18
84985.33,67055.88
85043.6,67139.54
85079.74,67187.51
85070.47,67157.05
84975.43,67021.99
85001.98,67070.34
85065.28,67154.98
85101.47,67201.59
85081.42,67159.79
84982.56,67023.05
85009.98,67074.27
85069.53,67158.09
85102.01,67204.72
85079.72,67161.83
84991.57,67031.31
85026.05,67089.9
85078.83,67169.11
85106.48,67206.33
85085.69,67170.08
84993.47,67036.84
85019.39,67088.31
85076.33,67168.95
85110.32,67209.52
85101.8,67181.02
85002.3,67041.91
85024.83,67086.28
85079.86,67165.0
85105.41,67196.92
85094.34,67166.45
84993.42,67022.64
85018.01,67069.0
85085.53,67159.59
85121.19,67206.35
85093.7,67163.81
84992.17,67020.56
85024.34,67073.56
85088.8,67161.29
85114.63,67194.37
85100.09,67164.04
84993.91,67018.84
85007.52,67053.91
85086.96,67153.87
85132.56,67206.55
85121.41,67176.87
85015.33,67035.85
85029.41,67075.3
85082.05,67157.31
85116.29,67197.26
85121.36,67183.71
85027.95,67051.19
85043.87,67085.79
85109.96,67175.46
85148.92,67220.66
85139.73,67197.16
85033.27,67052.75
85044.27,67086.55
85100.82,67171.64
85132.59,67213.13
85128.94,67192.98
85028.65,67052.15
85040.45,67085.3
85103.62,67169.76
85140.72,67213.3
85128.16,67183.89
85024.47,67044.73
85041.16,67082.77
85096.02,67160.42
85124.02,67198.88
85122.48,67176.18
85026.3,67038.04
85041.34,67075.59
85111.33,67171.15
85149.37,67219.49
85144.88,67201.21
85038.8,67056.39
85050.46,67087.53
85121.68,67182.03
85153.41,67219.43
85144.36,67195.8
85033.95,67047.3
85052.43,67081.07
85126.95,67179.46
85162.96,67226.09
85165.48,67213.48
85061.26,67068.59
85069.3,67096.29
85142.02,67192.54
85169.6,67228.34
85160.88,67207.23
85050.13,67060.06
85059.85,67089.85
85133.34,67189.52
85164.63,67229.28
85156.34,67202.98
85063.16,67066.79
85071.2,67095.73
85125.63,67178.19
85164.52,67222.66
85163.56,67205.75
85063.72,67061.89
85075.3,67092.29
85152.61,67195.89
85175.61,67229.64
85174.6,67218.73
85080.02,67081.78
85077.6,67103.02
85138.71,67185.72
85172.73,67221.93
85183.57,67218.6
85074.96,67072.87
85073.04,67093.66
85140.48,67187.06
85180.39,67234.58
85176.1,67218.48
85068.57,67068.82
85073.51,67090.19
85141.95,67186.39
85174.38,67226.11
85169.87,67211.23
85057.98,67058.36
85063.16,67079.08
85130.84,67173.29
85166.88,67214.11
85163.48,67200.27
85050.46,67051.01
85055.83,67069.73
85127.84,67168.29
85167.03,67211.05
85184.38,67213.05
85077.45,67065.02
85059.02,67066.59
85125.74,67156.44
85169.04,67203.22
85181.02,67205.28
85075.66,67057.91
85080.73,67077.43
85156.34,67181.2
85191.21,67224.57
85194.19,67217.35
85074.65,67057.31
85078.63,67071.93
85158.53,67176.53
85200.69,67222.69
85214.75,67229.66
85097.18,67078.99
85090.88,67087.57
85164.1,67190.84
85195.66,67229.09
85204.73,67227.07
85095.14,67075.98
85088.64,67082.61
85174.47,67193.27
85208.83,67237.46
85208.52,67226.8
85110.79,67086.68
85118.79,67105.48
85184.59,67200.59
85207.95,67233.89
85225.43,67243.03
85122.59,67094.23
85117.97,67101.25
85201.47,67211.6
85231.09,67250.02
85228.67,67245.63
85122.1,67097.32
85114.44,67098.86
85196.6,67204.43
85229.16,67246.63
85223.71,67239.41
85115.82,67091.89
85121.54,67108.56
85206.01,67217.68
85251.2,67270.99
85260.99,67272.83
85150.38,67117.91
85136.3,67113.08
85214.08,67219.8
85242.73,67259.98
85247.07,67260.38
85137.48,67111.18
85128.0,67110.62
85209.95,67219.09
85239.25,67256.93
85249.04,67261.23
85136.8,67106.8
85119.93,67102.35
85191.91,67202.08
85230.38,67248.04
85245.04,67257.98
85131.09,67102.59
85113.45,67093.27
85194.37,67202.57
85234.44,67251.73
85239.6,67251.32
85133.61,67102.02
85119.24,67097.7
85186.43,67195.58
85220.8,67238.67
85238.09,67249.47
85134.66,67105.66
85114.03,67093.79
85192.15,67199.91
85230.57,67247.21
85252.39,67263.57
85147.94,67112.98
85130.04,67103.45
85207.08,67211.72
85230.87,67247.19
85244.03,67256.13
85132.45,67100.43
85123.24,67092.36
85207.22,67205.37
85235.2,67246.09
85249.57,67257.94
85162.24,67125.82
85142.28,67110.3
85218.28,67215.96
85252.92,67261.85
85272.35,67277.02
85166.88,67127.56
85141.77,67109.21
85217.32,67213.13
85252.99,67257.94
85271.01,67269.7
85166.02,67122.78
85145.8,67109.21
85217.54,67211.98
85252.52,67258.32
85273.31,67275.59
85171.03,67129.13
85139.13,67096.91
85199.17,67186.52
85234.3,67230.63
85265.09,67260.27
85158.11,67110.75
85120.34,67076.78
85199.68,67185.9
85241.52,67237.11
85267.95,67260.15
85168.5,67116.85
85131.73,67089.02
85225.16,67210.22
85263.21,67256.82
85270.52,67272.09
85169.15,67123.59
85151.94,67106.77
85233.26,67219.18
85264.33,67258.66
85299.64,67291.73
85207.73,67151.03
85166.88,67113.63
85233.28,67215.52
85271.3,67266.59
85293.38,67287.78
85195.86,67141.82
85155.13,67105.39
85222.41,67207.73
85272.17,67264.47
85300.73,67291.04
85201.92,67148.3
85167.25,67113.88
85235.65,67215.36
85266.34,67259.5
85290.77,67281.45
85193.8,67139.03
85163.3,67107.53
85235.29,67210.22
85270.63,67259.41
85299.38,67284.88
85210.1,67146.7
85177.27,67112.59
85251.96,67219.72
85287.46,67269.43
85310.57,67295.67
85215.71,67154.7
85176.91,67114.64
85251.59,67224.99
85283.08,67268.31
85309.48,67296.83
85214.97,67158.18
85177.87,67119.52
85255.02,67227.49
85288.95,67273.63
85318.41,67302.6
85225.57,67162.59
85186.48,67117.64
85256.03,67220.37
85291.33,67270.61
85313.5,67294.82
85222.51,67155.68
85187.48,67112.36
85257.73,67217.17
85294.16,67268.83
85323.63,67302.13
85231.47,67162.16
85187.05,67112.77
85266.52,67224.75
85305.74,67278.32
85327.87,67304.74
85235.38,67167.23
85186.14,67113.5
85267.39,67228.63
85309.3,67282.82
85326.13,67302.33
85238.55,67168.73
85200.33,67121.93
85275.16,67230.24
85304.4,67273.77
85332.12,67302.98
85254.36,67178.7
85215.15,67133.22
85285.65,67236.52
85317.66,67281.07
85340.95,67310.94
85253.66,67179.77
85201.92,67123.83
85260.08,67217.62
85305.72,67273.97
85338.47,67308.52
85252.03,67177.45
85205.14,67124.72
85268.08,67223.2
85303.13,67272.36
85335.7,67306.78
85244.95,67166.3
85190.66,67101.34
85263.23,67210.4
85301.59,67262.77
85330.42,67295.06
85250.71,67173.61
85197.09,67113.99
85258.52,67210.77
85299.82,67263.57
85330.22,67295.76
85254.16,67174.37
85208.6,67120.14
85279.26,67218.31
85325.34,67279.84
85346.16,67310.55
85255.98,67171.93
85206.08,67110.98
85278.41,67215.63
85308.38,67259.62
85332.38,67288.18
85248.23,67161.38
85200.55,67104.67
85275.32,67212.54
85312.42,67265.02
85347.97,67305.28
85268.57,67181.67
85220.0,67116.88
85301.16,67231.01
85343.16,67287.82
85364.95,67316.41
85279.14,67186.39
85226.44,67123.98
85298.99,67229.2
85339.67,67281.54
85377.63,67321.55
85298.34,67203.63
85237.21,67135.61
85305.2,67237.8
85348.37,67289.55
85362.83,67311.31
85276.04,67185.72
85227.96,67126.6
85293.0,67226.49
85340.14,67288.98
85366.3,67318.53
85283.44,67197.21
85216.73,67122.4
85282.25,67218.69
85327.22,67274.59
85354.47,67307.7
85283.7,67197.63
85225.73,67131.27
85287.75,67226.11
85326.17,67272.22
85357.73,67306.89
85285.05,67199.49
85224.59,67135.79
85290.32,67229.44
85334.76,67282.73
85365.34,67316.84
85303.04,67216.86
85242.04,67146.18
85301.72,67236.64
85346.87,67291.82
85375.73,67326.56
85288.02,67212.5
85224.0,67138.13
85292.6,67230.78
85341.28,67289.99
85378.01,67327.61
85299.8,67211.96
85226.13,67129.73
85296.2,67232.97
85331.76,67280.72
85362.85,67312.9
85295.41,67209.46
85223.51,67128.19
85278.14,67212.63
85306.97,67255.57
85346.6,67298.51
85280.87,67196.16
85219.98,67124.37
85295.7,67225.51
85328.92,67271.1
85359.07,67308.77
85288.46,67198.69
85232.43,67131.25
85298.03,67226.22
85339.54,67281.56
85375.15,67317.87
85305.56,67208.84
85227.65,67122.84
85294.77,67222.65
85344.91,67280.65
85369.2,67309.28
85298.03,67204.7
85225.61,67120.3
85277.22,67206.38
85325.95,67263.64
85362.77,67299.67
85296.63,67198.77
85218.41,67107.8
85280.93,67202.2
85323.18,67254.92
85350.16,67287.2
85281.36,67183.82
85197.65,67086.28
85253.41,67174.43
85297.96,67229.2
85337.66,67270.91
85273.65,67170.3
85190.97,67072.73
85253.53,67165.89
85304.34,67227.81
85344.63,67275.33
85282.9,67184.02
85192.24,67079.93
85251.45,67171.28
85310.15,67241.96
85343.07,67278.97
85280.73,67180.38
85195.73,67078.21
85257.53,67168.84
85321.91,67248.64
85350.05,67286.98
85276.93,67179.48
85204.24,67085.8
85277.73,67187.28
85326.59,67253.78
85350.6,67289.92
85286.38,67185.97
85211.66,67091.91
85276.23,67189.72
85322.82,67250.49
85354.91,67288.78
85295.73,67194.33
85209.72,67089.41
85267.48,67179.59
85317.92,67245.2
85354.2,67293.59
85298.37,67202.71
85222.2,67098.91
85282.97,67190.77
85331.34,67256.91
85365.16,67296.92
85318.46,67210.45
85237.21,67101.77
85289.7,67188.47
85335.34,67250.49
85365.09,67289.34
85320.61,67207.87
85239.96,67099.24
85295.69,67189.14
85353.69,67265.29
85384.31,67307.29
85332.88,67223.85
85245.86,67106.62
85302.59,67195.91
85360.3,67269.59
85394.13,67315.05
85336.27,67222.91
85253.66,67107.51
85312.72,67197.27
85354.36,67262.01
85387.2,67303.7
85340.5,67218.69
85247.52,67097.77
85295.88,67182.88
85350.87,67256.15
85390.84,67307.88
85344.27,67224.68
85257.89,67102.46
85314.84,67188.76
85376.24,67269.54
85410.8,67317.4
85351.2,67225.15
85250.65,67091.62
85308.63,67182.79
85371.16,67266.99
85396.63,67308.84
85349.06,67226.11
85276.77,67111.45
85342.53,67208.74
85392.58,67281.19
85409.09,67309.84
85359.99,67228.77
85276.2,67108.3
85330.55,67195.76
85388.96,67275.53
85421.95,67322.94
85373.34,67238.91
85281.09,67109.14
85331.47,67193.68
85384.13,67272.18
85412.8,67317.51
85371.99,67241.48
85284.71,67113.88
85342.34,67201.14
85409.68,67289.84
85441.22,67336.88
85393.25,67257.47
85298.86,67126.49
85354.58,67212.95
85414.93,67294.91
85444.21,67339.52
85396.16,67257.36
85303.1,67123.63
85347.92,67199.09
85404.76,67279.06
85445.64,67337.04
85407.91,67270.05
85313.5,67135.66
85361.04,67213.98
85420.95,67297.14
85457.0,67348.62
85413.66,67271.88
85314.46,67135.9
85358.72,67213.55
85414.39,67292.3
85448.21,67339.32
85406.73,67268.34
85317.63,67139.34
85366.63,67218.35
85421.23,67294.91
85456.41,67342.18
85420.5,67276.94
85320.85,67143.54
85357.71,67210.84
85419.52,67296.43
85463.91,67348.84
85430.24,67285.39
85323.49,67144.86
85360.62,67213.02
85427.52,67299.73
85467.5,67347.1
85421.68,67272.24
85319.91,67136.28
85366.96,67213.73
85424.07,67291.58
85453.04,67331.41
85404.96,67257.13
85301.2,67118.84
85342.29,67187.46
85408.85,67277.2
85449.4,67327.81
85409.84,67260.29
85304.0,67122.91
85345.38,67189.48
85395.06,67257.8
85431.31,67306.64
85405.43,67256.09
85312.98,67125.1
85353.95,67191.78
85416.41,67276.31
85442.83,67314.8
85400.27,67246.77
85292.71,67105.66
85343.56,67178.08
85408.77,67258.27
85451.23,67308.37
85424.2,67258.72
85312.49,67118.73
85346.53,67181.59
85411.94,67268.0
85450.0,67312.34
85427.67,67263.82
85331.07,67134.85
85374.61,67204.45
85430.29,67280.63
85467.59,67323.32
85439.74,67271.66
85341.48,67137.98
85385.45,67204.83
85461.76,67298.35
85482.26,67333.4
85439.34,67274.41
85339.18,67139.63
85383.08,67209.66
85447.63,67290.95
85480.8,67331.41
85455.95,67283.69
85342.24,67139.45
85384.2,67206.3
85450.63,67292.59
85485.83,67337.49
85463.97,67291.66
85362.05,67157.22
85397.97,67221.7
85460.02,67302.42
85488.55,67335.34
85465.42,67287.6
85364.05,67155.23
85398.66,67216.03
85456.05,67291.89
85492.65,67337.82
85465.71,67293.08
85355.81,67149.6
85385.7,67200.61
85453.48,67286.98
85489.07,67329.53
85469.52,67288.72
85360.59,67149.89
85388.34,67201.57
85456.8,67289.66
85489.85,67328.5
85466.9,67282.03
85359.59,67143.68
85390.01,67198.57
85452.62,67283.71
85487.33,67327.74
85463.66,67281.41
85362.41,67147.34
85388.31,67199.94
85458.77,67293.37
85489.48,67328.33
85470.19,67285.5
85366.96,67147.01
85405.5,67205.73
85468.17,67292.23
85487.02,67324.15
85466.34,67282.68
85358.88,67143.59
85391.69,67199.94
85462.2,67283.38
85492.24,67322.87
85472.11,67286.52
85373.89,67150.31
85401.68,67198.82
85465.98,67284.85
85496.36,67326.05
85477.18,67290.62
85378.16,67153.49
85407.11,67204.72
85473.16,67290.57
85504.72,67328.73
85494.33,67299.38
85390.12,67157.69
85406.02,67198.22
85466.77,67283.09
85501.12,67325.53
85485.02,67291.65
85377.42,67145.55
85410.73,67197.37
85485.38,67293.68
85511.31,67327.74
85491.93,67293.66
85389.61,67152.26
85407.64,67191.63
85479.55,67285.72
85512.27,67326.67
85499.63,67297.86
85402.75,67160.62
85430.42,67207.8
85497.84,67299.67
85523.12,67334.36
85511.83,67311.29
85414.41,67171.52
85432.14,67207.96
85498.15,67301.8
85526.02,67340.51
85513.68,67312.7
85403.13,67164.69
85416.92,67199.24
85486.68,67292.47
85516.74,67334.7
85507.22,67308.27
85406.1,67163.37
85424.66,67198.02
85488.34,67284.91
85517.81,67325.3
85510.13,67299.94
85409.09,67155.88
85426.76,67196.9
85486.95,67285.43
85513.28,67317.59
85506.55,67298.1
85405.16,67154.56
85422.28,67185.67
85489.7,67276.38
85525.33,67322.4
85522.8,67306.24
85421.03,67166.5
85426.69,67194.51
85482.03,67277.16
85514.22,67317.23
85509.55,67298.1
85403.58,67149.91
85420.27,67180.8
85480.94,67269.95
85500.7,67302.66
85498.15,67288.8
85401.16,67147.27
85412.8,67177.0
85480.66,67271.62
85510.66,67309.73
85506.38,67293.59
85403.17,67148.39
85420.59,67182.14
85497.25,67282.13
85536.32,67332.17
85534.05,67318.63
85425.86,67165.27
85439.3,67193.61
85512.27,67292.36
85543.03,67332.39
85548.1,67328.26
85440.84,67180.13
85434.71,67191.38
85498.51,67281.34
85532.92,67326.23
85546.91,67323.41
85448.44,67176.78
85444.48,67193.56
85504.38,67281.45
85537.62,67321.75
85537.64,67308.01
85437.44,67162.79
85447.38,67188.2
85512.79,67282.84
85537.95,67320.13
85539.99,67310.11
85431.38,67159.01
85435.54,67177.77
85516.99,67284.02
85553.22,67329.33
85557.53,67326.24
85454.13,67183.22
85450.47,67192.94
85511.94,67285.55
85537.87,67324.75
85547.59,67324.08
85445.04,67174.32
85441.57,67185.56
85517.8,67291.16
85555.39,67333.24
85562.66,67328.44
85453.38,67175.1
85458.85,67193.68
85530.13,67293.23
85566.7,67338.2
85569.45,67336.77
85470.03,67191.45
85457.51,67190.68
85524.56,67285.72
85558.7,67327.95
85564.11,67324.46
85458.3,67175.26
85453.02,67183.95
85527.52,67287.09
85566.16,67335.57
85569.41,67330.78
85461.53,67179.46
85461.35,67188.38
85526.78,67282.57
85555.79,67323.02
85562.74,67322.02
85461.52,67174.03
85451.74,67176.91
85525.57,67280.72
85560.71,67327.12
85574.95,67334.52
85467.05,67180.02
85456.04,67180.47
85523.45,67278.88
85557.52,67324.28
85571.51,67332.64
85468.89,67186.13
85458.23,67183.71
85527.67,67281.84
85564.38,67330.18
85577.14,67335.14
85472.46,67184.58
85463.14,67184.58
85535.36,67287.53
85566.3,67328.1
85572.89,67329.48
85466.34,67179.59
85452.86,67175.87
85532.59,67285.52
85569.43,67328.01
85586.19,67337.76
85475.33,67184.16
85452.86,67172.31
85530.02,67280.6
85567.64,67327.5
85583.46,67335.21
85476.51,67181.66
85453.04,67166.92
85528.55,67273.34
85568.35,67325.44
85578.97,67332.51
85465.89,67172.73
85452.02,67166.54
85536.19,67280.49
85572.73,67327.03
85590.33,67339.73
85481.72,67185.48
85460.33,67172.04
85538.76,67281.05
85576.42,67328.73
85591.53,67339.84
85487.51,67189.7
85463.95,67174.16
85543.27,67281.48
85573.61,67323.9
85593.79,67342.09
85483.33,67187.13
85452.75,67162.25
85528.43,67269.41
85560.58,67314.4
85578.19,67328.34
85480.6,67182.62
85454.16,67159.44
85526.89,67261.45
85560.53,67304.34
85580.05,67320.39
85480.42,67176.0
85463.03,67163.15
85537.93,67267.41
85577.45,67318.06
85599.38,67339.23
85491.89,67183.66
85466.05,67158.43
85544.33,67270.52
85580.13,67321.3
85603.24,67340.71
85491.89,67181.34
85468.82,67161.6
85552.87,67276.67
85584.42,67321.58
85612.37,67350.7
85509.21,67199.66
85485.23,67174.05
85559.86,67281.12
85589.99,67325.22
85609.01,67344.98
85508.0,67194.84
85480.2,67168.3
85557.31,67280.94
85600.43,67333.45
85627.32,67356.69
85527.3,67209.52
85496.27,67183.1
85572.47,67295.24
85609.39,67345.27
85627.97,67365.0
85524.74,67212.95
85497.63,67183.95
85575.48,67293.63
85616.14,67345.29
85638.38,67369.85
85532.92,67219.18
85499.06,67184.83
85574.5,67292.63
85619.16,67348.69
85643.43,67371.84
85545.29,67226.0
85504.67,67186.26
85581.98,67296.7
85627.02,67352.8
85654.16,67383.16
85551.86,67237.4
85517.68,67202.77
85598.38,67315.23
85637.82,67365.38
85664.16,67391.76
85564.46,67245.65
85517.59,67195.96
85585.48,67299.45
85623.65,67350.34
85646.59,67371.64
85547.63,67226.36
85500.47,67178.81
85568.78,67279.11
85599.2,67325.44
85620.81,67351.77
85519.47,67204.45
85472.8,67153.71
85543.56,67254.34
85593.01,67312.08
85627.43,67346.77
85531.65,67203.42
85480.84,67150.8
85540.08,67246.12
85578.41,67294.69
85616.99,67333.82
85528.3,67199.2
85477.52,67149.45
85551.81,67256.35
85596.25,67308.77
85627.2,67344.04
85536.86,67208.74
85483.64,67152.44
85555.34,67252.8
85589.34,67298.4
85619.43,67329.51
85531.12,67198.66
85488.73,67150.63
85552.73,67246.54
85595.87,67303.45
85635.66,67339.63
85543.95,67203.65
85490.32,67147.84
85560.48,67253.11
85601.12,67308.77
85623.7,67335.09
85530.09,67198.98
85489.34,67154.59
85565.07,67260.71
85611.05,67315.14
85638.67,67343.1
85544.23,67207.98
85498.23,67157.2
85573.8,67265.47
85612.97,67314.91
85645.42,67350.74
85552.84,67216.01
85497.23,67154.14
85565.83,67259.52
85600.79,67306.89
85631.74,67340.2
85547.3,67211.13
85502.48,67159.73
85575.53,67264.24
85610.95,67311.09
85643.97,67347.37
85564.8,67227.36
85509.97,67166.12
85573.25,67262.21
85613.73,67314.16
85647.92,67350.52
85565.67,67223.79
85526.58,67173.98
85605.19,67283.09
85646.2,67333.38
85677.2,67367.95
85590.28,67242.16
85524.9,67168.2
85592.27,67268.11
85634.78,67324.03
85662.52,67362.14
85580.89,67234.67
85525.13,67167.66
85591.63,67266.95
85625.82,67314.94
85650.72,67343.08
85571.57,67222.34
85515.47,67157.52
85584.24,67258.97
85630.11,67318.38
85671.1,67363.28
85579.38,67229.3
85521.93,67156.77
85597.14,67264.45
85632.46,67316.23
85653.94,67343.19
85577.95,67223.61
85521.15,67156.64
85585.97,67252.84
85621.02,67301.62
85647.44,67332.35
85576.8,67218.13
85526.35,67154.8
85600.65,67263.57
85639.27,67314.71
85665.27,67346.23
85586.13,67226.67
85525.26,67154.07
85591.84,67253.42
85631.77,67306.09
85655.21,67336.7
85583.62,67223.96
85530.27,67155.39
85597.09,67252.93
85640.44,67308.72
85671.69,67349.8
85589.43,67226.65
85515.63,67140.16
85582.66,67242.29
85629.51,67304.09
85659.21,67339.57
85580.65,67217.64
85513.32,67132.7
85582.46,67232.46
85632.81,67296.72
85648.44,67323.95
85572.66,67205.73
85514.35,67127.67
85582.23,67227.01
85624.81,67285.34
85652.28,67320.16
85589.14,67215.52
85520.03,67131.05
85589.88,67229.8
85633.62,67286.82
85668.42,67331.79
85601.1,67223.92
85536.41,67140.75
85603.58,67241.06
85644.86,67297.48
85671.13,67334.54
85599.16,67221.75
85529.04,67132.16
85595.17,67230.54
85646.95,67293.63
85684.02,67337.0
85614.98,67230.16
85532.7,67132.81
85593.5,67231.99
85645.34,67297.81
85680.54,67336.15
85615.8,67232.8
85536.86,67136.63
85598.77,67231.63
85643.23,67289.21
85686.1,67339.19
85624.03,67238.36
85542.56,67137.89
85598.87,67230.0
85640.28,67286.93
85676.18,67330.78
85611.27,67226.52
85545.22,67138.8
85611.23,67238.98
85652.44,67296.36
85678.95,67333.09
85617.95,67232.95
85548.48,67138.89
85611.7,67234.65
85653.55,67294.04
85682.75,67335.01
85613.05,67225.95
85535.16,67121.8
85598.22,67219.65
85652.8,67290.13
85685.43,67334.16
85614.24,67222.83
85538.27,67122.35
85598.7,67218.02
85643.05,67280.96
85671.91,67319.41
85609.95,67215.11
85525.35,67105.52
85585.79,67203.42
85638.83,67276.54
85672.29,67317.06
85611.34,67214.04
85528.79,67105.92
85584.71,67198.82
85642.8,67276.96
85675.3,67318.06
85612.56,67219.47
85532.19,67111.55
85591.71,67202.04
85647.59,67274.44
85681.92,67318.16
85626.94,67229.53
85545.24,67122.64
85605.08,67216.86
85654.81,67283.62
85688.38,67325.59
85642.43,67239.05
85559.93,67129.87
85607.38,67212.54
85652.82,67281.16
85692.59,67330.29
85635.01,67236.08
85539.68,67115.7
85599.51,67208.07
85659.99,67282.55
85703.76,67330.18
85655.19,67243.79
85558.02,67121.13
85610.3,67207.24
85665.16,67282.1
85694.82,67322.87
85635.99,67229.87
85543.16,67110.17
85606.46,67206.42
85666.86,67281.84
85704.43,67325.13
85646.2,67230.98
85556.98,67115.65
85610.8,67205.23
85659.21,67273.02
85695.83,67315.0
85639.05,67224.79
85547.81,67106.57
85610.82,67198.77
85672.09,67274.37
85710.02,67321.15
85654.84,67238.38
85550.72,67108.9
85602.84,67193.79
85666.92,67277.52
85712.74,67328.33
85659.28,67241.66
85561.38,67120.5
85617.98,67208.79
85673.72,67280.85
85705.93,67320.91
85652.42,67233.84
85556.04,67111.02
85621.06,67204.18
85694.55,67294.57
85723.77,67335.32
85669.47,67250.9
85567.44,67123.18
85612.74,67202.17
85675.4,67285.55
85709.82,67323.07
85668.45,67247.99
85565.89,67120.01
85609.99,67194.39
85675.53,67273.25
85714.49,67320.86
85666.73,67245.91
85558.67,67112.72
85596.49,67184.16
85665.23,67266.73
85705.84,67314.22
85655.08,67233.3
85556.09,67104.41
85610.93,67185.77
85668.84,67264.6
85707.29,67313.69
85672.27,67248.75
85569.02,67118.73
85617.98,67195.33
85690.8,67283.58
85731.39,67332.28
85688.78,67261.38
85579.33,67123.76
85621.82,67198.53
85684.11,67284.7
85725.17,67332.33
85678.77,67253.13
85570.7,67115.45
85616.66,67192.6
85682.28,67274.28
85716.59,67316.66
85678.84,67252.4
85573.74,67116.88
85614.58,67187.98
85679.55,67270.57
85717.57,67315.96
85674.32,67246.18
85574.3,67114.3
85616.03,67182.7
85681.38,67265.65
85726.36,67316.61
85692.36,67257.83
85589.9,67124.43
85632.01,67189.92
85690.13,67269.65
85729.84,67319.92
85696.27,67256.48
85594.68,67121.73
85631.2,67188.98
85691.71,67270.23
85737.42,67321.02
85713.28,67266.81
85608.84,67126.82
85650.52,67193.9
85716.45,67280.31
85755.68,67333.71
85720.91,67276.65
85610.33,67131.45
85646.61,67192.83
85707.56,67275.04
85746.23,67323.67
85714.09,67264.84
85605.05,67124.16
85644.59,67190.52
85709.84,67275.75
85752.33,67327.2
85724.66,67273.48
85620.12,67131.98
85655.81,67194.13
85719.36,67282.68
85751.88,67327.12
85719.54,67271.8
85611.65,67129.1
85647.99,67189.43
85710.69,67272.47
85747.86,67319.97
85723.25,67271.87
85622.91,67134.83
85662.05,67198.53
85727.19,67284.7
85760.89,67328.1
85723.95,67272.49
85608.54,67120.48
85643.57,67184.05
85705.7,67267.66
85737.0,67308.27
85715.31,67261.31
85613.68,67123.38
85651.73,67189.14
85713.3,67273.52
85743.39,67314.38
85717.26,67265.98
85614.53,67126.27
85647.3,67181.63
85713.64,67271.15
85751.34,67319.07
85731.27,67276.11
85628.1,67132.92
85660.51,67189.7
85726.07,67281.12
85760.82,67326.98
85739.79,67284.18
85638.6,67145.89
85665.0,67197.14
85728.98,67284.67
85759.7,67324.93
85732.62,67274.28
85633.09,67134.6
85661.91,67188.63
85724.05,67277.25
85751.75,67317.59
85728.62,67272.11
85628.41,67134.91
85653.76,67187.09
85719.48,67274.62
85751.59,67315.85
85731.66,67277.38
85633.42,67137.95
85662.3,67188.85
85726.49,67278.48
85754.86,67319.38
85736.98,67280.34
85634.56,67136.73
85671.59,67194.21
85743.81,67289.99
85763.66,67328.86
85739.57,67289.66
85642.45,67147.52
85665.67,67190.75
85733.04,67281.95
85772.56,67332.62
85749.24,67290.23
85641.24,67139.92
85666.77,67180.91
85732.33,67271.02
85765.34,67315.63
85755.64,67287.22
85655.26,67145.38
85679.8,67190.33
85747.95,67284.2
85782.93,67329.51
85766.99,67292.45
85653.96,67138.71
85673.48,67179.59
85742.36,67270.21
85779.35,67317.35
85771.77,67292.27
85658.07,67138.31
85675.3,67177.85
85740.93,67270.16
85769.7,67313.46
85765.41,67294.84
85661.7,67144.64
85679.62,67186.23
85744.95,67279.27
85772.96,67315.72
85759.48,67288.54
85663.55,67146.18
85689.95,67190.3
85758.43,67286.64
85786.02,67326.2
85781.43,67302.15
85677.34,67154.09
85696.32,67189.77
85773.09,67291.58
85806.98,67336.33
85796.01,67310.82
85692.36,67164.02
85712.03,67205.73
85779.64,67303.23
85804.05,67341.24
85792.9,67315.72
85682.86,67161.54
85696.63,67194.2
85767.33,67290.28
85798.77,67332.91
85795.47,67312.14
85696.98,67170.03
85708.59,67200.36
85773.19,67292.25
85800.38,67332.86
85796.88,67318.13
85696.23,67169.56
85711.25,67202.82
85774.34,67292.47
85802.91,67330.67
85807.74,67318.02
85703.27,67166.95
85712.99,67190.55
85790.22,67293.5
85827.86,67345.94
85824.64,67335.95
85708.3,67175.44
85713.15,67191.8
85783.91,67292.95
85811.34,67337.04
85802.33,67315.65
85701.8,67165.42
85720.23,67199.78
85795.36,67300.77
85835.26,67349.07
85840.62,67340.95
85733.84,67189.09
85737.47,67211.0
85805.91,67310.04
85844.42,67360.24
85847.26,67351.3
85738.36,67193.66
85741.55,67211.58
85819.61,67320.77
85858.86,67367.44
85866.99,67362.7
85752.11,67201.95
85749.54,67217.28
85820.34,67320.32
85851.62,67362.79
85853.36,67353.42
85745.09,67196.96
85746.79,67211.83
85817.06,67315.02
85844.46,67356.02
85847.3,67349.63
85739.86,67193.61
85742.48,67208.27
85822.85,67316.43
85858.37,67362.95
85858.3,67353.85
85741.58,67192.02
85729.3,67195.76
85806.17,67302.42
85842.97,67347.57
85858.32,67353.23
85752.04,67197.41
85757.07,67210.66
85832.62,67318.06
85873.59,67372.42
85878.39,67371.27
85772.0,67210.82
85777.52,67224.19
85858.03,67335.86
85882.57,67376.02
85881.7,67370.86
85771.77,67210.76
85767.95,67215.52
85845.41,67326.05
85880.79,67374.81
85887.54,67375.73
85772.73,67211.78
85763.06,67213.98
85844.3,67323.99
85880.74,67372.94
85883.53,67371.69
85769.48,67209.03
85759.86,67206.17
85837.6,67315.16
85872.98,67363.71
85884.77,67368.4
85773.32,67207.09
85760.27,67201.88
85842.41,67314.8
85880.85,67367.95
85883.09,67365.8
85765.36,67197.34
85757.12,67196.07
85836.41,67309.59
85873.08,67358.05
85887.88,67367.55
85775.22,67204.27
85764.18,67197.34
85849.72,67313.04
85888.34,67366.77
85901.53,67376.96
85790.24,67214.73
85776.85,67208.67
85852.0,67317.73
85885.5,67365.98
85891.85,67367.4
85781.19,67202.04
85760.8,67192.16
85835.57,67301.16
85877.27,67356.69
85893.39,67371.53
85776.0,67202.59
85755.1,67189.74
85839.63,67306.94
85883.38,67363.55
85897.88,67374.28
85786.84,67211.02
85765.45,67196.72
85841.6,67307.56
85880.38,67360.63
85899.41,67376.83
85793.93,67222.09
85772.23,67207.8
85849.52,67319.63
85885.66,67365.8
85905.26,67379.17
85797.15,67221.44
85768.87,67206.1
85850.68,67321.64
85894.2,67372.09
85911.92,67388.43
85795.56,67226.45
85762.01,67199.22
85842.63,67307.72
85886.33,67360.8
85900.12,67372.24
85791.18,67214.8
85771.11,67199.06
85854.63,67313.38
85895.07,67365.8
85912.46,67379.76
85797.26,67218.98
85774.28,67202.1
85858.7,67315.52
85894.71,67361.8
85912.48,67381.32
85809.44,67232.59
85790.64,67215.13
85872.9,67327.72
85916.41,67380.31
85942.01,67404.27
85826.29,67243.5
85791.16,67213.98
85874.53,67333.27
85905.87,67375.95
85920.8,67387.63
85821.71,67242.92
85790.4,67216.07
85869.72,67323.81
85903.25,67368.34
85930.01,67392.92
85830.65,67244.46
85801.15,67219.27
85882.41,67333.35
85925.34,67391.16
85952.98,67412.66
85841.45,67254.14
85797.52,67216.52
85879.4,67328.84
85921.98,67381.32
85945.47,67405.57
85846.63,67262.86
85806.55,67222.94
85889.57,67339.01
85926.12,67386.77
85951.38,67412.14
85844.27,67261.74
85814.29,67232.73
85893.99,67341.63
85926.95,67386.22
85954.03,67413.04
85851.33,67262.61
85809.73,67223.61
85886.75,67333.35
85928.24,67382.15
85956.96,67409.8
85860.54,67268.24
85818.31,67228.08
85891.96,67336.33
85924.77,67380.09
85952.09,67404.16
85852.34,67260.84
85806.24,67214.17
85885.75,67318.09
85935.99,67377.74
85958.75,67404.9
85853.3,67257.31
85814.7,67219.23
85897.75,67329.53
85935.08,67375.64
85960.2,67403.76
85866.86,67266.57
85827.66,67223.38
85896.27,67325.46
85931.66,67372.96
85962.77,67408.26
85871.13,67273.48
85827.03,67227.14
85904.08,67334.98
85944.0,67385.05
85971.11,67414.87
85877.68,67277.72
85832.39,67229.06
85907.83,67333.71
85945.85,67382.3
85971.24,67412.3
85879.34,67277.27
85838.07,67231.23
85913.82,67338.14
85951.71,67389.23
85978.24,67421.48
85886.53,67284.91
85840.28,67233.38
85921.11,67346.83
85961.03,67399.83
85985.66,67430.88
85894.38,67298.55
85842.84,67239.01
85917.33,67343.08
85956.52,67394.15
85982.2,67424.88
85891.56,67288.45
85840.58,67232.44
85907.5,67334.47
85948.29,67390.1
85973.41,67417.84
85889.3,67284.72
85843.62,67230.89
85918.96,67341.94
85956.78,67395.2
85977.68,67422.2
85884.43,67282.62
85838.14,67225.91
85907.97,67329.94
85942.21,67380.0
85972.8,67413.28
85897.51,67291.89
85858.55,67241.27
85921.78,67342.14
85955.44,67392.2
85972.96,67413.02
85887.09,67279.04
85829.87,67212.56
85899.23,67318.52
85942.97,67375.22
85967.0,67404.39
85878.28,67268.04
85828.39,67203.34
85903.8,67314.16
85938.59,67367.58
85971.69,67407.77
85890.91,67282.82
85841.13,67220.81
85913.82,67327.56
85948.55,67374.95
86009.02,67439.41
85928.4,67312.79
85839.26,67209.44
85904.26,67310.53
85943.75,67366.91
85978.46,67409.26
85894.98,67279.46
85839.46,67206.09
85914.6,67316.81
85957.9,67377.03
85981.26,67407.36
85905.09,67284.59
85852.22,67215.78
85922.3,67318.29
85971.09,67380.88
85999.32,67418.24
85913.89,67286.15
85858.3,67213.17
85927.52,67316.32
85970.91,67373.95
86001.75,67415.09
85921.2,67288.43
85863.4,67212.56
85928.77,67316.48
85969.68,67373.92
86000.19,67410.65
85926.2,67288.38
85865.07,67209.19
85930.66,67310.0
85962.84,67364.53
85996.01,67407.83
85914.76,67277.72
85852.63,67194.95
85921.82,67302.33
85969.41,67367.66
86004.21,67413.26
85926.95,67292.56
85863.66,67206.51
85933.42,67308.66
85976.74,67371.24
86012.93,67419.7
85941.0,67300.16
85868.49,67207.02
85937.31,67313.04
85982.4,67377.07
86013.29,67417.17
85940.13,67299.05
85869.68,67209.88
85936.8,67314.53
85985.52,67379.53
86020.22,67425.69
85940.24,67302.11
85868.45,67210.17
85941.02,67318.83
85994.78,67389.75
86023.37,67428.59
85943.66,67306.2
85881.23,67218.58
85950.86,67321.38
86005.4,67392.41
86044.13,67440.48
85965.84,67321.69
85888.09,67225.26
85954.93,67327.88
86009.48,67399.23
86042.61,67446.92
85974.53,67337.98
85897.91,67238.43
85961.9,67338.72
86009.38,67400.34
86047.17,67448.94
85972.74,67336.59
85884.34,67224.52
85949.72,67322.34
86005.17,67396.38
86043.13,67444.53
85970.75,67332.59
85885.08,67226.96
85948.11,67326.05
86004.97,67397.15
86044.34,67442.54
85974.73,67331.63
85890.35,67224.55
85959.3,67327.74
86017.91,67403.12
86055.64,67448.58
85991.43,67341.63
85907.79,67237.13
85979.4,67340.62
86030.21,67410.45
86068.52,67457.43
86004.77,67357.7
85911.7,67242.67
85979.09,67345.11
86030.99,67414.8
86070.33,67461.97
86004.91,67353.9
85920.08,67244.15
85981.8,67338.16
86027.93,67403.76
86063.58,67452.31
85996.19,67348.77
85902.29,67233.17
85964.47,67327.19
86020.8,67399.29
86063.02,67451.17
86001.17,67354.48
85909.77,67241.76
85978.73,67342.23
86037.88,67415.16
86076.32,67461.77
86008.98,67359.28
85915.79,67244.33
85977.46,67338.23
86035.75,67411.61
86078.51,67459.3
86019.26,67365.72
85921.91,67247.26
85984.88,67341.6
86041.27,67413.24
86080.7,67457.59
86017.91,67356.96
85923.01,67237.95
85985.99,67332.98
86044.58,67409.23
86084.12,67455.82
86023.13,67360.13
85927.59,67240.7
85982.09,67326.6
86040.34,67403.45
86079.98,67448.76
86021.38,67352.64
85924.53,67232.48
85984.66,67323.99
86041.0,67398.76
86080.23,67446.09
86028.24,67359.98
85931.21,67239.72
85984.23,67324.19
86037.54,67391.87
86078.27,67438.7
86023.05,67353.31
85923.32,67228.01
85972.7,67306.6
86037.54,67384.0
86079.02,67431.5
86017.18,67340.13
85911.84,67211.78
85967.22,67296.72
86024.66,67369.59
86066.08,67417.4
86015.01,67336.51
85921.84,67213.26
85980.85,67300.43
86038.97,67376.2
86076.7,67423.09
86024.28,67338.3
85927.81,67213.66
85982.93,67299.11
86042.44,67378.13
86076.88,67423.55
86030.45,67343.52
85933.88,67216.34
85989.44,67300.61
86043.13,67373.03
86080.27,67418.09
86039.26,67341.98
85943.7,67216.56
86002.42,67305.21
86066.98,67386.84
86102.02,67434.25
86051.66,67354.55
85949.67,67221.26
85999.07,67299.0
86059.55,67379.6
86106.98,67436.87
86057.61,67364.0
85945.98,67227.01
85986.76,67300.12
86048.87,67377.97
86089.69,67425.42
86047.64,67348.87
85964.27,67231.38
86019.52,67314.13
86071.63,67387.67
86100.33,67431.14
86057.25,67362.59
85954.66,67227.52
86012.21,67309.39
86079.23,67395.27
86111.12,67441.47
86066.98,67370.16
85964.59,67233.15
86006.91,67304.34
86072.85,67393.62
86106.83,67441.96
86065.21,67370.34
85974.8,67244.3
86017.63,67314.66
86077.02,67393.95
86109.45,67440.4
86073.97,67373.95
85980.9,67241.24
86019.3,67308.84
86079.91,67394.35
86113.8,67440.04
86075.85,67372.11
85977.1,67234.09
86022.02,67308.95
86078.98,67390.26
86107.16,67428.15
86079.34,67371.84
85985.68,67238.0
86019.55,67303.58
86074.13,67384.34
86106.85,67426.63
86076.27,67366.84
85974.17,67225.24
86014.98,67293.7
86072.88,67376.52
86100.62,67415.25
86060.88,67351.75
85973.16,67221.98
86014.47,67289.63
86071.96,67370.88
86097.69,67407.31
86065.48,67349.85
85964.11,67210.22
86008.84,67282.64
86072.52,67369.38
86107.3,67417.73
86069.59,67356.51
85963.78,67209.44
86003.25,67277.02
86055.94,67355.99
86087.95,67401.39
86061.79,67349.67
85958.01,67207.98
85992.9,67269.27
86051.77,67352.82
86082.31,67396.3
86059.2,67347.32
85965.16,67207.96
85994.38,67264.24
86048.0,67342.25
86081.46,67388.3
86051.46,67336.33
85943.7,67188.58
85978.09,67245.65
86049.61,67340.73
86085.82,67389.16
86064.96,67345.27
85968.59,67203.98
86008.98,67268.2
86070.73,67356.94
86102.96,67406.2
86080.43,67363.73
85984.7,67219.43
86025.52,67282.03
86079.49,67369.34
86098.78,67404.79
86076.03,67359.23
85972.2,67212.5
86002.45,67266.23
86065.34,67354.95
86100.95,67403.88
86081.23,67360.06
85981.73,67215.56
86013.17,67270.27
86075.2,67361.8
86107.81,67407.34
86086.42,67365.49
85979.47,67215.96
86008.59,67266.21
86080.41,67363.08
86121.36,67416.52
86099.23,67375.84
85981.32,67216.39
86000.93,67259.62
86083.02,67367.38
86125.11,67420.64
86105.35,67379.63
86003.27,67229.26
86027.39,67278.16
86086.71,67370.86
86117.98,67414.02
86102.07,67378.35
85998.58,67225.44
86022.27,67270.79
86089.4,67365.97
86123.86,67414.34
86106.25,67380.7
86002.31,67230.63
86024.48,67271.71
86096.73,67370.59
86124.87,67414.11
86108.62,67382.64
86007.81,67235.74
86029.7,67276.8
86098.88,67375.4
86137.2,67425.42
86121.13,67391.76
86009.76,67234.52
86031.37,67278.34
86095.63,67371.24
86136.04,67426.05
86122.3,67396.3
86010.7,67238.63
86031.91,67277.77
86101.76,67376.85
86141.25,67426.36
86133.38,67400.61
86020.04,67241.31
86037.05,67279.69
86110.38,67378.05
86146.7,67427.97
86144.7,67411.61
86029.42,67250.54
86044.22,67286.75
86113.98,67386.28
86147.15,67431.34
86137.88,67404.77
86022.18,67239.92
86034.23,67274.16
86105.02,67373.37
86138.01,67418.63
86128.82,67396.12
86018.74,67235.88
86029.47,67264.91
86100.91,67365.52
86141.81,67418.29
86136.0,67400.52
86016.08,67235.3
86028.93,67268.18
86102.72,67372.2
86135.71,67414.73
86137.05,67405.21
86015.52,67237.38
86020.51,67260.51
86096.5,67363.48
86139.06,67419.07
86140.13,67404.12
86026.81,67239.61
86034.5,67265.96
86108.39,67371.91
86142.26,67421.04
86140.2,67402.48
86021.73,67235.12
86034.56,67263.39
86118.05,67372.72
86157.61,67422.63
86155.06,67411.14
86034.5,67242.85
86035.91,67262.63
86111.84,67368.89
86152.8,67423.56
86151.76,67413.26
86039.84,67253.58
86047.84,67278.77
86121.29,67385.61
86158.51,67435.75
86161.81,67428.48
86045.45,67263.05
86051.33,67282.46
86128.31,67387.42
86170.98,67439.55
86175.45,67434.56
86055.33,67267.22
86055.89,67284.31
86133.07,67393.91
86163.49,67438.59
86161.77,67428.98
86042.03,67261.7
86047.53,67279.15
86123.84,67386.02
86166.04,67440.87
86174.8,67436.09
86058.15,67270.45
86058.77,67288.23
86136.91,67397.15
86178.55,67450.41
86179.47,67441.55
86056.41,67268.63
86049.56,67272.34
86121.78,67373.97
86158.35,67423.68
86170.95,67422.94
86043.38,67244.84
86035.3,67247.52
86112.41,67359.55
86142.63,67403.72
86147.51,67399.85
86030.32,67238.83
86023.05,67246.18
86102.07,67355.7
86133.77,67400.55
86144.91,67402.66
86035.08,67239.59
86025.34,67238.49
86104.68,67345.27
86139.75,67394.91
86148.56,67396.85
86033.29,67231.14
86024.58,67233.98
86098.91,67342.23
86132.84,67391.36
86139.02,67389.55
86025.18,67226.22
86016.41,67227.83
86085.46,67331.03
86123.3,67381.16
86132.98,67384.88
86022.52,67222.34
86018.2,67225.91
86098.23,67336.05
86137.16,67384.25
86155.98,67397.3
86042.14,67234.94
86028.17,67226.69
86100.13,67331.21
86139.73,67384.05
86158.35,67398.48
86043.44,67234.41
86028.84,67224.3
86107.66,67335.27
86144.98,67385.99
86162.59,67397.13
86053.5,67241.45
86042.37,67239.81
86121.45,67350.48
86162.91,67407.45
86169.95,67410.89
86049.66,67242.92
86031.77,67232.39
86110.47,67338.65
86144.8,67382.86
86158.15,67391.47
86054.02,67237.76
86037.85,67228.34
86121.8,67345.87
86158.51,67394.95
86170.64,67403.67
86061.16,67248.62
86043.64,67238.67
86118.67,67340.84
86157.97,67389.59
86175.12,67405.3
86063.66,67243.99
86046.28,67230.91
86128.45,67345.83
86164.66,67394.38
86178.8,67407.3
86072.67,67251.39
86057.63,67240.28
86132.35,67346.38
86164.63,67391.71
86182.47,67407.8
86073.41,67245.89
86051.66,67225.28
86125.59,67336.62
86164.23,67392.38
86181.39,67407.18
86082.27,67255.15
86063.58,67238.8
86140.8,67349.09
86167.23,67394.27
86180.81,67407.07
86073.62,67244.69
86050.52,67222.6
86129.77,67333.94
86167.67,67382.95
86187.14,67401.82
86086.84,67253.49
86062.39,67231.45
86147.95,67346.95
86185.06,67399.2
86197.35,67410.98
86092.63,67254.54
86065.59,67226.98
86137.43,67335.41
86169.99,67382.48
86193.33,67406.66
86100.57,67259.15
86069.05,67228.77
86134.14,67332.59
86173.3,67385.23
86192.44,67407.12
86093.09,67250.74
86070.15,67222.53
86145.84,67335.81
86173.82,67380.94
86194.31,67402.73
86097.2,67251.93
86074.22,67221.73
86149.55,67332.15
86185.93,67386.48
86202.41,67404.9
86104.33,67254.72
86075.29,67221.69
86144.72,67329.73
86176.39,67379.09
86201.24,67407.52
86109.35,67265.13
86077.3,67228.16
86153.92,67338.07
86200.98,67398.29
86229.59,67429.65
86135.66,67285.19
86102.56,67250.72
86171.56,67352.82
86210.18,67402.89
86233.79,67433.98
86131.84,67283.94
86096.97,67242.16
86176.01,67356.31
86210.2,67407.9
86228.42,67429.66
86127.55,67277.7
86086.73,67231.56
86161.26,67341.34
86203.03,67398.53
86220.55,67419.99
86117.16,67268.31
86075.07,67221.15
86156.88,67332.95
86202.36,67389.79
86223.59,67417.09
86118.72,67264.8
86078.22,67219.2
86156.52,67329.55
86186.55,67377.5
86219.77,67412.5
86129.18,67270.12
86087.36,67224.05
86166.15,67335.5
86196.19,67380.38
86226.95,67415.9
86144.13,67279.93
86097.76,67228.84
86161.59,67331.55
86203.43,67389.91
86238.03,67425.24
86144.31,67276.27
86098.27,67223.36
86172.74,67337.06
86207.28,67387.73
86234.39,67419.72
86135.3,67272.87
86089.17,67215.02
86166.55,67324.81
86205.63,67383.6
86231.98,67413.64
86135.22,67268.76
86093.8,67218.0
86169.86,67328.34
86205.16,67377.19
86231.95,67411.16
86146.1,67276.47
86101.33,67218.6
86184.5,67334.41
86221.36,67385.27
86252.43,67421.98
86156.41,67278.32
86093.8,67206.58
86166.09,67314.51
86212.09,67375.73
86248.43,67420.99
86155.96,67278.28
86087.8,67204.74
86158.73,67314.31
86204.3,67375.73
86230.14,67407.05
86143.35,67275.04
86094.34,67214.51
86174.76,67327.5
86220.94,67385.79
86250.71,67418.88
86159.84,67280.49
86099.01,67209.1
86170.87,67317.66
86214.09,67378.05
86247.98,67420.03
86159.8,67283.46
86095.32,67207.24
86173.44,67318.78
86224.13,67383.65
86252.41,67418.42
86155.66,67277.14
86095.7,67205.08
86167.94,67313.66
86213.58,67375.77
86248.63,67416.46
86165.1,67283.06
86103.37,67208.63
86179.7,67319.43
86225.43,67381.14
86258.17,67419.68
86170.04,67287.09
86113.02,67217.93
86186.38,67326.23
86235.35,67391.4
86263.85,67424.46
86172.92,67285.3
86109.27,67206.75
86186.45,67318.49
86230.08,67378.59
86265.84,67421.55
86178.51,67290.88
86108.55,67204.95
86178.02,67308.61
86221.9,67372.27
86261.1,67420.37
86183.16,67297.32
86117.02,67215.7
86190.36,67326.85
86232.02,67383.73
86267.0,67423.86
86186.78,67297.75
86113.29,67208.01
86187.01,67315.52
86245.09,67389.28
86284.16,67436.53
86197.96,67308.43
86123.03,67216.66
86193.38,67322.67
86243.63,67386.22
86275.02,67427.66
86193.94,67305.86
86117.98,67211.85
86179.47,67309.57
86227.04,67375.13
86263.45,67418.13
86179.98,67290.84
86104.98,67196.63
86174.09,67302.13
86227.53,67372.94
86262.84,67416.23
86185.44,67290.17
86111.34,67197.26
86174.76,67299.58
86226.27,67369.72
86264.01,67416.93
86186.36,67294.38
86114.56,67203.52
86182.02,67306.33
86229.7,67371.69
86266.82,67418.76
86188.41,67297.05
86115.77,67202.33
86187.23,67309.77
86235.06,67377.12
86271.27,67424.88
86194.09,67305.5
86111.95,67200.83
86179.05,67302.28
86234.01,67370.23
86269.59,67414.36
86192.88,67295.63
86119.84,67199.71
86186.18,67303.42
86239.62,67374.93
86273.1,67416.75
86198.63,67300.61
86122.01,67202.91
86182.36,67299.58
86234.55,67370.15
86275.67,67418.63
86208.98,67305.66
86130.34,67205.97
86194.11,67308.27
86249.73,67380.23
86290.07,67432.28
86221.72,67322.36
86146.17,67223.56
86210.32,67319.95
86262.2,67388.56
86297.42,67436.84
86228.71,67328.15
86154.04,67230.0
86217.78,67325.51
86263.9,67389.34
86298.2,67436.22
86231.66,67331.12
86146.88,67220.39
86208.53,67315.16
86259.76,67387.67
86298.72,67437.16
86233.85,67330.88
86148.11,67220.48
86207.39,67315.25
86258.09,67383.96
86292.91,67430.05
86228.18,67327.52
86140.29,67215.25
86200.75,67310.24
86256.41,67386.13
86292.82,67433.96
86233.25,67334.77
86151.71,67224.91
86211.57,67321.13
86257.86,67388.36
86297.35,67438.66
86238.95,67341.29
86152.07,67227.72
86210.23,67321.06
86264.03,67394.66
86305.09,67447.37
86253.32,67353.42
86166.28,67241.33
86216.55,67328.5
86270.35,67401.75
86313.96,67452.17
86254.24,67353.23
86156.45,67231.41
86213.6,67322.42
86270.04,67396.5
86308.46,67443.73
86243.55,67344.48
86152.9,67226.16
86211.41,67319.88
86267.2,67388.3
86302.88,67435.01
86248.96,67347.99
86158.62,67227.14
86216.02,67320.63
86273.66,67398.4
86306.54,67444.58
86256.3,67357.18
86167.49,67235.3
86223.55,67325.73
86284.95,67406.78
86317.61,67452.38
86253.39,67355.46
86161.93,67236.46
86219.35,67325.93
86273.3,67398.42
86307.99,67449.43
86251.45,67359.35
86165.39,67239.77
86222.37,67326.45
86282.67,67404.45
86312.58,67446.5
86255.2,67355.17
86158.8,67228.44
86211.13,67311.25
86265.37,67387.67
86296.2,67431.45
86241.45,67344.53
86150.03,67224.1
86206.79,67309.66
86268.81,67392.98
86296.84,67433.34
86242.28,67343.77
86150.95,67217.98
86200.1,67299.18
86253.13,67371.3
86296.28,67423.5
86253.45,67351.3
86144.31,67216.79
86182.02,67287.47
86246.64,67373.01
86292.44,67428.08
86238.34,67344.24
86134.97,67208.3
86183.05,67286.66
86243.45,67371.91
86275.52,67414.78
86236.89,67338.85
86149.95,67220.81
86195.25,67296.09
86250.33,67370.77
86288.26,67421.51
86251.27,67352.71
86151.53,67219.13
86199.86,67296.85
86261.73,67378.77
86307.03,67433.18
86259.94,67357.47
86146.28,67218.02
86187.72,67290.33
86249.21,67370.01
86280.59,67415.5
86244.67,67353.98
86146.08,67219.49
86188.88,67289.73
86243.42,67367.22
86284.19,67418.11
86245.86,67347.81
86143.38,67210.22
86187.67,67288.54
86249.14,67374.37
86281.3,67413.33
86240.31,67342.8
86146.08,67212.99
86193.38,67288.29
86254.33,67375.33
86293.73,67426.67
86252.85,67355.3
86150.8,67216.86
86193.55,67288.9
86258.15,67376.83
86294.88,67427.34
86256.77,67364.49
86155.35,67227.74
86199.3,67294.93
86267.16,67383.87
86310.79,67439.16
86273.53,67378.62
86163.55,67232.03
86196.51,67292.2
86260.05,67378.46
86297.67,67427.41
86265.13,67366.84
86158.4,67220.66
86197.96,67290.82
86260.99,67379.48
86300.1,67431.7
86268.97,67371.46
86161.75,67225.93
86199.43,67293.37
86256.01,67376.38
86289.29,67421.64
86258.38,67365.45
86165.01,67230.52
86205.71,67296.88
86265.51,67382.66
86306.52,67435.68
86271.09,67372.98
86168.52,67228.66
86213.89,67302.64
86282.0,67396.95
86314.16,67445.78
86280.75,67385.59
86177.23,67239.88
86213.72,67302.13
86280.1,67390.71
86317.83,67444.27
86286.23,67391.27
86178.47,67236.3
86214.09,67299.55
86279.43,67393.01
86311.39,67437.09
86289.24,67387.29
86185.82,67239.5
86223.35,67303.94
86281.11,67389.05
86314.19,67440.22
86286.16,67389.57
86175.49,67232.57
86209.73,67292.83
86285.69,67394.33
86325.02,67448.58
86302.16,67403.2
86185.02,67243.86
86222.48,67307.88
86282.78,67394.95
86313.13,67442.56
86295.03,67403.56
86188.03,67249.11
86225.45,67307.96
86292.51,67402.87
86328.89,67454.32
86305.2,67408.52
86194.47,67250.32
86222.81,67303.58
86296.69,67406.06
86333.95,67455.08
86311.73,67407.9
86203.03,67252.17
86237.14,67308.88
86303.86,67405.59
86341.77,67457.98
86319.26,67415.85
86204.77,67254.79
86231.64,67304.21
86295.55,67398.4
86328.23,67447.57
86310.84,67408.79
86199.16,67251.1
86217.98,67294.28
86280.37,67383.55
86314.27,67433.11
86300.59,67404.37
86188.52,67243.45
86211.03,67288.47
86280.5,67389.14
86319.51,67437.24
86304.44,67400.01
86179.72,67228.45
86199.21,67268.4
86276.97,67375.48
86314.45,67426.56
86313.92,67407.2
86197.78,67244.8
86217.11,67286.03
86285.91,67382.77
86319.13,67428.64
86305.63,67395.96
86196.52,67238.65
86213.4,67276.58
86285.89,67375.73
86327.55,67430.96
86313.07,67399.18
86204.77,67245.24
86225.83,67284.9
86296.38,67386.88
86333.14,67441.67
86318.66,67413.3
86200.26,67245.34
86225.02,67285.97
86300.48,67391.4
86339.06,67442.16
86331.66,67418.4
86216.29,67256.17
86231.15,67295.29
86306.74,67400.09
86345.61,67452.31
86340.2,67429.87
86225.96,67266.43
86245.43,67304.01
86316.49,67406.09
86353.88,67452.63
86347.76,67430.49
86235.13,67274.91
86252.85,67312.59
86324.27,67412.75
86358.87,67459.26
86352.56,67437.71
86231.77,67271.91
86241.59,67303.42
86313.45,67405.66
86346.84,67454.7
86349.19,67441.27
86237.7,67280.72
86251.45,67315.7
86322.05,67414.73
86355.54,67458.32
86353.81,67442.56
86234.99,67278.99
86239.71,67306.62
86313.49,67408.75
86353.01,67460.11
86345.79,67439.75
86232.27,67277.67
86238.93,67299.58
86313.09,67403.45
86353.39,67456.16
86355.58,67439.93
86239.02,67274.95
86240.0,67294.87
86319.66,67407.56
86361.08,67456.29
86361.23,67441.45
86245.19,67279.04
86248.72,67302.28
86320.38,67404.9
86362.58,67458.81
86363.43,67449.36
86252.79,67293.68
86265.13,67319.18
86339.51,67420.97
86380.03,67470.08
86371.72,67453.38
86258.13,67296.45
86261.66,67317.51
86331.76,67419.88
86368.34,67470.73
86367.12,67456.58
86245.77,67290.7
86242.82,67305.26
86322.34,67412.14
86360.86,67459.93
86362.96,67448.87
86256.12,67296.38
86260.09,67313.93
86333.63,67413.04
86369.93,67459.95
86375.54,67455.53
86260.88,67295.27
86255.06,67306.22
86326.32,67408.48
86360.52,67452.53
86363.2,67449.25
86248.88,67288.56
86243.27,67295.34
86315.86,67402.16
86352.79,67450.52
86358.15,67446.41
86245.59,67286.3
86242.15,67294.04
86310.09,67393.88
86346.09,67440.87
86350.58,67433.34
86233.85,67269.27
86225.67,67276.45
86291.01,67371.98
86326.63,67421.15
86339.94,67427.09
86229.56,67269.8
86220.31,67274.41
86284.3,67365.72
86312.45,67400.19
86318.32,67397.13
86200.05,67230.6
86196.64,67236.19
86278.76,67347.55
86312.11,67395.23
86308.53,67388.36
86198.85,67229.4
86191.32,67229.66
86262.02,67331.37
86298.8,67381.21
86301.22,67381.25
86192.81,67224.52
86176.05,67218.11
86251.89,67326.02
86291.43,67377.86
86307.16,67384.9
86196.64,67226.11
86185.44,67226.58
86250.75,67324.5
86294.52,67378.84
86310.14,67387.65
86196.19,67230.78
86200.93,67242.52
86285.98,67354.56
86313.43,67394.33
86329.61,67401.33
86212.71,67237.35
86192.81,67233.4
86276.28,67355.7
86320.27,67413.51
86332.36,67415.81
86224.09,67259.5
86215.97,67258.41
86300.93,67374.39
86325.88,67412.93
86339.4,67421.24
86246.69,67278.48
86228.6,67269.23
86285.95,67364.11
86324.49,67416.86
86346.22,67430.49
86235.62,67267.17
86216.82,67257.94
86295.59,67369.3
86323.13,67413.22
86335.15,67424.66
86229.77,67266.92
86211.15,67252.4
86283.95,67356.66
86321.05,67406.04
86341.41,67424.73
86239.13,67269.72
86210.48,67248.93
86286.91,67358.68
86324.47,67407.49
86331.95,67414.24
86235.89,67264.91
86222.39,67253.58
86292.17,67353.47
86329.54,67405.91
86347.45,67422.09
86247.47,67269.12
86219.02,67243.79
86290.07,67353.47
86329.54,67410.35
86346.46,67428.75
86249.08,67281.16
86229.52,67262.07
86309.11,67374.95
86336.94,67418.18
86354.09,67433.73
86257.55,67283.17
86238.64,67263.15
86305.73,67366.91
86343.42,67421.06
86361.2,67441.49
86256.45,67285.37
86222.79,67251.84
86298.05,67363.98
86335.95,67417.89
86352.74,67433.16
86239.94,67265.41
86216.71,67241.27
86288.26,67350.66
86325.02,67403.36
86347.58,67429.87
86247.78,67277.79
86211.15,67241.51
86280.62,67349.63
86324.4,67406.82
86345.55,67427.63
86241.05,67264.4
86205.67,67228.44
86281.77,67342.8
86319.04,67393.99
86338.26,67418.4
86234.63,67262.05
86202.63,67225.71
86276.34,67336.23
86312.58,67387.71
86334.26,67413.41
86223.2,67247.59
86199.84,67217.57
86278.38,67331.95
86318.84,67384.09
86342.51,67410.31
86236.7,67253.29
86198.36,67212.77
86271.94,67324.03
86317.61,67385.45
86339.84,67411.34
86238.57,67255.91
86205.09,67216.25
86274.58,67324.77
86308.58,67376.27
86336.6,67408.57
86235.51,67250.3
