87830.84,69235.71
87862.07,69270.8
87876.2,69279.7
87891.57,69295.66
87860.77,69261.1
87826.88,69235.02
87866.67,69283.03
87883.28,69291.43
87895.69,69298.36
87862.54,69261.02
87832.3,69239.24
87869.31,69285.91
87884.66,69298.74
87897.12,69303.98
87875.7,69278.7
87844.97,69258.09
87880.98,69298.09
87895.28,69300.98
87899.64,69303.66
87868.84,69267.23
87839.02,69241.66
87870.45,69280.93
87875.23,69285.53
87882.32,69290.54
87858.02,69261.13
87838.95,69246.4
87877.29,69289.71
87885.49,69296.58
87895.1,69306.01
87867.19,69271.49
87837.28,69242.82
87865.91,69279.59
87885.91,69298.01
87897.3,69306.37
87879.3,69280.66
87842.71,69247.8
87869.55,69282.31
87879.21,69290.96
87892.22,69303.68
87862.55,69267.41
87828.14,69232.11
87868.77,69280.86
87891.7,69303.15
87902.23,69313.07
87879.26,69280.17
87848.48,69246.62
87877.58,69284.17
87892.33,69299.86
87898.66,69308.2
87881.05,69283.9
87851.25,69251.24
87880.09,69284.05
87889.96,69294.43
87890.5,69298.2
87878.72,69277.93
87856.23,69249.99
87882.25,69283.79
87893.85,69297.67
87898.01,69304.6
87876.02,69275.45
87847.38,69241.79
87879.55,69285.45
87894.77,69303.08
87899.98,69310.16
87876.02,69277.8
87850.29,69245.81
87891.7,69293.71
87906.81,69309.54
87903.17,69310.32
87872.86,69273.13
87843.54,69237.63
87879.03,69283.74
87894.63,69300.87
87892.78,69306.74
87872.44,69273.64
87846.29,69237.05
87874.74,69277.28
87892.89,69297.63
87896.76,69306.59
87879.3,69280.33
87857.98,69249.14
87887.28,69290.34
87895.02,69300.28
87892.53,69301.36
87875.5,69276.13
87851.63,69242.84
87871.3,69276.75
87884.13,69291.99
87888.8,69302.32
87873.82,69276.93
87843.67,69233.23
87869.51,69269.13
87879.86,69287.45
87881.8,69294.07
87871.43,69274.87
87839.47,69234.95
87866.63,69271.61
87890.16,69296.69
87900.49,69312.06
87884.66,69281.13
87862.2,69247.34
87877.84,69275.05
87894.39,69299.41
87897.2,69309.05
87881.09,69282.45
87855.61,69243.94
87876.84,69276.28
87892.02,69295.37
87895.08,69303.26
87876.08,69274.67
87842.2,69225.9
87870.83,69265.3
87886.2,69287.81
87893.31,69297.49
87879.91,69279.3
87853.26,69239.29
87885.0,69279.03
87897.56,69295.14
87897.18,69295.26
87886.66,69277.84
87855.96,69237.5
87880.26,69270.89
87890.86,69285.64
87904.2,69302.48
87895.73,69288.57
87851.43,69234.19
87882.59,69273.15
87900.2,69294.52
87900.91,69296.91
87889.41,69279.43
87855.07,69236.94
87874.67,69263.98
87894.5,69288.26
87903.38,69300.44
87890.09,69276.3
87860.26,69236.85
87887.91,69275.52
87908.31,69296.91
87920.7,69310.59
87904.87,69291.63
87862.88,69241.81
87892.69,69282.49
87911.04,69304.13
87915.13,69307.82
87911.8,69293.22
87872.35,69245.95
87888.02,69272.37
87910.55,69300.09
87913.5,69306.72
87897.8,69285.35
87857.75,69234.62
87881.34,69268.92
87901.32,69292.62
87905.14,69300.66
87901.96,69292.13
87860.75,69243.98
87877.16,69266.69
87909.2,69294.83
87918.77,69306.25
87907.42,69288.53
87864.19,69237.59
87889.36,69273.26
87913.07,69294.79
87921.99,69301.67
87912.29,69285.8
87876.2,69247.94
87905.63,69287.7
87931.02,69311.7
87942.27,69322.57
87937.77,69310.08
87888.17,69259.49
87908.96,69291.16
87934.73,69318.88
87940.68,69323.24
87936.74,69312.63
87892.55,69263.34
87911.4,69294.25
87932.52,69318.39
87942.94,69327.42
87938.3,69314.01
87894.32,69266.98
87916.96,69293.4
87943.78,69316.96
87947.9,69327.94
87937.21,69314.79
87897.18,69267.95
87921.48,69303.13
87948.7,69331.48
87959.79,69342.82
87954.73,69331.45
87908.55,69281.42
87924.96,69304.24
87941.51,69317.56
87953.84,69329.92
87950.49,69322.63
87893.49,69269.82
87918.51,69307.51
87958.49,69339.94
87969.6,69346.64
87964.7,69338.06
87910.26,69284.62
87920.7,69306.01
87947.98,69332.12
87962.56,69341.81
87948.95,69324.13
87898.91,69275.12
87920.77,69304.95
87952.37,69329.72
87965.17,69337.75
87961.2,69331.64
87904.22,69275.23
87922.17,69301.38
87950.89,69330.26
87965.65,69341.21
87964.48,69332.27
87918.23,69293.58
87941.66,69325.54
87981.36,69358.02
87984.38,69354.2
87965.31,69332.74
87917.37,69289.82
87928.74,69314.79
87950.0,69337.59
87962.96,69341.88
87955.92,69325.37
87902.79,69277.22
87925.59,69309.77
87970.61,69344.25
87977.05,69344.85
87973.18,69336.2
87917.74,69286.2
87932.36,69312.53
87965.76,69344.02
87970.88,69347.05
87960.33,69336.88
87910.44,69291.48
87934.51,69320.63
87960.33,69341.73
87956.3,69331.84
87954.2,69324.31
87899.93,69274.45
87903.4,69288.46
87930.89,69308.35
87940.97,69312.63
87927.8,69294.85
87873.76,69247.8
87898.32,69282.45
87933.59,69310.45
87943.85,69319.82
87940.21,69312.58
87879.95,69252.09
87898.34,69279.23
87937.21,69317.02
87945.13,69324.31
87937.7,69312.71
87884.51,69263.36
87898.01,69284.03
87930.11,69312.84
87939.31,69318.52
87931.49,69306.45
87890.32,69266.06
87907.58,69290.9
87940.32,69327.27
87939.9,69330.75
87941.44,69323.58
87895.41,69278.6
87910.59,69303.15
87947.98,69335.96
87957.24,69339.89
87958.78,69335.42
87905.3,69279.09
87923.13,69305.38
87958.05,69341.63
87961.91,69348.88
87960.88,69345.57
87911.22,69291.16
87921.03,69312.87
87954.91,69345.59
87962.13,69349.88
87961.73,69343.58
87916.34,69291.14
87926.98,69312.31
87952.63,69339.09
87953.51,69338.66
87959.37,69343.85
87920.9,69297.18
87927.36,69309.98
87957.93,69343.34
87959.25,69347.05
87957.93,69339.4
87916.96,69288.53
87930.38,69307.46
87964.51,69345.23
87963.99,69347.94
87962.25,69342.66
87913.16,69284.46
87927.73,69308.73
87956.03,69341.14
87958.07,69341.79
87965.58,69343.0
87925.99,69296.73
87937.51,69320.6
87967.16,69356.74
87963.55,69350.04
87964.82,69346.53
87919.16,69292.77
87928.48,69309.83
87950.73,69335.91
87957.45,69347.27
87968.7,69354.29
87924.8,69296.06
87936.99,69314.34
87966.05,69349.95
87968.15,69354.73
87962.72,69345.26
87923.63,69294.52
87929.08,69306.16
87957.4,69343.02
87951.02,69339.0
87957.64,69341.79
87926.09,69296.64
87934.17,69312.27
87958.72,69345.03
87962.59,69348.81
87965.33,69347.31
87924.41,69293.6
87935.07,69309.98
87970.16,69351.11
87965.47,69352.97
87961.94,69345.5
87923.02,69290.34
87929.91,69302.21
87963.56,69343.09
87960.5,69341.99
87957.6,69335.98
87917.55,69281.94
87920.98,69293.34
87944.26,69329.88
87949.1,69337.26
87952.97,69337.52
87903.98,69276.66
87908.89,69285.33
87948.34,69332.16
87948.88,69340.18
87943.0,69333.68
87906.44,69282.18
87923.55,69299.77
87953.91,69340.65
87951.97,69341.84
87947.83,69336.98
87904.27,69279.61
87916.07,69291.59
87946.2,69330.13
87942.42,69331.06
87938.78,69329.99
87906.95,69281.45
87916.07,69294.85
87945.1,69335.13
87945.33,69338.77
87946.83,69341.88
87908.96,69286.65
87912.94,69290.05
87944.88,69331.29
87948.92,69339.76
87950.34,69339.2
87915.8,69284.44
87925.91,69294.83
87950.06,69331.13
87947.56,69335.94
87951.05,69342.51
87915.78,69290.34
87921.99,69297.6
87953.75,69335.27
87962.91,69347.38
87965.69,69350.55
87935.34,69305.94
87950.49,69324.27
87982.34,69359.88
87977.36,69356.41
87969.67,69354.24
87934.45,69306.39
87933.84,69306.81
87967.84,69348.52
87966.31,69348.77
87975.84,69353.41
87935.38,69301.54
87930.93,69300.82
87967.79,69342.89
87974.32,69350.6
87978.2,69357.38
87933.05,69298.74
87932.97,69301.24
87968.7,69346.93
87970.49,69350.11
87976.71,69352.21
87928.83,69292.13
87928.98,69296.91
87963.68,69340.54
87971.3,69350.66
87977.83,69356.48
87937.73,69304.58
87928.88,69304.06
87962.07,69349.03
87964.23,69354.13
87963.59,69349.26
87920.83,69297.2
87918.08,69298.81
87950.52,69336.67
87964.39,69346.35
87974.74,69354.24
87920.52,69292.91
87918.04,69298.05
87958.78,69344.59
87958.49,69345.86
87968.55,69356.43
87931.0,69306.68
87927.09,69307.8
87958.42,69341.7
87968.48,69350.48
87975.95,69355.96
87922.35,69294.27
87917.66,69296.75
87955.54,69339.47
87970.61,69353.19
87979.23,69364.68
87938.94,69315.98
87931.6,69316.76
87966.92,69355.88
87971.86,69355.74
87978.05,69358.53
87929.57,69304.94
87917.34,69299.19
87959.56,69346.13
87972.22,69358.63
87979.97,69364.99
87933.91,69310.77
87933.46,69315.82
87968.13,69356.63
87978.16,69363.98
87985.27,69370.72
87937.48,69314.57
87928.09,69308.2
87967.41,69354.13
87979.03,69364.01
87985.31,69367.48
87933.84,69310.84
87921.59,69306.74
87957.76,69349.66
87973.42,69362.78
87989.59,69371.01
87939.43,69315.06
87917.3,69304.84
87955.5,69346.13
87973.09,69357.82
87985.41,69367.97
87937.13,69311.41
87921.79,69300.76
87965.13,69346.46
87978.63,69356.68
87992.18,69370.78
87934.8,69308.98
87923.91,69304.71
87967.68,69351.41
87983.88,69360.32
87996.36,69372.73
87945.98,69320.49
87925.52,69306.79
87966.65,69351.56
87981.63,69359.88
87994.75,69369.66
87940.5,69310.16
87923.0,69301.49
87962.29,69345.13
87973.47,69350.89
87995.95,69370.96
87968.93,69336.52
87952.05,69327.13
87983.23,69364.34
87987.91,69367.2
87994.3,69368.16
87952.05,69323.66
87929.26,69308.6
87966.7,69349.37
87980.8,69360.37
87992.89,69363.14
87946.09,69312.96
87933.62,69309.65
87974.54,69356.41
87978.79,69360.32
87995.3,69370.05
87954.76,69323.77
87933.19,69310.37
87975.19,69356.32
87990.34,69363.36
88003.82,69369.55
87961.06,69325.37
87935.49,69315.2
87968.51,69354.42
87981.63,69363.54
87996.0,69375.97
87959.56,69335.89
87945.2,69326.05
87977.13,69359.95
87989.96,69365.35
88008.23,69381.73
87958.56,69326.8
87938.6,69315.22
87977.24,69360.45
87984.94,69371.01
87995.53,69376.17
87965.82,69335.35
87944.57,69321.77
87981.45,69364.77
87983.59,69367.48
87984.73,69370.56
87940.39,69321.16
87919.45,69305.23
87971.66,69361.66
87990.09,69376.17
88000.98,69383.59
87964.8,69339.58
87941.57,69325.77
87978.92,69369.17
87989.74,69377.98
87995.44,69383.32
87968.35,69349.03
87952.95,69338.44
87990.21,69382.36
88001.3,69390.5
88016.49,69404.53
87980.06,69359.34
87963.68,69342.62
87993.2,69379.41
87996.52,69384.66
87996.87,69385.45
87969.96,69348.05
87949.17,69330.57
87985.91,69375.52
87988.0,69384.41
87993.85,69387.99
87963.92,69347.31
87954.94,69336.88
87988.29,69374.2
87994.3,69378.83
88016.85,69402.03
87982.5,69354.02
87954.47,69328.74
87989.74,69375.66
87998.48,69384.33
88008.41,69396.95
87977.09,69356.99
87957.04,69334.46
87985.02,69370.88
87989.25,69372.68
87999.42,69381.09
87971.19,69342.53
87949.8,69326.37
87983.66,69369.4
87993.27,69375.25
88000.58,69382.98
87980.46,69351.9
87965.63,69333.63
88005.12,69381.4
88023.47,69404.38
88022.48,69405.38
87994.5,69363.05
87968.3,69335.6
87997.07,69374.27
88000.4,69380.35
88012.8,69399.08
87988.29,69364.26
87965.53,69337.19
87998.57,69381.11
88004.29,69389.29
88008.63,69396.55
87980.11,69355.43
87956.66,69323.51
87984.76,69365.41
87988.65,69371.25
88007.78,69390.66
87991.33,69362.78
87973.06,69338.77
88001.09,69378.77
87999.95,69378.54
88005.01,69386.65
87975.5,69345.68
87957.04,69326.81
87987.73,69364.91
88005.43,69378.31
88011.48,69390.52
87980.15,69349.1
87957.45,69319.87
87989.83,69364.59
87998.86,69379.73
88007.11,69395.3
87985.8,69358.4
87963.37,69327.13
87993.31,69372.81
87996.73,69383.86
88002.97,69385.91
87972.62,69339.76
87954.6,69326.66
87988.45,69375.99
87995.26,69376.84
88002.41,69381.76
87983.37,69349.1
87967.09,69330.66
88000.52,69378.2
88007.02,69388.64
88015.35,69399.8
87993.25,69363.38
87962.74,69335.45
87993.8,69379.57
88000.7,69383.75
88004.76,69388.84
87983.44,69356.7
87960.82,69329.84
87992.84,69370.83
88004.56,69386.65
88011.2,69398.66
87990.68,69362.8
87962.85,69328.36
87989.05,69366.96
87997.23,69380.55
88002.44,69387.39
87977.09,69347.98
87951.92,69316.69
87988.63,69367.23
88010.2,69392.95
88011.2,69398.25
87985.83,69364.03
87962.23,69332.29
88008.96,69387.52
88017.52,69399.15
88013.99,69400.02
87991.48,69364.13
87960.08,69327.3
87989.83,69365.64
88007.69,69383.86
88018.24,69399.77
87995.62,69367.66
87964.48,69332.25
87996.76,69374.52
88007.82,69385.16
88014.13,69391.48
87988.0,69358.71
87950.63,69320.76
87984.87,69367.2
88000.96,69383.08
88011.17,69394.23
87988.89,69364.1
87960.21,69329.05
87984.58,69364.75
88005.59,69389.0
88016.34,69397.11
87988.76,69354.98
87957.33,69316.96
87991.23,69363.45
88001.12,69374.02
88009.27,69383.91
87989.63,69354.63
87956.03,69320.87
87992.27,69370.56
88006.77,69374.09
88016.3,69385.2
87989.96,69353.26
87951.38,69310.25
87979.44,69344.97
88001.09,69366.31
88022.02,69384.04
88000.71,69353.93
87962.0,69314.41
87986.61,69348.77
88007.66,69373.84
88030.98,69390.97
88011.42,69362.09
87963.34,69315.98
87993.54,69357.51
88018.35,69382.0
88026.4,69386.67
88006.98,69358.98
87965.06,69320.87
87998.34,69362.36
88023.89,69383.3
88031.38,69384.51
88011.63,69355.45
87968.77,69317.77
88001.12,69358.78
88020.27,69375.92
88035.31,69389.55
88015.67,69361.35
87973.05,69321.52
88002.23,69362.47
88021.41,69375.52
88035.56,69384.38
88020.92,69364.77
87982.86,69328.98
88014.64,69364.81
88039.74,69386.43
88049.62,69395.28
88028.72,69366.36
87985.59,69324.63
88013.27,69366.87
88033.57,69385.27
88048.73,69393.96
88026.98,69366.94
87978.79,69326.86
88002.05,69364.34
88025.03,69386.12
88036.88,69389.31
88019.4,69363.77
87979.97,69328.25
88012.13,69368.55
88033.26,69384.75
88042.42,69392.64
88019.11,69367.72
87979.28,69333.48
88002.46,69363.52
88026.55,69383.92
88041.95,69396.02
88025.88,69368.7
87991.44,69334.13
88014.82,69370.45
88034.6,69387.55
88040.5,69389.02
88019.67,69363.79
87977.05,69318.59
88003.58,69349.95
88028.07,69376.64
88042.83,69390.61
88032.37,69375.32
87993.74,69340.43
88024.12,69374.07
88039.47,69386.32
88042.94,69389.8
88031.49,69371.63
87997.95,69342.77
88023.94,69381.34
88045.13,69395.23
88054.16,69395.99
88035.65,69371.68
87991.95,69335.09
88016.9,69371.79
88039.74,69390.77
88041.04,69387.61
88026.27,69365.82
87980.06,69322.15
88014.15,69363.23
88032.97,69384.23
88030.76,69384.59
88028.5,69373.2
87982.56,69326.03
88009.07,69359.65
88025.03,69379.21
88030.15,69386.88
88015.11,69363.67
87973.42,69321.95
87994.59,69353.02
88016.41,69370.05
88030.94,69384.53
88028.16,69374.88
87991.08,69332.63
88019.22,69369.02
88037.02,69385.27
88044.34,69390.38
88034.16,69371.84
87991.15,69326.64
88015.2,69363.59
88036.61,69386.05
88038.2,69389.38
88026.73,69368.28
87990.74,69327.11
88010.3,69357.86
88028.27,69378.72
88038.96,69385.65
88027.0,69367.48
87982.3,69318.08
88008.49,69349.81
88034.53,69383.63
88036.95,69392.73
88020.23,69363.25
87981.73,69315.98
88012.02,69355.54
88038.73,69381.17
88043.77,69390.72
88021.99,69364.19
87985.72,69320.73
88014.95,69357.59
88050.36,69396.94
88048.01,69395.33
88030.84,69366.76
87996.98,69323.73
88012.54,69350.17
88034.11,69376.3
88036.61,69380.35
88034.66,69371.5
87988.78,69316.13
88005.99,69346.82
88025.05,69370.45
88030.63,69378.43
88021.93,69363.61
87984.63,69315.93
88008.38,69347.27
88033.66,69374.54
88033.95,69379.43
88027.16,69366.55
87990.48,69321.2
88008.45,69346.02
88036.74,69381.13
88038.83,69384.59
88026.91,69363.56
87988.29,69312.65
88005.27,69338.38
88030.87,69369.82
88034.22,69375.59
88024.81,69361.38
87978.7,69301.85
87994.39,69327.27
88022.87,69360.21
88027.45,69371.59
88018.87,69355.65
87981.73,69305.05
88003.82,69337.26
88028.3,69367.7
88039.16,69378.38
88040.92,69375.77
88003.46,69324.56
88014.73,69344.05
88033.21,69369.4
88040.84,69379.77
88039.0,69375.19
87991.69,69314.59
88013.66,69342.51
88036.39,69368.05
88032.7,69371.61
88024.54,69360.48
87992.27,69310.84
88006.34,69335.11
88029.98,69364.52
88031.31,69368.26
88025.5,69356.19
87988.17,69306.68
88015.45,69343.58
88046.0,69383.66
88039.47,69382.9
88029.34,69367.23
87995.38,69320.11
88012.77,69347.27
88036.3,69376.33
88046.89,69386.34
88044.75,69380.95
88004.45,69323.69
88017.44,69341.99
88036.9,69369.33
88045.33,69383.23
88050.85,69381.2
88011.66,69326.41
88026.55,69350.64
88049.62,69381.55
88045.66,69383.7
88038.71,69372.21
87999.13,69316.18
88012.29,69336.63
88042.2,69376.52
88052.41,69387.79
88048.84,69376.03
88009.01,69321.9
88018.69,69340.45
88044.32,69374.05
88051.07,69381.89
88042.69,69366.98
87994.55,69309.34
88012.74,69337.32
88039.61,69366.58
88049.58,69374.78
88054.11,69371.74
88009.88,69320.96
88024.41,69345.91
88045.3,69369.4
88048.34,69368.73
88048.73,69362.55
88001.19,69309.96
88014.04,69332.67
88049.91,69370.34
88057.24,69376.66
88057.69,69372.66
88015.16,69322.19
88029.5,69345.59
88060.13,69381.65
88069.58,69390.23
88063.68,69381.42
88017.27,69322.46
88020.56,69335.6
88056.05,69377.22
88071.23,69391.34
88068.8,69384.82
88020.79,69328.8
88036.05,69352.41
88071.66,69388.57
88069.63,69384.06
88065.63,69376.98
88014.75,69322.5
88023.89,69340.77
88054.31,69371.97
88071.46,69384.35
88075.84,69384.55
88024.99,69330.51
88040.79,69356.5
88074.19,69395.52
88079.15,69397.23
88073.34,69384.04
88023.55,69328.09
88035.56,69346.62
88060.55,69376.68
88064.53,69380.57
88066.54,69378.7
88021.7,69325.56
88030.69,69345.39
88066.56,69383.61
88067.19,69381.58
88075.13,69386.52
88032.88,69337.05
88036.84,69351.49
88059.01,69373.27
88064.84,69376.3
88069.63,69378.92
88019.8,69322.01
88026.6,69333.74
88060.57,69373.42
88068.24,69384.41
88073.29,69382.12
88024.05,69329.01
88025.55,69347.18
88053.6,69382.36
88059.7,69380.05
88067.34,69376.19
88021.7,69324.45
88030.84,69340.61
88064.1,69373.73
88075.8,69386.05
88069.06,69381.69
88018.17,69332.18
88026.58,69347.52
88053.94,69368.52
88062.23,69373.69
88068.15,69376.86
88014.04,69319.22
88020.48,69336.3
88064.1,69384.08
88066.38,69385.2
88069.16,69381.49
88020.02,69326.17
88022.06,69342.51
88053.48,69375.41
88058.61,69377.04
88066.05,69379.73
88016.05,69324.05
88020.48,69336.98
88056.1,69374.36
88058.72,69375.56
88065.47,69378.83
88026.8,69334.02
88031.18,69347.72
88071.93,69388.73
88075.44,69387.48
88072.66,69380.17
88029.46,69331.64
88028.84,69339.04
88064.84,69375.38
88072.22,69377.09
88078.74,69375.95
88036.05,69331.96
88029.02,69336.8
88068.46,69376.75
88068.64,69376.93
88068.73,69373.22
88024.72,69328.65
88022.64,69331.82
88053.45,69363.25
88061.04,69369.48
88075.39,69377.96
88025.88,69323.69
88029.37,69337.55
88068.73,69379.09
88075.39,69382.61
88088.42,69390.16
88037.55,69333.77
88037.02,69338.59
88071.73,69376.41
88071.21,69373.06
88074.12,69374.0
88033.26,69329.03
88032.61,69337.45
88072.73,69381.4
88080.38,69383.63
88079.2,69381.87
88034.11,69333.63
88034.76,69335.8
88075.33,69379.09
88072.48,69379.27
88073.16,69382.56
88029.5,69333.32
88034.16,69335.47
88068.02,69373.35
88073.98,69379.12
88083.22,69386.2
88042.6,69337.41
88038.38,69338.59
88071.44,69376.1
88075.77,69382.3
88079.48,69386.8
88040.39,69340.61
88040.88,69346.59
88077.02,69388.91
88074.52,69386.97
88083.23,69391.97
88044.66,69343.65
88050.31,69354.09
88083.69,69395.64
88089.63,69398.16
88085.72,69393.94
88040.37,69339.22
88041.69,69341.81
88083.69,69388.15
88084.53,69386.67
88090.14,69394.16
88053.55,69346.42
88045.8,69342.91
88081.31,69383.16
88082.25,69388.26
88086.16,69394.41
88048.28,69342.73
88042.47,69343.18
88074.12,69381.13
88078.34,69389.63
88086.16,69395.97
88040.7,69335.09
88037.77,69334.95
88068.84,69377.11
88077.11,69384.26
88090.77,69395.34
88052.15,69344.48
88042.63,69341.44
88074.66,69383.05
88080.63,69388.8
88090.55,69398.19
88047.74,69342.73
88046.73,69344.83
88080.35,69389.78
88088.06,69399.44
88089.18,69395.52
88052.46,69343.18
88051.19,69343.49
88077.59,69379.5
88079.91,69383.57
88083.17,69388.59
88047.45,69339.42
88049.15,69343.76
88079.26,69382.02
88082.34,69385.49
88085.85,69393.58
88052.55,69346.17
88045.71,69338.75
88082.68,69384.41
88082.12,69389.38
88076.45,69389.73
88042.89,69341.91
88041.77,69340.2
88073.83,69382.96
88077.63,69384.91
88083.73,69393.65
88047.45,69342.73
88044.21,69339.91
88071.93,69380.15
88076.53,69387.3
88082.03,69401.09
88049.3,69351.6
88048.13,69337.3
88087.44,69386.05
88088.6,69395.01
88091.64,69403.51
88060.08,69351.27
88062.88,69352.52
88088.02,69387.77
88086.19,69388.04
88081.27,69387.93
88043.41,69336.0
88041.62,69334.84
88072.69,69377.64
88081.74,69389.42
88086.41,69397.02
88053.53,69352.81
88037.51,69332.85
88071.77,69375.32
88079.66,69384.26
88098.03,69402.59
88064.55,69353.64
88048.8,69339.2
88083.22,69386.09
88085.72,69390.41
88094.57,69402.81
88055.7,69357.66
88050.6,69350.73
88089.85,69391.03
88089.59,69390.77
88102.44,69406.16
88068.69,69362.67
88054.27,69346.53
88090.97,69389.11
88105.19,69401.54
88116.02,69416.18
88077.98,69370.7
88064.15,69357.98
88101.03,69401.7
88102.68,69401.47
88108.05,69407.2
88070.05,69360.45
88049.89,69342.4
88086.19,69387.16
88097.34,69395.91
88111.58,69409.72
88072.28,69362.6
88051.54,69348.37
88084.2,69387.41
88090.48,69394.97
88102.68,69404.65
88064.71,69355.88
88045.1,69340.18
88081.63,69385.52
88094.66,69400.42
88108.65,69414.3
88077.49,69373.53
88059.43,69356.73
88080.31,69388.06
88092.83,69396.02
88098.37,69400.73
88064.28,69360.3
88048.5,69347.24
88094.16,69396.53
88101.81,69399.95
88104.38,69403.91
88060.95,69354.16
88041.82,69341.44
88078.34,69391.08
88094.7,69405.7
88101.72,69410.91
88066.09,69366.8
88043.2,69345.75
88077.85,69385.65
88090.99,69397.31
88097.99,69403.41
88061.4,69359.7
88044.32,69348.3
88083.7,69393.02
88096.45,69403.46
88105.12,69414.41
88069.27,69370.72
88048.3,69347.73
88085.52,69391.41
88104.61,69409.38
88113.01,69415.95
88080.2,69376.3
88055.77,69354.11
88087.15,69392.58
88097.19,69397.38
88111.78,69409.3
88072.66,69366.98
88045.62,69348.59
88081.27,69390.66
88095.4,69399.99
88111.24,69412.55
88068.8,69364.99
88040.45,69341.63
88082.03,69390.18
88100.96,69406.92
88113.77,69414.91
88081.2,69373.4
88052.82,69348.84
88094.75,69401.76
88105.74,69414.68
88113.88,69416.47
88078.88,69372.98
88050.02,69347.18
88095.4,69397.54
88113.28,69412.06
88118.95,69414.93
88087.28,69376.82
88054.85,69353.3
88092.49,69398.34
88105.55,69406.48
88116.05,69415.27
88088.11,69383.03
88059.7,69359.49
88098.55,69402.3
88113.39,69417.23
88123.76,69431.78
88087.64,69389.22
88059.01,69358.31
88097.45,69401.98
88111.34,69416.49
88122.91,69428.23
88087.35,69380.88
88051.85,69351.38
88088.47,69395.75
88107.45,69411.1
88118.71,69420.96
88084.63,69383.12
88056.1,69360.45
88095.69,69406.99
88114.35,69420.54
88128.05,69430.33
88094.05,69390.16
88061.09,69357.51
88094.21,69397.29
88111.34,69409.88
88124.55,69420.78
88099.6,69390.34
88070.03,69367.27
88105.27,69412.4
88117.81,69418.77
88120.5,69420.52
88082.03,69378.94
88053.71,69355.18
88090.19,69400.58
88101.79,69404.94
88110.28,69410.61
88088.04,69382.02
88051.3,69349.59
88089.92,69394.43
88108.85,69407.04
88114.69,69415.09
88089.02,69382.7
88060.08,69356.37
88094.01,69394.41
88108.0,69403.93
88118.22,69413.43
88091.53,69386.98
88054.31,69357.69
88078.37,69388.1
88103.33,69407.71
88109.75,69414.62
88079.41,69380.46
88046.67,69349.62
88079.35,69390.79
88098.64,69407.73
88104.41,69409.12
88079.48,69370.63
88053.46,69343.55
88084.22,69385.83
88100.88,69402.05
88106.46,69409.96
88086.5,69381.58
88059.48,69350.84
88090.08,69388.33
88099.71,69399.7
88099.53,69403.57
88072.66,69369.44
88038.24,69329.09
88070.03,69368.3
88088.8,69390.27
88089.48,69390.5
88078.81,69369.73
88054.36,69344.43
88086.05,69386.95
88100.31,69402.92
88110.35,69413.85
88096.45,69390.16
88063.27,69350.06
88094.86,69390.77
88100.36,69401.34
88093.45,69400.53
88068.58,69366.09
88042.02,69332.09
88069.65,69369.38
88083.88,69384.51
88087.82,69393.24
88071.88,69367.25
88043.49,69331.29
88069.34,69368.99
88079.52,69383.37
88086.08,69392.76
88062.07,69358.18
88026.27,69317.88
88053.6,69356.48
88072.89,69377.04
88079.02,69389.4
88054.45,69358.16
88029.17,69325.56
88069.63,69375.32
88082.73,69388.84
88085.41,69395.03
88063.95,69366.91
88035.16,69325.92
88071.99,69365.69
88082.37,69380.23
88084.38,69390.38
88065.18,69362.55
88033.37,69324.83
88063.5,69365.15
88077.45,69385.06
88084.4,69397.18
88071.15,69370.38
88041.8,69328.6
88062.31,69358.47
88080.09,69380.88
88082.99,69395.66
88070.66,69377.87
88040.34,69332.41
88071.26,69369.89
88092.54,69391.37
88088.24,69389.83
88084.71,69378.83
88050.45,69332.78
88078.66,69373.58
88099.09,69402.23
88106.53,69413.32
88088.09,69385.13
88050.76,69340.3
88079.86,69377.87
88105.12,69404.2
88112.01,69412.63
88097.41,69392.58
88060.69,69348.52
88087.59,69379.45
88109.26,69408.63
88109.05,69415.33
88082.52,69375.16
88046.85,69330.62
88079.02,69373.89
88101.55,69399.7
88103.47,69405.72
88093.72,69388.44
88059.57,69347.88
88087.2,69380.44
88107.76,69403.41
88103.06,69407.23
88083.13,69376.51
88045.77,69328.07
88082.95,69374.94
88109.21,69402.88
88111.67,69406.7
88094.05,69383.79
88056.26,69344.74
88080.98,69381.63
88099.6,69398.41
88110.59,69408.06
88093.72,69379.32
88053.46,69333.74
88082.81,69375.01
88096.38,69393.96
88106.86,69406.39
88095.46,69388.15
88058.92,69344.61
88077.59,69370.4
88103.78,69397.42
88112.27,69410.61
88100.0,69391.79
88062.54,69344.19
88085.83,69374.25
88110.62,69399.57
88129.51,69418.34
88118.38,69399.33
88075.99,69355.41
88095.35,69388.95
88115.6,69411.22
88122.27,69419.91
88111.71,69402.52
88066.48,69350.02
88093.3,69386.95
88123.96,69418.64
88130.16,69423.45
88119.83,69404.53
88073.42,69353.91
88098.37,69389.85
88134.0,69423.48
88134.8,69427.49
88121.62,69411.22
88085.85,69366.24
88105.3,69395.01
88133.17,69424.6
88143.81,69429.79
88134.84,69413.66
88082.48,69358.45
88102.52,69387.61
88133.13,69418.66
88143.01,69427.0
88133.51,69413.32
88077.11,69357.86
88096.23,69385.71
88123.18,69414.57
88131.83,69424.43
88125.39,69408.02
88077.02,69355.02
88103.64,69390.23
88134.67,69414.86
88138.78,69425.01
88121.7,69408.2
88070.32,69355.02
88096.47,69383.5
88129.28,69413.85
88139.95,69423.69
88129.44,69409.96
88085.49,69363.7
88102.51,69386.92
88134.58,69416.31
88138.94,69421.56
88132.08,69407.41
88084.42,69359.77
88102.86,69386.07
88135.07,69416.67
88143.32,69425.37
88135.02,69411.04
88080.24,69357.48
88102.17,69386.2
88133.77,69413.63
88143.45,69423.29
88129.59,69407.98
88076.78,69356.77
88101.37,69387.14
88131.77,69416.94
88138.91,69417.9
88133.17,69406.97
88082.05,69352.79
88100.05,69380.82
88122.89,69408.4
88121.73,69409.0
88116.72,69392.38
88068.91,69340.74
88095.2,69373.91
88127.92,69406.03
88131.67,69410.03
88125.26,69399.08
88081.34,69351.16
88106.28,69387.57
88134.11,69413.5
88138.94,69413.7
88124.39,69396.15
88080.82,69354.35
88103.73,69385.18
88129.62,69408.98
88141.64,69419.73
88138.49,69411.69
88090.03,69356.84
88106.98,69384.71
88130.76,69408.78
88133.66,69405.9
88133.28,69399.55
88083.95,69347.58
88102.28,69373.2
88132.16,69401.92
88144.3,69413.32
88141.04,69405.77
88095.13,69356.92
88110.75,69378.92
88141.33,69410.99
88138.42,69405.49
88132.05,69396.35
88081.18,69342.93
88100.91,69375.81
88131.98,69409.61
88136.45,69415.3
88136.01,69412.96
88094.55,69368.79
88110.64,69391.19
88137.3,69414.86
88140.03,69416.88
88137.55,69413.63
88091.64,69358.87
88103.66,69373.02
88139.2,69412.91
88138.47,69414.46
88138.67,69408.47
88088.76,69354.91
88102.75,69381.87
88133.57,69410.59
88136.37,69411.73
88134.47,69406.73
88099.3,69358.29
88113.77,69382.36
88135.83,69407.3
88139.09,69408.4
88140.34,69406.43
88108.25,69369.27
88124.63,69396.48
88144.64,69414.26
88146.63,69415.35
88141.06,69404.31
88097.21,69347.18
88106.2,69366.16
88137.35,69404.0
88144.57,69414.32
88140.95,69410.3
88096.23,69359.47
88104.94,69376.52
88131.2,69404.51
88137.48,69404.35
88140.41,69402.95
88096.23,69353.86
88104.96,69370.6
88132.39,69400.4
88135.97,69403.62
88137.69,69405.45
88099.91,69355.2
88120.79,69379.92
88147.07,69414.05
88147.39,69415.93
88147.14,69410.01
88104.85,69358.11
88104.29,69369.15
88130.49,69403.15
88140.23,69409.23
88136.81,69403.57
88098.23,69354.89
88110.87,69375.68
88140.99,69410.01
88146.34,69411.64
88139.88,69404.78
88097.19,69350.06
88106.73,69366.65
88136.01,69403.86
88145.02,69415.04
88145.62,69416.0
88107.53,69367.14
88122.58,69382.36
88149.94,69412.91
88145.64,69413.56
88150.67,69418.46
88108.25,69359.0
88116.95,69373.02
88148.59,69417.43
88153.2,69422.13
88150.29,69412.7
88119.83,69367.59
88131.83,69386.49
88154.45,69413.74
88159.03,69420.09
88155.66,69415.82
88117.59,69364.01
88123.31,69379.39
88154.3,69416.83
88151.66,69413.81
88149.78,69409.2
88114.3,69358.89
88123.11,69374.47
88154.74,69414.99
88159.79,69427.69
88158.16,69422.88
88118.6,69364.68
88120.48,69367.7
88141.95,69400.27
88142.73,69405.27
88150.27,69412.87
88115.45,69362.49
88125.39,69376.55
88159.7,69418.33
88157.27,69417.34
88159.21,69417.16
88114.93,69358.27
88126.69,69374.42
88157.76,69417.32
88158.98,69427.04
88153.53,69422.88
88113.84,69364.14
88123.13,69376.62
88156.44,69413.97
88158.67,69414.01
88163.62,69414.84
88122.89,69363.38
88126.76,69369.93
88161.73,69413.07
88159.86,69418.8
88163.97,69427.63
88116.07,69366.94
88121.62,69369.58
88156.64,69409.2
88169.42,69421.99
88184.06,69435.27
88141.95,69383.66
88145.46,69388.35
88184.8,69430.77
88185.77,69432.88
88178.84,69428.96
88129.1,69369.89
88128.86,69379.21
88161.94,69420.91
88173.8,69431.24
88184.83,69439.78
88133.77,69370.58
88139.95,69378.98
88179.17,69430.13
88177.31,69431.84
88182.21,69435.16
88136.86,69371.61
88131.45,69370.52
88166.97,69412.31
88173.85,69418.59
88184.73,69427.29
88143.63,69380.93
88140.7,69386.16
88172.96,69420.2
88180.53,69425.81
88189.38,69434.33
88143.27,69377.13
88140.26,69381.02
88180.84,69425.03
88194.28,69440.12
88195.42,69438.62
88146.63,69381.22
88148.41,69387.88
88182.81,69427.45
88189.72,69437.13
88204.14,69445.62
88150.2,69379.79
88140.44,69377.2
88179.69,69424.2
88190.17,69434.91
88201.23,69444.03
88144.57,69381.34
88140.16,69382.61
88185.74,69433.99
88184.2,69428.67
88189.14,69428.78
88144.3,69376.93
88134.11,69377.89
88176.31,69427.63
88190.62,69431.76
88199.06,69436.61
88153.91,69383.79
88146.18,69384.8
88188.36,69432.18
88194.23,69436.34
88198.93,69439.36
88161.45,69399.55
88154.36,69399.95
88189.12,69433.93
88196.2,69435.38
88204.14,69439.47
88156.46,69389.73
88150.67,69394.84
88189.38,69439.2
88197.09,69441.81
88202.75,69442.02
88149.84,69385.87
88137.59,69385.27
88177.47,69426.51
88185.74,69428.43
88190.34,69433.08
88142.27,69386.54
88136.68,69382.67
88179.02,69429.23
88190.19,69439.58
88201.12,69446.15
88155.08,69395.64
88141.93,69390.45
88186.59,69434.82
88196.2,69440.23
88208.32,69445.82
88164.35,69399.46
88152.1,69397.07
88192.23,69441.68
88200.36,69441.48
88204.12,69444.07
88165.88,69404.51
88159.01,69403.39
88193.74,69438.22
88199.63,69437.66
88202.02,69438.66
88158.25,69394.88
88144.5,69387.08
88174.3,69421.01
88184.91,69427.4
88195.94,69432.14
88153.6,69385.09
88140.59,69379.73
88179.98,69422.55
88193.81,69428.61
88193.25,69429.45
88142.89,69377.2
88139.81,69374.63
88182.23,69421.16
88189.66,69428.95
88197.66,69436.27
88154.16,69385.6
88137.2,69372.91
88174.25,69414.44
88193.37,69432.49
88215.2,69453.71
88177.52,69406.88
88157.13,69397.2
88195.45,69444.38
88203.53,69445.82
88203.11,69446.71
88160.09,69400.76
88156.41,69399.84
88201.55,69447.27
88210.62,69452.37
88205.55,69448.9
88167.08,69402.3
88156.23,69398.56
88197.32,69449.13
88211.38,69458.24
88217.84,69459.9
88177.61,69415.71
88157.09,69399.99
88196.36,69441.16
88194.26,69437.88
88201.92,69445.05
88170.56,69405.92
88156.51,69395.26
88195.53,69440.52
88199.11,69445.15
88203.29,69455.41
88167.37,69407.22
88159.95,69395.08
88190.55,69431.73
88200.7,69442.53
88205.77,69446.06
88171.05,69400.48
88159.3,69392.06
88197.21,69443.07
88208.12,69452.37
88205.3,69455.23
88167.75,69403.2
88159.16,69390.9
88194.46,69436.81
88198.13,69439.24
88203.91,69445.73
88170.63,69398.45
88161.85,69389.98
88192.45,69436.52
88191.55,69438.22
88199.06,69445.64
88168.35,69403.75
88154.85,69386.65
88187.42,69431.02
88199.87,69448.81
88204.63,69455.74
88168.11,69402.45
88161.16,69388.91
88190.75,69431.73
88191.46,69438.66
88201.84,69451.3
88179.08,69417.66
88167.7,69403.2
88209.97,69452.57
88207.54,69449.46
88206.22,69451.0
88173.29,69407.82
88153.66,69387.28
88189.38,69430.93
88202.75,69444.14
88210.09,69454.8
88175.38,69406.05
88159.59,69388.41
88195.13,69432.41
88199.13,69436.54
88200.96,69448.01
88168.78,69405.59
88152.3,69385.13
88186.23,69430.87
88196.45,69440.88
88206.59,69453.15
88173.47,69404.71
88155.23,69384.08
88190.17,69429.73
88198.04,69436.92
88203.83,69449.13
88177.88,69413.25
88166.16,69393.31
88203.83,69438.87
88209.23,69449.21
88213.13,69454.89
88187.33,69414.44
88163.34,69388.44
88193.81,69436.18
88203.55,69450.82
88215.41,69463.36
88191.04,69422.26
88167.37,69393.76
88207.63,69444.05
88214.22,69449.84
88216.16,69451.88
88184.65,69408.24
88169.65,69389.63
88203.18,69435.58
88212.37,69450.17
88221.2,69462.72
88199.29,69423.27
88173.25,69387.97
88204.38,69430.71
88210.35,69437.73
88217.75,69450.84
88197.45,69419.11
88184.94,69399.68
88221.17,69445.3
88229.04,69456.52
88232.32,69462.23
88198.39,69417.07
88178.99,69393.83
88212.23,69437.39
88221.93,69448.19
88237.17,69464.13
88204.38,69417.92
88180.76,69388.84
88212.81,69429.79
88228.55,69447.7
88241.66,69460.88
88209.1,69421.27
88181.34,69393.85
88220.27,69443.49
88230.11,69457.35
88244.33,69469.24
88210.42,69425.14
88192.72,69401.59
88224.7,69443.27
88232.3,69456.75
88244.51,69466.98
88214.17,69421.68
88189.34,69397.67
88225.48,69442.55
88240.98,69457.84
88252.73,69471.41
88221.46,69434.71
88186.52,69403.3
88219.07,69442.02
88229.41,69454.65
88232.7,69462.31
88203.87,69425.66
88168.22,69388.24
88205.93,69430.23
88227.27,69451.94
88243.03,69468.15
88207.22,69426.15
88174.81,69395.59
88216.25,69442.4
88235.63,69461.58
88238.23,69467.81
88209.46,69424.78
88175.93,69395.77
88209.86,69438.11
88227.9,69448.23
88237.58,69457.51
88211.89,69429.5
88177.3,69398.14
88216.74,69445.48
88234.83,69458.89
88248.87,69469.11
88220.57,69431.09
88182.05,69395.37
88210.93,69431.91
88236.64,69455.61
88251.55,69470.52
88221.84,69433.32
88178.26,69394.92
88208.72,69433.75
88230.05,69451.63
88242.8,69466.78
88219.41,69436.14
88187.22,69404.65
88212.85,69438.69
88224.08,69449.28
88228.01,69454.0
88198.17,69417.23
88165.6,69390.01
88199.22,69426.7
88222.31,69445.77
88229.24,69450.6
88207.16,69421.52
88166.85,69385.36
88200.07,69430.02
88217.55,69441.86
88234.88,69455.54
88209.91,69425.27
88169.72,69391.08
88205.08,69432.77
88222.27,69445.84
88233.42,69453.35
88213.3,69428.38
88169.54,69393.42
88204.59,69433.66
88228.28,69451.47
88233.27,69457.48
88203.18,69420.67
88171.8,69389.55
88201.86,69423.53
88220.23,69443.56
88233.82,69453.62
88214.09,69427.11
88179.13,69395.1
88210.91,69435.0
88227.72,69447.07
88235.74,69458.34
88216.61,69433.93
88180.04,69397.29
88211.67,69437.77
88232.03,69457.59
88239.41,69463.03
88225.55,69437.03
88187.87,69405.8
88224.68,69451.8
88236.62,69460.23
88242.76,69465.27
88220.99,69443.58
88184.4,69403.95
88216.14,69437.7
88232.08,69456.91
88243.43,69470.13
88221.44,69442.09
88184.45,69406.92
88216.48,69441.93
88237.22,69462.2
88243.74,69470.54
88229.06,69447.27
88194.82,69411.46
88222.24,69449.28
88251.68,69471.88
88257.91,69477.4
88227.95,69444.25
88194.35,69408.8
88225.71,69447.6
88249.52,69470.8
88255.52,69470.38
88226.42,69435.11
88188.18,69395.3
88214.62,69435.18
88228.19,69450.65
88225.84,69448.63
88217.55,69431.06
88182.37,69393.2
88212.63,69433.23
88243.03,69464.15
88248.98,69474.05
88229.22,69442.33
88186.66,69398.55
88210.69,69436.77
88237.2,69465.06
88241.38,69469.4
88226.45,69446.22
88189.5,69403.41
88213.26,69433.26
88230.0,69451.96
88229.04,69458.34
88225.04,69451.45
88192.96,69412.16
88218.73,69445.1
88238.56,69464.84
88234.29,69462.85
88221.91,69443.09
88190.33,69402.12
88220.23,69439.31
88232.81,69452.88
88232.59,69459.3
88220.16,69445.03
88186.81,69407.44
88218.31,69445.23
88239.7,69471.84
88239.12,69476.02
88221.2,69443.58
88187.95,69397.96
88220.86,69438.46
88246.38,69469.66
88249.24,69477.22
88235.88,69458.49
88195.84,69409.16
88212.85,69438.77
88231.3,69463.7
88242.31,69475.55
88230.45,69455.49
88193.37,69409.41
88221.55,69444.03
88245.38,69472.77
88250.83,69480.82
88235.43,69456.73
88196.02,69408.29
88212.54,69433.01
88230.94,69459.97
88242.65,69476.23
88235.59,69457.17
88201.86,69410.73
88220.74,69442.13
88241.17,69463.81
88250.8,69475.21
88242.54,69460.19
88206.3,69413.83
88219.8,69436.79
88235.92,69460.59
88243.16,69472.64
88227.7,69449.93
88191.53,69405.92
88222.04,69439.67
88253.11,69468.86
88258.63,69483.03
88248.75,69470.05
88205.32,69410.73
88221.41,69435.22
88240.1,69460.34
88239.74,69465.17
88234.83,69454.67
88202.95,69410.7
88221.05,69437.48
88248.95,69469.2
88250.0,69476.08
88242.98,69460.3
88213.3,69415.11
88245.55,69458.36
88267.1,69487.81
88269.0,69494.01
88262.23,69478.3
88221.64,69423.69
88238.11,69450.76
88262.37,69479.5
88272.0,69486.52
88257.6,69467.84
88210.66,69415.82
88230.42,69442.84
88262.37,69476.66
88262.74,69483.23
88247.66,69466.63
88208.16,69414.44
88231.61,69443.88
88258.95,69474.07
88265.29,69489.16
88261.91,69481.89
88217.55,69425.79
88235.97,69451.18
88263.39,69481.85
88274.75,69494.37
88266.23,69476.3
88221.26,69421.68
88246.67,69457.71
88268.06,69484.33
88271.82,69491.99
88271.26,69480.28
88228.93,69425.74
88240.77,69450.69
88267.75,69483.59
88276.73,69494.9
88273.61,69489.45
88226.09,69435.91
88248.95,69464.26
88275.75,69491.64
88274.39,69493.31
88269.12,69485.47
88221.08,69425.25
88235.66,69447.45
88269.63,69485.78
88274.21,69494.7
88267.55,69482.83
88229.73,69433.79
88250.48,69460.97
88276.47,69490.25
88278.23,69492.66
88266.68,69476.57
88220.7,69427.51
88243.86,69454.04
88272.67,69483.46
88281.74,69492.98
88278.59,69486.34
88233.69,69437.5
88244.88,69455.38
88277.67,69487.97
88285.37,69494.84
88277.61,69483.68
88223.78,69429.41
88234.4,69446.89
88268.22,69480.04
88274.63,69487.34
88281.03,69485.29
88239.23,69438.77
88251.28,69458.02
88281.66,69488.42
88291.27,69496.78
88279.73,69487.62
88225.02,69433.39
88242.47,69454.55
88278.75,69491.68
88285.9,69497.18
88284.16,69489.42
88237.73,69443.02
88250.92,69464.39
88285.05,69494.61
88285.66,69492.6
88280.0,69481.58
88238.96,69438.06
88243.84,69457.28
88269.43,69485.45
88278.26,69489.07
88278.99,69486.56
88224.92,69431.58
88238.11,69454.42
88269.88,69484.4
88281.95,69492.78
88278.91,69483.39
88232.86,69433.97
88247.1,69457.95
88285.97,69497.43
88288.74,69499.91
88282.97,69494.03
88231.74,69435.52
88236.48,69447.49
88271.82,69483.52
88286.08,69494.16
88287.8,69495.55
88239.43,69445.03
88251.3,69467.07
88285.23,69500.45
88287.63,69500.02
88285.77,69492.94
88237.38,69440.61
88252.35,69461.13
88276.4,69485.11
88280.98,69486.99
88282.75,69485.27
88237.82,69435.83
88245.65,69450.0
88270.81,69477.96
88274.95,69481.11
88274.1,69477.4
88226.76,69424.92
88240.64,69448.88
88279.75,69491.28
88287.69,69496.78
88290.3,69491.33
88245.94,69439.67
88257.94,69457.91
88292.07,69493.45
88290.46,69488.89
88289.52,69484.51
88239.55,69433.91
88246.49,69449.23
88277.72,69484.33
88284.94,69489.8
88284.94,69485.07
88238.85,69434.59
88243.52,69447.16
88280.16,69480.8
88292.72,69488.69
88295.29,69490.19
88248.26,69439.29
88253.29,69454.73
88287.73,69487.77
88295.63,69496.47
88297.16,69500.13
88252.71,69447.45
88259.28,69456.48
88291.42,69490.86
88296.23,69493.63
88303.16,69494.16
88254.5,69439.55
88255.81,69452.21
88292.8,69495.46
88302.55,69504.52
88304.95,69506.68
88266.5,69459.85
88274.91,69472.08
88303.85,69502.88
88304.88,69505.3
88307.36,69509.48
88255.88,69448.39
88259.08,69458.05
88294.73,69497.3
88301.91,69505.14
88305.01,69505.32
88258.23,69451.13
88260.46,69462.76
88298.48,69504.31
88307.11,69513.34
88307.36,69507.71
88264.84,69452.81
88267.98,69457.15
88302.38,69498.37
88301.66,69501.77
88306.89,69505.38
88272.89,69459.67
88267.2,69460.79
88296.18,69500.69
88299.63,69503.46
88297.23,69500.38
88255.66,69449.23
88263.21,69455.79
88292.18,69490.07
88300.77,69501.48
88304.54,69504.55
88256.66,69443.6
88262.43,69454.4
88296.18,69495.08
88302.64,69508.31
88300.77,69508.98
88261.02,69455.95
88262.92,69459.9
88286.05,69492.91
88287.71,69496.24
88297.16,69503.15
88263.59,69448.61
88267.04,69453.71
88292.09,69490.52
88290.7,69495.23
88297.16,69499.3
88253.52,69440.01
88257.96,69448.27
88290.82,69491.21
88300.07,69501.18
88309.57,69509.7
88270.41,69457.02
88264.27,69456.05
88295.73,69494.23
88298.51,69500.83
88300.52,69506.63
88256.33,69445.08
88268.58,69457.4
88305.55,69503.53
88306.09,69506.57
88313.55,69514.34
88272.13,69454.11
88271.13,69459.41
88302.24,69500.83
88303.63,69504.52
88309.44,69511.71
88269.09,69457.35
88265.05,69456.16
88296.65,69495.21
88306.73,69502.84
88314.87,69511.93
88270.26,69452.77
88274.21,69456.3
88311.59,69504.52
88310.87,69507.28
88316.3,69515.27
88274.01,69457.48
88275.62,69458.85
88305.66,69499.2
88311.27,69505.79
88313.59,69510.15
88270.12,69454.71
88266.08,69454.22
88297.1,69493.2
88307.11,69505.02
88316.37,69513.14
88281.05,69461.09
88272.27,69456.19
88307.85,69502.99
88313.13,69508.63
88318.47,69514.88
88276.38,69459.81
88274.37,69460.44
88305.39,69504.11
88308.45,69505.95
88311.05,69507.73
88262.99,69447.23
88260.69,69445.37
88298.48,69491.93
88303.34,69499.33
88313.39,69509.74
88279.73,69463.54
88276.18,69460.34
88314.27,69503.91
88322.52,69511.09
88316.88,69508.58
88275.26,69456.44
88267.91,69451.07
88304.68,69498.12
88318.02,69512.38
88319.38,69510.59
88271.57,69452.77
88263.19,69443.7
88296.0,69482.25
88304.68,69492.22
88319.02,69503.73
88276.87,69451.2
88274.44,69451.78
88320.03,69496.84
88323.38,69503.55
88320.26,69506.01
88274.32,69452.43
88262.09,69441.55
88298.95,69482.09
88299.73,69484.17
88306.82,69493.27
88274.61,69449.3
88265.27,69441.41
88308.12,69491.82
88319.52,69499.71
88335.32,69510.19
88289.03,69459.07
88274.77,69453.35
88313.55,69498.12
88322.22,69508.18
88328.5,69515.95
88292.77,69474.54
88273.88,69464.39
88307.96,69506.79
88314.45,69506.28
88322.27,69509.43
88275.84,69454.98
88262.97,69450.6
88296.61,69489.78
88306.46,69493.63
88320.14,69500.91
88275.8,69448.5
88257.91,69437.95
88302.91,69487.46
88316.1,69498.63
88325.11,69502.39
88280.4,69451.41
88264.6,69445.95
88302.48,69489.45
88317.55,69499.98
88333.66,69517.39
88291.2,69473.45
88271.91,69458.24
88308.92,69501.96
88312.88,69503.69
88326.8,69515.4
88294.66,69471.7
88283.33,69464.34
88322.78,69508.91
88332.51,69514.13
88345.55,69522.3
88306.73,69478.48
88277.34,69461.22
88317.8,69507.24
88330.47,69514.23
88335.39,69517.41
88296.52,69475.79
88278.79,69464.41
88314.89,69505.3
88324.77,69512.0
88333.22,69520.02
88294.71,69480.3
88273.95,69467.23
88305.68,69504.29
88314.04,69507.38
88326.02,69516.63
88289.86,69473.45
88269.3,69458.47
88310.76,69506.66
88323.23,69509.41
88337.38,69519.82
88300.88,69478.36
88275.77,69458.65
88312.32,69499.69
88320.3,69506.32
88322.38,69514.05
88289.12,69475.05
88272.42,69456.88
88300.92,69493.6
88312.23,69503.48
88316.5,69511.22
88272.06,69463.77
88249.24,69447.9
88287.29,69488.82
88304.61,69502.92
88322.91,69518.52
88290.86,69475.77
88264.82,69452.05
88299.71,69495.13
88309.15,69505.01
88322.0,69515.84
88295.4,69482.27
88274.39,69464.5
88311.85,69507.69
88325.82,69516.85
88330.98,69519.16
88298.22,69477.67
88268.73,69454.0
88300.3,69495.05
88313.39,69503.22
88321.53,69509.5
88291.47,69470.41
88272.31,69451.18
88313.41,69497.13
88321.93,69504.98
88328.23,69513.3
88290.8,69467.48
88263.93,69441.15
88297.52,69483.05
88307.25,69494.79
88313.7,69503.28
88282.97,69462.58
88264.55,69441.48
88299.02,69484.66
88309.21,69494.63
88315.94,69503.22
88276.67,69455.23
88254.61,69434.33
88288.56,69473.82
88297.19,69486.99
88308.27,69502.03
88280.96,69462.36
88254.92,69432.67
88293.66,69477.69
88301.03,69484.48
88307.63,69495.62
88285.88,69462.8
88257.55,69431.73
88292.16,69475.61
88304.16,69488.45
88306.66,69495.28
88276.31,69454.63
88257.0,69431.8
88286.91,69469.33
88304.77,69482.95
88313.73,69493.0
88280.07,69451.85
88253.94,69429.12
88289.5,69475.01
88305.08,69487.91
88314.0,69497.59
88288.36,69459.81
88261.18,69431.18
88295.67,69477.06
88305.19,69485.91
88310.78,69494.43
88288.67,69462.05
88265.78,69436.66
88293.39,69473.33
88309.46,69491.15
88313.39,69504.13
88281.81,69460.03
88261.09,69429.23
88295.53,69473.96
88305.57,69491.46
88319.36,69503.06
88302.15,69468.48
88268.29,69433.55
88295.63,69472.48
88310.69,69486.41
88318.87,69497.02
88285.43,69454.91
88257.05,69424.54
88286.64,69468.39
88305.37,69488.48
88317.55,69503.51
88284.0,69459.41
88260.58,69425.63
88297.01,69470.74
88316.01,69492.53
88325.84,69510.57
88298.64,69471.9
88275.51,69440.54
88308.5,69481.42
88320.37,69494.12
88322.55,69503.59
88294.17,69464.59
88267.13,69429.97
88301.88,69476.48
88317.06,69493.6
88326.45,69508.18
88294.73,69466.52
88266.23,69431.67
88310.4,69487.37
88325.58,69503.59
88327.19,69507.87
88297.57,69470.94
88267.84,69433.97
88304.19,69480.98
88325.06,69503.33
88333.09,69512.88
88311.27,69476.13
88279.59,69436.16
88315.0,69481.6
88330.49,69500.87
88338.92,69517.63
88323.45,69495.7
88298.55,69459.56
88332.33,69500.4
88344.66,69514.51
88342.09,69518.75
88318.31,69482.74
88289.66,69444.77
88323.98,69488.11
88336.28,69502.77
88338.77,69508.54
88317.33,69480.53
88283.42,69443.02
88316.19,69480.24
88331.79,69497.31
88330.56,69502.34
88309.41,69474.23
88280.98,69437.05
88310.51,69475.3
88330.47,69499.35
88341.69,69509.48
88322.6,69479.77
88290.23,69444.56
88322.47,69487.73
88342.05,69507.82
88355.5,69521.99
88335.86,69490.59
88296.72,69449.53
88328.44,69491.66
88349.23,69511.98
88359.04,69521.03
88339.27,69493.6
88295.06,69446.6
88322.09,69483.05
88341.49,69503.91
88350.5,69513.43
88328.97,69479.57
88284.41,69436.97
88319.12,69480.06
88342.12,69499.13
88354.59,69512.27
88336.57,69489.23
88296.74,69449.93
88331.77,69491.95
88350.12,69509.27
88350.59,69511.89
88327.63,69479.91
88287.09,69440.63
88317.08,69477.55
88339.66,69495.8
88352.66,69507.38
88335.14,69485.36
88306.95,69454.16
88336.55,69494.43
88356.76,69514.39
88367.69,69521.92
88348.75,69497.34
88304.88,69456.41
88342.9,69500.47
88360.16,69512.56
88367.62,69520.07
88345.36,69496.96
88295.34,69444.77
88330.2,69481.91
88359.3,69511.33
88368.16,69516.98
88346.23,69491.15
88300.56,69447.85
88327.14,69480.73
88353.34,69502.79
88366.73,69513.97
88350.85,69492.33
88305.81,69451.02
88330.88,69485.73
88348.87,69501.25
88360.51,69507.84
88346.02,69485.88
88298.73,69442.15
88326.49,69477.55
88350.92,69500.13
88362.74,69510.41
88349.98,69489.29
88305.8,69448.56
88335.59,69489.94
88364.35,69513.5
88377.21,69520.43
88361.02,69498.34
88312.92,69458.4
88331.48,69484.28
88356.17,69504.06
88368.02,69515.73
88347.52,69488.42
88305.62,69447.45
88328.26,69482.5
88351.26,69504.27
88355.64,69507.35
88342.83,69488.02
88304.68,69449.86
88331.92,69483.75
88359.33,69510.7
88367.59,69515.06
88352.04,69491.91
88313.98,69451.36
88341.49,69487.46
88366.37,69509.03
88378.88,69519.38
88365.7,69504.27
88328.08,69465.45
88355.23,69503.33
88379.04,69526.44
88375.17,69522.39
88361.34,69502.59
88323.56,69463.01
88342.27,69491.15
88365.18,69510.48
88381.16,69524.52
88362.37,69502.7
88321.82,69461.64
88349.11,69494.32
88378.1,69522.62
88388.02,69528.95
88375.3,69512.73
88328.32,69463.01
88345.8,69490.77
88376.76,69523.63
88386.64,69533.62
88373.27,69512.56
88347.5,69476.41
88359.57,69501.83
88366.41,69513.27
88369.45,69517.86
88361.59,69504.83
88323.12,69458.63
88340.98,69477.22
88373.45,69511.4
88372.2,69515.17
88359.23,69499.44
88325.11,69456.63
88348.06,69489.29
88378.55,69524.12
88382.15,69528.97
88372.73,69511.27
88328.59,69459.67
88350.09,69493.94
88373.81,69523.04
88373.85,69521.7
88368.7,69512.25
88329.2,69464.08
88346.54,69490.27
88369.97,69516.25
88373.95,69522.53
88365.41,69504.85
88328.48,69457.95
88347.75,69488.17
88369.25,69518.51
88382.95,69535.11
88373.48,69515.55
88332.66,69465.09
88354.5,69495.95
88380.85,69526.41
88384.94,69535.49
88376.76,69520.74
88336.8,69471.92
88363.44,69504.45
88386.28,69533.93
88384.59,69536.92
88376.76,69518.98
88337.69,69469.98
88358.95,69497.2
88378.82,69524.41
88381.16,69532.79
88377.86,69524.18
88338.92,69473.82
88349.16,69495.62
88381.61,69539.7
88384.9,69544.9
88379.11,69529.16
88330.52,69468.34
88340.39,69485.45
88374.08,69518.52
88377.16,69523.96
88372.27,69515.06
88326.18,69461.95
88343.84,69487.68
88376.63,69526.06
88383.4,69538.51
88370.19,69519.53
88327.92,69461.51
88341.04,69484.35
88369.27,69519.02
88377.05,69531.36
88365.72,69513.43
88322.22,69459.16
88342.92,69487.39
88366.61,69516.11
88373.01,69527.02
88369.74,69523.16
88323.34,69463.92
88334.38,69481.6
88369.54,69521.81
88372.54,69525.28
88369.74,69515.58
88326.23,69462.88
88346.97,69491.33
88371.33,69518.59
88377.86,69530.06
88372.23,69522.3
88327.3,69463.41
88339.26,69486.16
88363.62,69516.78
88377.66,69535.76
88381.45,69534.2
88331.09,69466.23
88353.38,69491.13
