45400.35,-7812.43
46565.93,-6430.82
48109.51,-4837.65
47850.41,-5184.35
46810.68,-6339.67
45407.59,-7812.94
46550.43,-6454.49
48091.09,-4855.45
47861.63,-5169.8
46843.73,-6296.49
45410.94,-7806.46
46535.91,-6473.62
48103.1,-4856.12
47875.58,-5169.2
46856.59,-6300.89
45421.34,-7806.75
46529.34,-6489.78
48105.91,-4856.23
47882.71,-5164.44
46873.35,-6287.12
45446.3,-7786.03
46510.09,-6506.21
48089.31,-4865.68
47886.18,-5156.44
46879.41,-6272.23
45416.6,-7801.32
46475.42,-6530.04
48084.01,-4864.77
47898.33,-5139.87
46899.68,-6242.35
45436.47,-7781.74
46476.47,-6532.99
48087.95,-4861.86
47889.37,-5146.85
46892.26,-6253.3
45432.8,-7791.5
46459.35,-6554.85
48067.02,-4881.73
47882.35,-5161.76
46894.05,-6254.58
45430.72,-7796.27
46437.13,-6581.29
48079.2,-4873.8
47899.59,-5145.06
46923.3,-6227.29
45444.43,-7779.23
46422.63,-6593.92
48069.91,-4877.73
47908.93,-5121.95
46928.92,-6206.48
45445.32,-7774.63
46410.09,-6602.88
48058.46,-4876.64
47905.55,-5114.5
46934.71,-6189.24
45448.38,-7762.92
46394.89,-6620.81
48064.74,-4883.48
47919.14,-5118.33
46957.79,-6175.34
45470.0,-7750.2
46393.1,-6626.11
48060.18,-4880.82
47920.86,-5107.66
46970.54,-6162.26
45469.23,-7750.15
46364.87,-6649.13
48043.24,-4896.28
47917.47,-5111.15
46980.15,-6148.03
45471.07,-7751.94
46348.38,-6666.23
48046.59,-4889.2
47930.34,-5092.24
46995.5,-6123.51
45476.43,-7740.12
46336.39,-6682.43
48048.87,-4892.15
47937.36,-5089.11
47005.11,-6120.87
45491.18,-7729.32
46335.46,-6681.74
48044.09,-4888.42
47948.02,-5066.98
47024.94,-6091.61
45501.42,-7709.32
46321.15,-6692.63
48050.88,-4876.79
47949.5,-5059.83
47035.49,-6074.56
45508.33,-7701.43
46301.77,-6698.48
48036.02,-4881.82
47958.53,-5054.35
47050.22,-6066.08
45518.88,-7696.24
46282.7,-6730.91
48025.16,-4895.01
47945.52,-5060.12
47040.79,-6067.72
45509.43,-7695.08
46254.54,-6759.97
48013.69,-4912.29
47959.0,-5053.24
47055.2,-6051.73
45515.7,-7693.22
46244.28,-6770.14
48005.76,-4913.72
47955.64,-5053.89
47064.75,-6041.83
45525.45,-7681.27
46226.67,-6790.44
48008.84,-4913.9
47969.55,-5040.72
47084.42,-6027.64
45537.27,-7675.57
46221.64,-6802.69
47994.16,-4932.67
47964.9,-5046.15
47090.05,-6021.0
45551.09,-7669.44
46208.61,-6819.49
47987.96,-4935.33
47970.35,-5039.58
47084.51,-6019.97
45534.5,-7676.39
46183.53,-6849.45
48001.4,-4934.48
47996.66,-5019.73
47116.34,-5991.41
45558.89,-7654.11
46173.58,-6857.58
47976.07,-4950.51
47980.34,-5031.44
47121.32,-5981.26
45561.1,-7656.1
46156.89,-6876.16
47976.14,-4951.89
47993.11,-5021.94
47133.43,-5973.5
45571.59,-7644.88
46142.34,-6896.05
47964.9,-4974.09
47999.43,-5026.06
47156.73,-5959.94
45594.38,-7627.62
46137.69,-6905.41
47969.57,-4960.28
48005.38,-5011.71
47151.2,-5952.18
45589.49,-7622.19
46120.79,-6908.61
47961.79,-4960.84
48006.27,-5006.05
47167.19,-5941.99
45587.19,-7634.98
46085.12,-6957.0
47944.29,-4988.57
48006.18,-5014.41
47170.43,-5937.47
45604.73,-7618.88
46072.91,-6980.61
47923.61,-5009.47
48008.53,-5006.63
47180.98,-5929.16
45603.37,-7620.83
46065.07,-6988.34
47918.14,-5013.27
48000.48,-5017.03
47174.81,-5930.68
45602.7,-7619.75
46041.95,-7009.13
47904.75,-5023.38
48005.27,-5006.32
47179.59,-5923.66
45610.07,-7608.91
46024.43,-7021.31
47894.27,-5027.29
48019.1,-4989.94
47220.03,-5878.98
45648.7,-7565.77
46031.07,-7010.04
47927.1,-4989.96
48041.14,-4959.85
47244.97,-5845.65
45684.3,-7528.94
46058.47,-6992.72
47944.82,-4978.92
48085.2,-4917.74
47301.12,-5796.88
45744.23,-7483.48
46096.67,-6969.32
47988.72,-4945.9
48117.52,-4901.83
47324.77,-5781.61
45740.23,-7481.82
46071.7,-6993.15
47976.41,-4962.6
48138.48,-4881.08
47357.67,-5747.08
45777.94,-7446.95
46064.13,-7001.15
47959.87,-4967.7
48125.18,-4881.67
47340.64,-5750.97
45779.75,-7431.82
46056.08,-7001.1
47960.11,-4962.04
48133.05,-4869.82
47357.22,-5736.22
45795.82,-7420.91
46046.58,-7016.46
47951.13,-4977.2
48146.53,-4864.9
47374.5,-5716.64
45802.61,-7415.68
46054.7,-7014.07
47975.27,-4954.51
48170.0,-4837.3
47396.83,-5690.69
45830.08,-7377.24
46029.21,-7034.88
47948.98,-4978.58
48168.63,-4834.32
47398.71,-5692.81
45831.98,-7393.44
46022.64,-7056.49
47940.42,-4992.96
48168.14,-4837.19
47401.77,-5681.08
45831.22,-7380.59
45993.88,-7071.22
47920.53,-4999.84
48157.48,-4839.31
47415.34,-5669.54
45850.4,-7361.35
45982.14,-7085.73
47900.86,-5015.04
48163.96,-4828.51
47420.43,-5661.32
45853.8,-7352.76
45951.65,-7108.28
47866.21,-5039.29
48135.2,-4844.43
47388.13,-5681.57
45835.11,-7361.81
45916.81,-7137.14
47850.12,-5049.95
48144.38,-4832.4
47415.85,-5646.9
45863.68,-7336.45
45930.38,-7134.43
47856.11,-5051.94
48156.77,-4828.67
47419.76,-5653.11
45862.61,-7338.95
45909.52,-7149.0
47849.07,-5054.49
48160.86,-4818.5
47440.01,-5623.14
45882.25,-7305.62
45893.29,-7160.25
47828.51,-5069.13
48152.23,-4818.97
47443.92,-5608.66
45893.47,-7293.35
45883.5,-7169.48
47817.4,-5076.19
48147.91,-4819.01
47443.54,-5606.24
45901.79,-7282.27
45872.5,-7182.89
47815.54,-5077.58
48159.69,-4801.2
47456.73,-5591.15
45905.88,-7275.43
45856.26,-7196.14
47801.24,-5091.44
48155.91,-4810.01
47458.94,-5589.81
45917.05,-7265.48
45855.41,-7208.77
47788.99,-5111.37
48161.55,-4806.85
47461.98,-5583.85
45918.64,-7257.75
45841.1,-7213.51
47785.01,-5107.95
48162.89,-4801.91
47475.98,-5568.2
45933.55,-7242.88
45815.44,-7240.09
47763.91,-5122.28
48162.82,-4801.62
47472.67,-5575.06
45933.91,-7241.9
45806.46,-7247.55
47748.67,-5138.26
48166.02,-4792.75
47483.89,-5556.91
45946.47,-7228.02
45793.22,-7268.34
47745.09,-5139.4
48171.79,-4776.95
47491.29,-5543.86
45961.06,-7207.83
45784.17,-7265.72
47729.82,-5145.66
48163.7,-4780.46
47485.14,-5538.25
45964.26,-7193.82
45754.15,-7291.79
47695.11,-5171.93
48159.74,-4777.24
47492.79,-5527.21
45974.39,-7180.5
45755.5,-7298.45
47697.48,-5186.77
48171.98,-4777.77
47505.99,-5519.47
45991.06,-7170.8
45750.09,-7310.45
47695.63,-5192.29
48175.79,-4775.83
47517.82,-5518.06
46010.71,-7166.37
45729.3,-7341.43
47668.65,-5221.79
48181.8,-4774.53
47526.6,-5511.31
46021.59,-7156.96
45733.41,-7344.87
47662.14,-5235.69
48180.03,-4785.11
47533.35,-5512.25
46030.6,-7149.07
45712.8,-7366.02
47640.91,-5251.12
48174.29,-4780.61
47519.23,-5513.37
46019.54,-7145.99
45684.48,-7383.36
47633.24,-5252.88
48174.02,-4777.37
47530.43,-5507.74
46039.54,-7141.52
45670.47,-7417.92
47602.06,-5296.74
48167.56,-4789.89
47536.66,-5504.77
46068.26,-7119.19
45677.78,-7408.42
47603.16,-5288.74
48176.41,-4775.92
47539.95,-5498.55
46063.21,-7119.5
45656.45,-7432.22
47578.59,-5318.46
48169.71,-4784.7
47538.2,-5501.84
46062.32,-7121.06
45657.41,-7438.75
47574.99,-5330.35
48181.48,-4787.7
47547.55,-5502.26
46085.88,-7104.81
45651.85,-7452.09
47560.69,-5342.83
48190.67,-4768.57
47571.15,-5468.67
46106.59,-7071.91
45635.6,-7459.43
47554.47,-5337.19
48186.22,-4758.64
47559.21,-5471.48
46109.84,-7060.02
45624.8,-7465.86
47524.9,-5368.93
48172.03,-4779.9
47577.05,-5454.59
46116.14,-7049.11
45602.63,-7481.22
47509.01,-5374.5
48179.38,-4759.87
47571.35,-5450.27
46127.85,-7027.86
45598.88,-7482.94
47483.39,-5397.45
48162.93,-4770.17
47570.52,-5445.42
46125.71,-7026.7
45579.45,-7502.92
47468.6,-5412.92
48158.13,-4776.39
47557.94,-5458.61
46129.55,-7023.12
45562.49,-7522.08
47445.96,-5436.03
48166.24,-4771.14
47581.65,-5434.58
46152.8,-6995.34
45570.27,-7514.99
47447.75,-5433.22
48180.14,-4746.71
47589.05,-5422.02
46173.14,-6973.32
45556.61,-7528.78
47418.44,-5465.67
48167.98,-4762.51
47598.26,-5416.9
46180.74,-6972.89
45551.02,-7535.6
47412.25,-5470.16
48180.57,-4747.69
47609.01,-5396.58
46198.11,-6945.33
45545.1,-7547.22
47395.06,-5490.84
48172.88,-4755.04
47610.09,-5401.03
46215.79,-6930.99
45534.97,-7555.18
47380.89,-5505.26
48173.66,-4756.92
47618.56,-5394.73
46234.07,-6919.14
45532.56,-7561.08
47369.04,-5515.29
48179.72,-4740.87
47619.34,-5376.73
46240.35,-6895.51
45532.2,-7551.0
47360.42,-5511.36
48184.1,-4728.89
47634.11,-5359.3
46250.32,-6878.44
45513.89,-7569.06
47343.12,-5529.8
48183.07,-4732.85
47631.86,-5359.97
46262.52,-6858.72
45510.63,-7565.53
47315.4,-5547.12
48173.02,-4728.62
47638.29,-5341.64
46276.96,-6842.58
45497.67,-7584.48
47301.27,-5570.77
48177.64,-4729.83
47641.49,-5345.55
46278.97,-6847.64
45500.1,-7592.64
47288.04,-5589.77
48168.01,-4737.74
47652.49,-5336.81
46296.68,-6828.73
45482.73,-7609.85
47266.07,-5614.4
48173.13,-4739.89
47650.25,-5342.22
46314.42,-6813.68
45482.8,-7610.14
47264.41,-5610.42
48190.49,-4717.31
47662.79,-5326.44
46318.58,-6812.63
45470.11,-7631.35
47245.37,-5638.54
48181.44,-4725.92
47673.23,-5313.26
46345.2,-6775.93
45482.76,-7611.44
47239.16,-5630.27
48201.29,-4699.45
47696.36,-5293.43
46356.53,-6757.87
45466.93,-7619.11
47209.59,-5661.56
48190.05,-4712.02
47692.05,-5295.84
46368.38,-6745.58
45454.64,-7632.49
47199.93,-5669.74
48192.04,-4705.98
47695.45,-5290.26
46389.1,-6723.58
45463.96,-7625.92
47185.16,-5685.28
48196.3,-4700.17
47700.79,-5278.39
46394.93,-6719.87
45455.82,-7642.33
47153.53,-5720.03
48180.1,-4716.62
47696.32,-5287.55
46402.78,-6705.57
45446.86,-7643.45
47155.38,-5716.84
48186.58,-4708.26
47712.88,-5268.1
46432.13,-6679.93
45450.73,-7647.78
47132.63,-5746.54
48189.71,-4706.16
47709.86,-5262.56
46434.96,-6667.21
45454.08,-7641.21
47131.4,-5740.53
48198.81,-4691.34
47731.39,-5244.32
46466.86,-6635.67
45452.41,-7641.26
47106.79,-5764.43
48187.57,-4698.78
47736.89,-5233.04
46473.12,-6621.97
45442.04,-7650.73
47093.83,-5773.86
48198.16,-4683.29
47751.26,-5215.04
46484.99,-6606.1
45435.17,-7654.06
47073.29,-5795.25
48186.85,-4696.41
47733.96,-5230.6
46497.26,-6595.78
45435.39,-7660.14
47051.58,-5817.62
48179.43,-4700.28
47749.16,-5218.06
46508.86,-6589.45
45436.82,-7664.08
47043.89,-5833.4
48185.09,-4699.83
47742.5,-5227.04
46514.87,-6585.34
45422.45,-7679.17
47022.55,-5854.28
48179.18,-4695.27
47751.84,-5208.65
46534.27,-6555.57
45427.21,-7670.16
47011.28,-5862.57
48186.71,-4689.15
47765.09,-5194.46
46561.97,-6519.04
45446.14,-7649.82
47005.79,-5867.13
48193.55,-4676.81
47774.8,-5178.32
46568.14,-6512.29
45432.18,-7664.17
46986.96,-5887.92
48187.14,-4686.91
47779.18,-5180.84
46595.38,-6494.84
45440.4,-7663.45
46969.86,-5903.81
48189.0,-4686.53
47788.59,-5170.56
46597.75,-6481.94
45429.47,-7671.03
46945.01,-5932.53
48196.48,-4674.55
47800.7,-5158.42
46624.8,-6460.59
45437.07,-7669.44
46956.32,-5926.21
48220.96,-4663.24
47812.7,-5143.61
46625.56,-6450.78
45445.21,-7655.96
46932.61,-5940.22
48197.4,-4665.52
47819.95,-5132.68
46653.88,-6428.74
45449.12,-7660.05
46927.53,-5957.43
48206.59,-4671.0
47827.37,-5140.14
46662.24,-6426.26
45446.14,-7665.64
46916.49,-5971.92
48215.97,-4657.59
47846.46,-5115.02
46682.24,-6402.34
45449.1,-7662.22
46884.26,-5995.18
48193.18,-4674.44
47828.82,-5131.31
46678.4,-6403.46
45430.12,-7683.99
46857.84,-6034.17
48191.32,-4686.2
47840.35,-5124.7
46704.57,-6381.89
45441.43,-7679.12
46842.82,-6051.11
48186.43,-4691.56
47840.69,-5124.16
46710.79,-6372.17
45443.2,-7679.59
46843.2,-6054.26
48210.01,-4667.74
47861.34,-5099.73
46722.5,-6352.86
45448.43,-7667.01
46831.35,-6062.66
48190.98,-4673.3
47852.87,-5098.52
46733.25,-6339.67
45437.23,-7666.96
46792.35,-6086.94
48184.95,-4669.75
47865.23,-5079.03
46764.18,-6297.25
45458.75,-7644.16
46783.88,-6099.66
48181.91,-4673.73
47857.95,-5079.72
46757.72,-6297.4
45448.61,-7652.23
46764.36,-6118.92
48178.47,-4676.9
47867.36,-5075.99
46778.6,-6284.33
45450.53,-7666.58
46750.08,-6140.96
48182.18,-4672.79
47872.61,-5066.74
46798.58,-6253.19
45461.95,-7641.26
46745.83,-6138.82
48191.9,-4660.83
47879.29,-5056.5
46794.74,-6251.67
45455.07,-7651.43
46715.43,-6177.11
48174.38,-4679.14
47870.42,-5065.44
46803.68,-6251.27
45445.41,-7666.67
46700.82,-6189.91
48179.61,-4672.45
47879.11,-5059.52
46812.84,-6238.66
45455.55,-7651.76
46685.35,-6201.87
48176.64,-4671.42
47902.56,-5030.68
46852.77,-6198.97
45467.38,-7644.23
46661.48,-6226.44
48165.23,-4687.7
47916.17,-5029.12
46868.28,-6188.77
45469.97,-7648.12
46647.51,-6253.06
48164.79,-4692.23
47911.48,-5040.52
46864.5,-6199.1
45472.99,-7651.05
46639.57,-6269.08
48173.11,-4683.83
47910.88,-5034.64
46873.35,-6184.71
45466.93,-7659.5
46613.11,-6291.03
48147.15,-4705.47
47898.96,-5043.96
46879.61,-6177.87
45476.7,-7650.8
46603.59,-6300.26
48138.08,-4708.26
47903.9,-5028.76
46888.57,-6160.12
45461.95,-7654.6
46564.98,-6330.64
48129.07,-4715.06
47906.07,-5031.6
46900.62,-6152.79
45478.51,-7649.24
46567.36,-6344.16
48147.73,-4709.67
47935.64,-5016.54
46926.21,-6129.81
45488.01,-7639.4
46557.86,-6356.97
48142.44,-4713.0
47937.63,-5007.39
46939.98,-6119.33
45506.9,-7633.37
46542.88,-6377.29
48133.32,-4725.38
47934.12,-5013.43
46948.25,-6113.98
45497.18,-7649.68
46513.75,-6414.32
48123.71,-4742.53
47942.03,-5010.57
46957.46,-6102.63
45501.85,-7635.31
46501.57,-6424.92
48121.61,-4749.12
47936.06,-5024.14
46959.96,-6101.67
45506.21,-7642.66
46480.63,-6456.61
48116.11,-4750.98
47942.43,-5010.5
46974.22,-6084.9
45498.41,-7636.32
46469.88,-6446.67
48114.79,-4735.6
47946.68,-4998.9
46975.99,-6071.65
45507.21,-7625.54
46458.61,-6472.19
48112.93,-4747.47
47969.39,-4977.87
47007.35,-6039.2
45522.39,-7611.64
46445.98,-6483.77
48106.05,-4747.18
47961.9,-4980.15
47016.31,-6030.81
45516.06,-7621.92
46425.13,-6510.68
48106.85,-4751.51
47971.6,-4975.99
47028.96,-6020.42
45537.41,-7605.0
46410.91,-6525.75
48106.79,-4752.29
47981.35,-4965.06
47045.46,-6002.45
45546.17,-7596.96
46402.71,-6536.77
48095.72,-4756.32
47984.97,-4956.03
47056.7,-5986.85
45550.98,-7587.5
46380.89,-6552.23
48093.42,-4754.86
47993.75,-4948.5
47069.0,-5970.31
45551.58,-7585.76
46369.09,-6565.4
48086.56,-4762.06
47992.79,-4954.44
47083.41,-5964.47
45560.79,-7579.52
46349.67,-6586.1
48080.59,-4768.05
48005.31,-4932.05
47103.21,-5935.53
45572.72,-7560.52
46333.42,-6601.9
48069.91,-4778.15
48006.11,-4934.06
47113.16,-5926.77
45587.36,-7550.96
46331.79,-6608.0
48077.62,-4770.44
48009.71,-4927.75
47112.78,-5926.7
45579.43,-7558.24
46304.18,-6638.4
48075.18,-4771.87
48025.27,-4910.95
47138.42,-5897.15
45597.36,-7536.92
46283.11,-6658.05
48060.77,-4786.74
48025.16,-4909.49
47131.47,-5895.65
45595.9,-7539.85
46265.5,-6676.85
48044.16,-4797.31
48013.73,-4915.01
47122.08,-5903.68
45587.36,-7546.89
46229.22,-6710.71
48029.92,-4807.39
48016.51,-4907.91
47145.75,-5877.26
45593.54,-7532.74
46232.41,-6706.53
48020.84,-4816.49
48018.72,-4907.93
47158.94,-5867.71
45602.65,-7533.48
46197.81,-6747.5
48000.55,-4834.19
48018.99,-4905.49
47156.66,-5866.15
45590.2,-7542.28
46174.66,-6768.69
47989.26,-4845.88
47994.02,-4925.9
47143.87,-5868.36
45600.04,-7523.02
46166.52,-6778.97
47983.81,-4849.88
48012.2,-4906.54
47163.25,-5853.72
45615.68,-7517.09
46155.03,-6792.0
47986.09,-4850.26
48015.82,-4907.39
47175.28,-5836.58
45621.03,-7504.17
46134.25,-6809.39
47962.77,-4865.8
48010.72,-4903.55
47187.97,-5817.35
45638.33,-7483.65
46128.5,-6815.0
47967.33,-4855.67
48025.65,-4887.86
47190.61,-5811.95
45631.6,-7484.17
46107.82,-6831.3
47958.26,-4858.87
48034.43,-4865.57
47205.3,-5793.62
45640.61,-7478.02
46092.16,-6850.36
47943.8,-4873.82
48029.18,-4871.21
47216.11,-5773.66
45653.39,-7452.67
46076.09,-6863.77
47936.27,-4880.26
48033.34,-4868.21
47221.3,-5773.61
45665.28,-7448.2
46069.94,-6873.85
47941.41,-4876.79
48038.41,-4861.77
47238.46,-5753.43
45692.2,-7426.86
46056.44,-6891.87
47916.1,-4898.94
48045.18,-4854.4
47248.14,-5740.08
45691.21,-7421.36
46048.08,-6893.26
47930.43,-4880.66
48062.69,-4836.43
47262.92,-5725.82
45701.2,-7411.15
46029.82,-6918.96
47923.61,-4897.6
48071.98,-4837.9
47277.65,-5719.68
45720.22,-7403.28
46020.92,-6934.47
47900.93,-4914.84
48059.49,-4841.66
47282.19,-5706.76
45722.3,-7393.85
46004.54,-6948.96
47886.35,-4928.87
48066.33,-4830.79
47293.79,-5691.25
45736.68,-7376.95
45996.69,-6957.29
47886.62,-4924.16
48063.13,-4827.84
47297.36,-5681.79
45736.03,-7373.04
45972.75,-6982.51
47875.71,-4942.22
48075.18,-4827.13
47306.06,-5684.61
45741.26,-7374.11
45966.76,-6989.97
47875.65,-4943.0
48086.85,-4812.17
47322.35,-5661.47
45767.07,-7346.1
45942.87,-7018.05
47849.47,-4968.12
48080.1,-4821.58
47315.6,-5670.23
45750.98,-7359.11
45922.11,-7030.65
47841.49,-4964.86
48064.05,-4824.09
47311.46,-5663.17
45756.1,-7350.71
45894.72,-7061.94
47817.51,-4989.96
48058.57,-4830.41
47320.63,-5652.17
45776.62,-7326.88
45894.52,-7063.73
47810.89,-4996.53
48068.74,-4820.82
47330.31,-5645.74
45781.58,-7327.26
45874.16,-7091.31
47808.5,-5001.69
48070.55,-4816.33
47326.64,-5643.41
45779.79,-7324.49
45857.31,-7105.49
47779.18,-5029.84
48068.57,-4820.91
47338.27,-5637.13
45781.69,-7327.17
45838.82,-7132.04
47772.07,-5043.18
48068.61,-4826.5
47335.54,-5646.59
45800.6,-7317.18
45834.11,-7143.33
47757.14,-5058.13
48071.98,-4823.04
47346.98,-5632.77
45811.84,-7299.01
45819.98,-7159.93
47756.87,-5058.29
48077.53,-4815.64
47363.32,-5616.86
45821.66,-7295.39
45800.22,-7181.15
47739.37,-5079.57
48081.2,-4814.52
47366.0,-5614.69
45817.74,-7296.26
45791.08,-7189.33
47733.13,-5077.4
48085.71,-4803.32
47381.05,-5598.8
45845.24,-7269.84
45795.01,-7188.81
47718.56,-5095.08
48078.73,-4811.48
47389.45,-5588.14
45859.99,-7252.38
45768.46,-7216.01
47702.71,-5111.93
48087.65,-4799.5
47391.89,-5580.72
45860.35,-7248.72
45756.03,-7230.16
47692.3,-5119.13
48094.43,-4791.16
47402.89,-5565.76
45867.39,-7240.89
45741.3,-7241.67
47674.3,-5127.87
48083.92,-4794.58
47394.35,-5571.98
45873.49,-7229.69
45725.43,-7260.9
47662.43,-5152.88
48087.12,-4800.35
47411.22,-5562.59
45901.07,-7209.71
45724.87,-7262.35
47666.08,-5148.66
48119.44,-4772.95
47437.69,-5533.55
45912.4,-7192.7
45723.13,-7268.3
47660.06,-5153.78
48109.42,-4772.3
47437.06,-5525.69
45924.03,-7177.32
45700.06,-7289.02
47638.34,-5170.09
48109.82,-4766.08
47444.77,-5516.12
45944.86,-7156.89
45694.3,-7298.45
47624.93,-5182.56
48106.85,-4768.39
47452.28,-5508.83
45942.15,-7157.14
45684.66,-7305.62
47620.25,-5186.03
48119.97,-4754.19
47450.5,-5507.72
45961.64,-7141.05
45683.81,-7313.54
47608.75,-5200.98
48118.12,-4765.53
47466.23,-5498.73
45974.43,-7125.98
45666.02,-7330.41
47598.55,-5218.1
48119.64,-4762.8
47473.18,-5488.9
45986.66,-7115.36
45659.79,-7344.69
47578.68,-5232.77
48118.45,-4755.69
47482.95,-5474.28
45989.43,-7102.47
45635.15,-7358.51
47562.79,-5242.76
48121.27,-4752.29
47478.3,-5479.78
46005.52,-7096.16
45635.71,-7370.82
47548.04,-5264.57
48108.42,-4766.87
47480.36,-5483.02
46007.4,-7096.37
45619.08,-7392.08
47520.23,-5294.14
48118.32,-4757.59
47496.81,-5463.79
46022.75,-7075.38
45604.66,-7398.45
47508.92,-5294.97
48115.01,-4749.99
47501.19,-5448.57
46033.37,-7057.5
45598.99,-7401.98
47524.37,-5282.92
48126.23,-4743.29
47505.19,-5447.7
46062.56,-7025.22
45603.23,-7400.44
47499.69,-5309.03
48117.96,-4752.36
47505.95,-5447.61
46056.06,-7033.18
45582.94,-7425.79
47474.95,-5339.74
48118.14,-4755.65
47509.93,-5438.25
46068.4,-7012.57
45569.26,-7434.39
47457.4,-5344.26
48121.63,-4742.39
47526.65,-5422.56
46084.27,-7005.46
45581.2,-7435.51
47468.27,-5345.8
48129.38,-4739.93
47539.84,-5411.27
46108.25,-6982.73
45562.2,-7453.59
47440.32,-5375.95
48126.79,-4744.05
47529.39,-5423.47
46106.37,-6985.05
45549.59,-7473.8
47421.41,-5399.15
48120.44,-4746.53
47539.99,-5405.28
46118.33,-6959.68
45542.75,-7463.27
47411.2,-5384.4
48131.44,-4715.64
47553.51,-5380.56
46141.49,-6934.72
45541.43,-7467.0
47409.93,-5392.05
48140.02,-4710.41
47570.88,-5369.92
46150.81,-6934.2
45529.56,-7490.83
47396.56,-5420.88
48145.75,-4720.15
47577.56,-5369.94
46176.09,-6915.09
45540.45,-7491.48
47390.68,-5424.59
48154.44,-4706.03
47589.61,-5355.99
46190.13,-6897.66
45528.96,-7503.46
47371.08,-5449.67
48156.3,-4705.82
47597.08,-5353.44
46210.84,-6879.11
45531.66,-7502.92
47371.68,-5449.62
48167.54,-4693.84
47606.4,-5341.49
46213.32,-6873.0
45518.79,-7513.36
47359.61,-5460.98
48164.57,-4699.1
47611.52,-5334.76
46227.65,-6859.28
45502.34,-7537.83
47332.7,-5497.72
48153.93,-4710.34
47606.84,-5337.31
46236.88,-6845.96
45494.71,-7540.56
47305.88,-5514.82
48150.21,-4709.31
47612.9,-5328.19
46245.24,-6830.74
45481.13,-7550.78
47292.56,-5527.79
48155.34,-4707.14
47623.56,-5319.29
46257.45,-6819.72
45479.16,-7558.26
47288.46,-5533.44
48173.95,-4686.8
47639.86,-5300.92
46273.7,-6802.84
45468.9,-7567.38
47260.71,-5557.74
48159.31,-4695.45
47645.6,-5299.53
46301.17,-6778.66
45474.71,-7565.93
47248.77,-5572.94
48160.05,-4695.39
47653.31,-5285.36
46314.73,-6762.7
45469.46,-7570.09
47238.93,-5582.08
48169.89,-4685.98
47648.15,-5297.85
46321.75,-6764.98
45478.11,-7570.54
47241.57,-5583.85
48174.67,-4677.66
47666.41,-5271.35
46341.51,-6734.18
45466.78,-7579.81
47219.78,-5608.9
48168.54,-4686.85
47665.32,-5274.3
46353.43,-6726.8
45464.3,-7592.13
47213.12,-5619.59
48175.81,-4678.15
47669.63,-5270.45
46367.6,-6710.13
45467.65,-7589.96
47203.66,-5632.93
48191.63,-4671.51
47694.93,-5253.04
46388.61,-6696.67
45473.37,-7596.62
47193.38,-5650.95
48189.96,-4674.96
47696.79,-5249.96
46395.4,-6692.18
45461.48,-7610.48
47170.41,-5676.61
48181.48,-4675.38
47691.98,-5241.51
46404.68,-6670.74
45459.6,-7605.61
47160.23,-5683.18
48193.54,-4671.04
47710.6,-5238.02
46415.03,-6661.76
45441.88,-7619.44
47136.12,-5697.33
48180.14,-4675.27
47719.14,-5222.33
46452.31,-6624.3
45455.51,-7611.13
47123.87,-5721.15
48193.82,-4672.65
47728.46,-5222.95
46459.39,-6619.45
45443.53,-7628.76
47099.06,-5746.34
48176.12,-4682.06
47713.51,-5234.49
46448.98,-6631.56
45428.78,-7644.41
47070.29,-5777.46
48164.72,-4691.05
47718.6,-5222.4
46462.03,-6608.2
45414.27,-7647.98
47050.29,-5789.12
48165.23,-4680.1
47722.22,-5208.11
46484.95,-6572.84
45425.2,-7634.35
47042.98,-5792.95
48175.25,-4674.87
47741.31,-5192.35
46506.22,-6558.14
45430.95,-7632.09
47034.84,-5806.22
48173.68,-4676.16
47737.6,-5204.18
46512.3,-6557.15
45419.14,-7653.59
47004.09,-5839.48
48175.45,-4676.45
47759.08,-5184.98
46541.45,-6534.55
45433.25,-7650.71
47013.23,-5843.3
48190.56,-4666.08
47770.46,-5176.89
46564.92,-6518.1
45434.99,-7655.96
46981.67,-5874.53
48174.13,-4686.49
47756.49,-5192.18
46555.84,-6518.55
45420.87,-7669.33
46961.1,-5905.93
48174.13,-4693.17
47777.07,-5175.9
46580.32,-6499.35
45434.9,-7657.55
46960.45,-5900.1
48176.68,-4683.65
47776.27,-5167.54
46590.55,-6475.19
45429.09,-7657.98
46928.36,-5929.85
48180.82,-4679.47
47791.0,-5160.95
46601.66,-6469.69
45416.06,-7672.33
46924.36,-5932.4
48181.8,-4674.73
47792.14,-5149.08
46614.54,-6454.58
45428.6,-7672.1
46914.21,-5961.61
48179.5,-4689.37
47797.57,-5157.4
46634.92,-6442.2
45425.7,-7676.28
46883.27,-5991.36
48178.74,-4686.69
47815.68,-5138.6
46650.82,-6427.94
45423.19,-7683.1
46881.22,-5998.69
48186.36,-4679.99
47818.23,-5135.8
46666.6,-6410.52
45426.7,-7685.24
46866.2,-6020.49
48181.11,-4687.92
47818.83,-5143.07
46688.57,-6404.94
45441.25,-7684.64
46846.5,-6050.89
48183.63,-4695.61
47836.2,-5129.55
46695.05,-6390.99
45435.73,-7686.94
46849.93,-6045.48
48200.44,-4676.57
47850.48,-5111.67
46709.82,-6371.97
45451.09,-7669.4
46837.41,-6056.85
48191.48,-4679.94
47854.84,-5106.5
46733.72,-6351.85
45453.07,-7677.96
46814.9,-6085.62
48200.82,-4676.25
47876.83,-5093.6
46744.11,-6342.58
45452.65,-7682.99
46804.68,-6103.95
48192.35,-4690.69
47859.44,-5105.41
46753.12,-6333.32
45452.36,-7681.78
46784.34,-6123.28
48182.74,-4691.77
47859.69,-5104.49
46768.68,-6318.52
45449.16,-7682.21
46758.08,-6149.3
48177.35,-4700.95
47868.92,-5105.0
46783.0,-6307.89
45458.02,-7678.99
46750.93,-6164.81
48186.45,-4697.2
47875.85,-5089.0
46792.17,-6285.89
45459.27,-7675.75
46726.7,-6179.25
48160.25,-4706.81
47878.02,-5084.49
46807.55,-6271.77
45456.7,-7673.85
46699.79,-6207.35
48153.01,-4715.82
47881.19,-5080.31
46826.97,-6249.37
45457.99,-7674.11
46697.46,-6208.58
48172.68,-4694.92
47891.38,-5064.17
46835.08,-6237.01
45463.18,-7674.47
46676.07,-6233.57
48160.05,-4706.47
47887.23,-5068.17
46836.8,-6232.25
45457.05,-7674.49
46644.36,-6256.34
48146.95,-4711.84
47895.56,-5058.89
46854.26,-6210.52
45460.21,-7666.13
46641.23,-6265.46
48159.31,-4703.01
47906.89,-5043.65
46871.56,-6193.65
45482.69,-7648.25
46633.79,-6270.78
48154.66,-4704.33
47914.45,-5037.23
46877.95,-6184.68
45471.63,-7661.71
46611.75,-6294.94
48153.79,-4697.08
47917.0,-5026.86
46882.83,-6175.47
45471.61,-7655.14
46589.33,-6313.12
48137.12,-4705.2
47919.16,-5017.72
46903.39,-6149.79
45477.48,-7647.92
46575.74,-6325.52
48143.27,-4702.58
47916.57,-5018.44
46919.86,-6125.0
45496.26,-7626.48
46563.13,-6342.28
48136.71,-4707.41
47935.93,-4997.65
46928.09,-6117.81
45502.2,-7622.64
46557.32,-6347.69
48131.82,-4714.18
47925.63,-5009.81
46943.42,-6100.06
45502.9,-7617.41
46534.65,-6372.28
48130.66,-4721.87
47946.5,-4998.19
46966.67,-6084.37
45508.02,-7623.0
46522.47,-6397.23
48123.68,-4738.77
47941.07,-5010.9
46966.47,-6090.94
45511.26,-7627.8
46488.07,-6431.74
48109.34,-4742.53
47931.7,-5008.33
46968.34,-6077.75
45505.42,-7622.24
46481.08,-6434.93
48119.84,-4728.2
47951.48,-4986.5
46989.71,-6058.4
45530.79,-7609.47
46480.41,-6453.51
48121.23,-4734.1
47962.35,-4981.78
46992.2,-6059.6
45515.14,-7622.86
46438.74,-6489.87
48100.28,-4753.08
47951.06,-4992.87
47011.71,-6041.5
45525.36,-7619.93
46425.71,-6509.86
48106.29,-4752.9
47958.15,-4989.16
47018.52,-6032.31
45527.6,-7611.93
46413.71,-6522.44
48095.12,-4761.06
47960.38,-4985.71
47028.45,-6020.69
45526.95,-7615.51
46377.43,-6557.38
48075.45,-4784.01
47962.62,-4991.93
47033.16,-6017.51
45535.96,-7610.93
46375.15,-6568.48
48082.04,-4775.81
47964.81,-4980.35
47044.45,-6001.44
45538.14,-7605.4
46364.33,-6573.11
48064.99,-4784.12
47959.42,-4979.66
47058.04,-5983.16
45548.27,-7591.01
46339.16,-6590.81
48063.04,-4779.9
47976.77,-4958.15
47065.26,-5969.48
45545.19,-7587.25
46322.2,-6612.63
48062.55,-4786.0
47979.83,-4955.4
47071.61,-5970.93
45555.58,-7586.87
46301.14,-6635.81
48049.68,-4798.67
47996.88,-4946.91
47097.54,-5949.74
45570.31,-7579.39
46293.25,-6650.78
48048.79,-4795.97
48000.19,-4934.91
47108.71,-5925.25
45577.64,-7558.33
46290.48,-6649.69
48057.68,-4786.04
48004.32,-4930.95
47112.91,-5923.93
45581.46,-7559.45
46260.31,-6676.33
48025.76,-4812.98
47998.2,-4936.61
47110.34,-5918.29
45576.48,-7564.34
46249.87,-6696.65
48033.59,-4810.54
48009.04,-4929.27
47124.58,-5906.98
45578.43,-7555.96
46220.79,-6723.69
48004.5,-4839.58
48001.51,-4944.74
47143.76,-5902.8
45595.97,-7550.44
46209.13,-6746.11
48001.29,-4851.29
47995.7,-4947.2
47144.36,-5900.46
45606.34,-7552.12
46209.48,-6748.93
48004.86,-4838.24
48011.97,-4916.2
47148.81,-5874.71
45599.55,-7535.24
46179.13,-6767.08
47987.23,-4849.75
48009.94,-4916.42
47155.77,-5858.82
45612.67,-7510.16
46162.03,-6772.78
47967.38,-4851.6
48000.68,-4908.4
47160.77,-5845.9
45619.21,-7504.42
46155.55,-6788.07
47992.14,-4837.99
48029.56,-4889.73
47177.73,-5837.52
45631.6,-7498.47
46143.63,-6800.12
47980.01,-4857.19
48017.94,-4904.87
47185.27,-5837.11
45636.72,-7506.41
46120.32,-6842.18
47959.11,-4884.75
48026.54,-4903.7
47197.25,-5827.3
45635.78,-7507.88
46105.9,-6860.44
47957.03,-4885.17
48022.39,-4903.91
47193.7,-5825.0
45641.9,-7493.6
46096.49,-6859.62
47933.38,-4902.5
48022.34,-4904.73
47210.64,-5803.36
45653.95,-7479.81
46071.41,-6885.14
47934.84,-4897.42
48032.73,-4889.02
47217.93,-5799.29
45657.64,-7477.6
46065.8,-6896.5
47939.24,-4898.52
48042.37,-4886.0
47228.43,-5792.48
45671.03,-7471.61
46050.98,-6917.69
47937.52,-4902.01
48052.92,-4875.94
47253.78,-5770.17
45698.32,-7448.83
46039.54,-6935.43
47908.37,-4929.41
48046.86,-4873.93
47246.47,-5770.24
45684.8,-7460.74
46016.21,-6964.56
47901.04,-4944.88
48045.88,-4884.03
47256.23,-5761.18
45694.52,-7451.24
46005.36,-6975.69
47886.67,-4951.78
48044.18,-4885.51
47265.06,-5759.71
45708.04,-7443.56
45992.94,-6998.15
47899.21,-4953.75
48062.48,-4872.1
47284.27,-5743.03
45731.0,-7425.12
45996.54,-6993.23
47881.19,-4967.12
48061.95,-4871.9
47287.19,-5737.56
45736.85,-7421.02
45972.24,-7027.75
47879.18,-4976.26
48076.52,-4856.85
47312.07,-5712.7
45748.32,-7404.62
45950.96,-7040.04
47861.14,-4983.88
48071.11,-4859.18
47303.4,-5725.24
45753.04,-7408.95
45951.14,-7049.05
47856.78,-4997.29
48077.19,-4855.54
47328.97,-5689.44
45779.93,-7373.44
45950.34,-7053.03
47856.67,-4994.7
48082.69,-4846.89
47331.36,-5688.56
45779.3,-7371.92
45918.24,-7067.76
47832.42,-4996.67
48089.42,-4823.57
47343.36,-5657.27
45785.51,-7350.55
45911.22,-7080.14
47821.45,-5021.34
48090.25,-4833.5
47359.9,-5650.77
45805.79,-7341.48
45910.7,-7089.37
47827.64,-5013.52
48089.42,-4829.25
47363.99,-5642.83
45824.09,-7320.31
45894.34,-7104.39
47813.35,-5027.56
48104.48,-4813.47
47374.81,-5629.06
45828.45,-7314.03
45885.38,-7118.29
47811.12,-5036.16
48109.63,-4815.97
47388.0,-5627.12
45843.67,-7312.75
45884.51,-7128.35
47814.61,-5034.91
48117.96,-4818.75
47406.62,-5623.52
45858.63,-7308.33
45872.64,-7151.22
47817.35,-5041.01
48145.45,-4793.04
47418.66,-5602.38
45875.93,-7279.54
45866.7,-7152.49
47797.37,-5057.62
48135.33,-4799.95
47416.68,-5601.77
45876.57,-7283.79
45851.88,-7175.87
47783.8,-5074.65
48140.16,-4799.37
47436.41,-5588.85
45902.5,-7257.88
45851.07,-7176.07
47790.98,-5068.59
48144.98,-4793.47
47443.61,-5577.01
45914.57,-7247.31
45836.18,-7196.93
47764.04,-5094.07
48159.58,-4775.81
47463.14,-5558.45
45924.63,-7235.08
45822.71,-7215.68
47763.8,-5103.6
48153.01,-4789.4
47452.62,-5573.92
45931.07,-7233.36
45819.15,-7224.51
47762.5,-5110.15
48157.68,-4786.2
47466.7,-5559.86
45944.97,-7223.93
45801.7,-7245.09
47743.28,-5124.92
48156.63,-4792.64
47476.89,-5562.88
45959.3,-7213.91
45793.94,-7254.33
47734.92,-5135.36
48167.0,-4778.49
47487.73,-5543.84
45978.97,-7197.8
45795.32,-7264.18
47724.37,-5149.62
48171.98,-4770.87
47513.21,-5521.33
46009.16,-7161.74
45793.49,-7257.25
47720.19,-5155.14
48180.75,-4768.21
47513.53,-5516.05
46003.8,-7164.43
45773.46,-7287.43
47693.95,-5181.49
48181.11,-4772.41
47523.18,-5521.01
46022.48,-7160.58
45773.11,-7296.21
47686.06,-5190.79
48166.24,-4780.95
47510.29,-5527.9
46006.59,-7174.73
45723.46,-7344.47
47634.0,-5242.69
48125.05,-4820.06
47465.02,-5564.42
45955.72,-7207.57
45638.48,-7423.37
47551.95,-5320.03
48070.29,-4863.83
47421.17,-5597.61
45903.22,-7254.08
45574.27,-7475.27
47506.2,-5356.28
48032.64,-4901.71
47384.54,-5634.63
45889.76,-7269.88
45553.73,-7504.2
47468.46,-5392.78
48017.36,-4910.16
47387.75,-5624.68
45920.36,-7237.11
45572.95,-7489.89
47507.31,-5361.69
48071.94,-4859.83
47434.09,-5579.13
45977.22,-7175.89
45612.11,-7442.15
47529.08,-5335.41
48116.55,-4817.49
47495.29,-5522.15
46031.81,-7126.61
45632.18,-7431.89
47556.57,-5312.94
48159.65,-4779.94
47534.47,-5482.82
46067.79,-7089.91
45652.18,-7417.92
47570.99,-5299.75
48172.86,-4758.28
47561.05,-5455.55
46102.26,-7056.42
45660.41,-7409.54
47563.48,-5307.89
48179.5,-4756.41
47576.87,-5444.3
46116.23,-7042.1
45659.88,-7411.73
47562.57,-5306.8
48191.95,-4728.15
47581.18,-5423.9
46135.03,-7018.36
45653.61,-7416.13
47544.42,-5318.69
48191.79,-4726.12
47581.21,-5422.11
46138.52,-7003.18
45638.48,-7423.6
47522.29,-5333.62
48182.58,-4723.84
47586.88,-5402.28
46144.68,-6989.32
45624.91,-7435.22
47519.88,-5334.71
48191.45,-4717.58
47592.92,-5403.96
46167.28,-6968.02
45628.47,-7433.68
47515.25,-5339.79
48208.0,-4703.46
47623.59,-5378.63
46178.61,-6960.27
45620.16,-7446.1
47510.82,-5350.43
48213.11,-4700.17
47618.33,-5382.72
46199.11,-6948.06
45624.98,-7452.65
47497.43,-5374.79
48218.88,-4706.0
47639.23,-5376.27
46220.99,-6934.72
45622.9,-7463.83
47496.43,-5378.59
48233.16,-4693.4
47650.61,-5360.57
46251.7,-6901.59
45628.98,-7456.14
47485.68,-5389.54
48225.99,-4696.3
47654.9,-5350.49
46257.45,-6883.87
45617.09,-7464.77
47467.28,-5402.91
48231.24,-4685.42
47657.56,-5342.76
46254.45,-6883.67
45597.51,-7480.37
47460.53,-5405.32
48243.87,-4664.45
47687.78,-5308.92
46291.49,-6853.27
45606.88,-7480.73
47434.4,-5440.39
48234.26,-4689.37
47690.3,-5316.27
46298.84,-6842.9
45588.26,-7496.15
47421.35,-5447.66
48244.81,-4672.3
47691.8,-5307.91
46313.19,-6829.46
45599.9,-7492.17
47421.91,-5454.59
48246.77,-4673.5
47702.06,-5297.39
46342.54,-6795.11
45595.61,-7495.46
47407.04,-5469.49
48259.34,-4660.94
47713.33,-5285.85
46352.35,-6790.37
45600.82,-7496.91
47393.7,-5486.15
48257.44,-4669.66
47712.5,-5298.75
46357.16,-6785.92
45577.46,-7524.74
47371.73,-5510.67
48258.51,-4663.65
47719.21,-5291.06
46370.97,-6780.54
45578.8,-7535.64
47365.27,-5524.03
48248.47,-4677.42
47720.19,-5290.81
46384.67,-6760.31
45576.5,-7534.77
47356.21,-5530.27
48266.78,-4655.2
47747.28,-5258.0
46407.74,-6741.89
45580.21,-7534.12
47341.02,-5542.81
48256.72,-4661.86
47741.04,-5259.79
46404.23,-6734.49
45554.82,-7556.14
47323.54,-5563.77
48257.97,-4659.4
47745.43,-5257.26
46429.11,-6713.97
45564.86,-7547.56
47315.16,-5572.27
48283.14,-4632.56
47781.05,-5215.82
46447.91,-6685.16
45557.95,-7548.0
47302.05,-5576.85
48272.03,-4637.41
47764.2,-5228.43
46443.75,-6684.04
45553.41,-7548.09
47284.06,-5591.31
48260.07,-4645.56
47766.28,-5218.1
46458.55,-6660.73
45542.68,-7558.71
47269.91,-5608.83
48273.8,-4632.15
47793.46,-5195.93
46496.61,-6629.48
45560.66,-7547.63
47277.6,-5603.85
48292.75,-4614.99
47804.48,-5183.57
46508.46,-6619.18
45552.54,-7557.28
47256.68,-5625.51
48284.1,-4617.33
47804.03,-5186.1
46516.91,-6609.39
45550.75,-7559.74
47234.58,-5637.87
48276.14,-4613.87
47806.76,-5169.89
46522.72,-6587.98
45544.23,-7553.46
47227.71,-5645.65
48278.02,-4618.18
47802.18,-5182.48
46534.86,-6580.4
45545.28,-7555.36
47216.96,-5657.16
48295.12,-4599.83
47823.25,-5157.42
46552.82,-6559.1
45553.97,-7552.07
47199.71,-5678.51
48287.39,-4608.95
47832.11,-5147.76
46568.36,-6537.8
45541.45,-7560.28
47196.6,-5681.48
48299.23,-4589.98
47829.65,-5145.37
46577.7,-6529.53
45546.46,-7561.95
47191.01,-5685.66
48304.15,-4580.23
47848.36,-5125.59
46605.35,-6502.28
45551.91,-7559.52
47174.96,-5706.6
48302.92,-4585.37
47852.29,-5124.85
46609.91,-6497.14
45541.88,-7568.77
47153.04,-5723.52
48290.52,-4595.0
47854.1,-5120.2
46613.69,-6492.53
45527.8,-7584.1
47131.38,-5751.35
48290.76,-4602.2
47853.5,-5127.18
46631.28,-6484.26
45531.08,-7591.75
47118.13,-5772.25
48285.89,-4606.85
47858.66,-5121.08
46643.13,-6469.29
45529.72,-7594.54
47091.88,-5796.86
48274.91,-4617.89
47860.52,-5124.05
46639.98,-6472.53
45520.96,-7606.41
47084.04,-5816.57
48282.07,-4617.11
47874.73,-5110.28
46664.63,-6449.86
45516.82,-7612.31
47053.8,-5846.3
48268.16,-4629.83
47861.9,-5112.76
46668.74,-6434.31
45514.43,-7607.89
47036.07,-5859.02
48274.09,-4619.12
47876.16,-5107.93
46687.94,-6428.88
45517.8,-7617.74
47028.72,-5873.21
48274.47,-4621.76
47876.12,-5109.88
46712.04,-6405.16
45525.47,-7615.64
47031.62,-5872.59
48269.82,-4617.6
47876.74,-5101.52
46708.3,-6397.58
45523.15,-7610.23
47008.2,-5892.79
48272.52,-4617.62
47891.92,-5086.99
46730.5,-6372.12
45518.9,-7613.85
46988.17,-5912.17
48269.75,-4616.31
47887.14,-5084.66
46718.36,-6384.89
45497.62,-7629.14
46955.96,-5935.48
48260.86,-4619.17
47900.99,-5071.5
46747.69,-6343.98
45516.71,-7608.62
46954.66,-5938.79
48269.13,-4612.26
47898.71,-5070.27
46754.35,-6342.96
45513.25,-7613.12
46933.66,-5962.62
48273.46,-4608.86
47910.74,-5054.65
46767.4,-6316.65
45512.0,-7613.16
46923.42,-5967.49
48266.87,-4604.79
47922.0,-5039.31
46784.55,-6300.49
45520.87,-7610.14
46914.05,-5981.26
48258.44,-4609.91
47920.57,-5037.61
46801.82,-6273.87
45531.57,-7582.43
46909.0,-5974.08
48274.65,-4582.08
47939.33,-5009.45
46821.72,-6251.98
45540.2,-7583.88
46890.65,-6002.43
48269.13,-4596.55
47943.77,-5010.99
46832.18,-6247.02
45538.88,-7589.51
46865.48,-6030.63
48262.69,-4610.45
47952.22,-5010.95
46859.74,-6228.25
45548.56,-7593.2
46855.13,-6051.53
48266.04,-4608.42
47953.63,-5014.19
46847.13,-6237.61
45527.95,-7607.8
46833.99,-6069.77
48260.05,-4610.34
47946.75,-5011.24
46861.55,-6218.46
45539.42,-7597.07
46818.43,-6088.88
48251.96,-4625.78
47940.29,-5030.64
46864.77,-6222.14
45528.4,-7610.25
46791.88,-6120.0
48246.86,-4634.23
47960.09,-5014.05
46895.59,-6195.61
45537.45,-7610.03
46772.9,-6138.73
48235.96,-4635.82
47952.4,-5009.09
46888.55,-6187.57
45537.41,-7594.59
46765.73,-6137.21
48232.67,-4629.74
47954.06,-5001.43
46898.54,-6177.02
45536.54,-7608.13
46757.03,-6161.75
48229.21,-4644.94
47952.16,-5008.62
46910.63,-6167.32
45531.71,-7612.27
46722.27,-6190.63
48221.34,-4643.78
47957.19,-4996.33
46920.29,-6152.68
45541.16,-7599.41
46715.05,-6198.79
48225.99,-4645.7
47968.41,-4992.87
46923.86,-6147.6
45532.98,-7606.28
46680.97,-6234.33
48215.41,-4653.36
47967.0,-4992.51
46941.86,-6130.57
45540.89,-7600.69
46684.5,-6229.74
48221.56,-4642.3
47981.01,-4975.48
46948.41,-6119.73
45533.72,-7601.52
46646.57,-6267.03
48203.34,-4657.46
47984.41,-4971.34
46973.35,-6092.75
45547.63,-7589.91
46646.28,-6267.9
48210.48,-4647.73
47990.58,-4960.92
46983.05,-6079.14
45554.08,-7577.11
46640.31,-6269.75
48217.11,-4632.62
48005.44,-4939.78
47005.58,-6054.89
45559.65,-7577.49
46621.36,-6290.72
48209.4,-4648.72
48004.75,-4948.48
47011.33,-6056.27
45559.47,-7583.07
46608.84,-6316.11
48207.88,-4648.87
48007.77,-4943.4
47021.0,-6042.37
45569.98,-7574.94
46579.98,-6342.35
48197.85,-4657.01
48024.82,-4923.11
47028.47,-6022.86
45568.25,-7561.53
46555.62,-6361.42
48180.7,-4667.87
48007.21,-4932.74
47028.79,-6025.56
45572.61,-7570.38
46568.18,-6360.5
48198.43,-4656.87
48031.86,-4919.15
47058.63,-6004.39
45592.82,-7553.32
46557.07,-6376.8
48205.27,-4661.5
48039.51,-4922.73
47077.89,-5992.64
45603.68,-7555.85
46531.77,-6410.26
48181.53,-4682.42
48034.99,-4920.4
47072.57,-5987.83
45601.58,-7547.33
46530.72,-6409.18
48185.78,-4678.2
48044.27,-4914.1
47095.55,-5969.7
45613.07,-7540.27
46508.66,-6431.74
48174.96,-4688.08
48052.76,-4904.15
47108.87,-5950.73
45616.76,-7538.39
46490.49,-6450.96
48164.57,-4701.38
48046.53,-4913.34
47121.45,-5943.46
45630.91,-7528.49
46481.34,-6467.45
48176.52,-4690.76
48064.7,-4900.17
47130.53,-5941.25
45620.78,-7544.7
46452.54,-6502.32
48164.72,-4703.68
48068.77,-4889.09
47144.05,-5918.14
45639.67,-7524.4
46444.98,-6510.53
48158.51,-4703.59
48067.38,-4888.66
47153.48,-5910.36
45643.07,-7526.52
46424.57,-6538.87
48145.12,-4727.01
48069.3,-4895.75
47150.29,-5916.66
45635.06,-7534.26
46409.86,-6554.22
48150.04,-4718.1
48078.11,-4888.13
47174.61,-5891.45
45658.76,-7509.09
46412.1,-6551.23
48146.82,-4727.44
48089.55,-4880.59
47182.32,-5895.25
45656.41,-7522.28
46382.39,-6587.19
48134.68,-4734.46
48090.16,-4869.6
47212.38,-5850.32
45670.45,-7502.72
46380.85,-6592.78
48134.43,-4730.46
48089.22,-4864.5
47205.27,-5853.14
45675.03,-7492.28
46361.23,-6604.47
48136.36,-4724.76
48097.58,-4854.15
47202.88,-5847.86
45676.7,-7483.5
46347.41,-6618.64
48125.27,-4741.72
48105.64,-4848.65
47227.02,-5827.79
45686.7,-7478.98
46338.29,-6631.63
48125.9,-4736.49
48106.47,-4851.54
47230.06,-5830.12
45688.77,-7484.46
46315.56,-6664.24
48113.76,-4759.74
48112.96,-4850.13
47248.7,-5814.0
45705.29,-7470.51
46309.17,-6672.64
48102.5,-4770.56
48107.57,-4846.95
47253.55,-5798.06
45699.3,-7461.28
46279.75,-6689.12
48097.4,-4764.21
48117.36,-4831.2
47267.66,-5775.69
45727.33,-7434.41
46281.21,-6689.07
48080.95,-4775.65
48119.97,-4832.42
47275.68,-5770.01
45727.42,-7436.02
46254.9,-6717.3
48073.75,-4782.49
48118.86,-4833.16
47288.31,-5763.13
45743.38,-7428.71
46243.86,-6739.92
48076.37,-4786.87
48131.66,-4824.62
47298.35,-5755.95
45735.56,-7436.0
46229.39,-6756.95
48066.64,-4802.29
48140.02,-4819.82
47308.72,-5747.17
45744.41,-7433.32
46221.95,-6771.57
48069.53,-4801.09
48138.79,-4817.34
47319.04,-5734.45
45769.87,-7411.15
46219.02,-6781.32
48068.36,-4804.19
48148.81,-4805.45
47323.98,-5722.38
45769.46,-7397.02
46194.15,-6792.94
48053.3,-4807.28
48150.33,-4800.77
47328.61,-5717.49
45779.68,-7386.89
46180.2,-6810.55
48037.16,-4827.46
48137.14,-4812.71
47336.32,-5704.14
45782.68,-7384.32
46161.11,-6829.93
48040.76,-4819.51
48152.65,-4802.58
47350.7,-5694.64
45795.28,-7370.33
46153.29,-6838.61
48018.54,-4837.39
48155.36,-4787.23
47365.67,-5674.91
45805.61,-7360.32
46138.54,-6854.63
48024.64,-4833.1
48171.83,-4772.3
47386.08,-5655.19
45821.25,-7347.73
46121.73,-6866.19
48004.19,-4843.09
48172.63,-4767.09
47397.54,-5638.03
45837.19,-7332.15
46108.7,-6883.8
47995.36,-4849.23
48158.57,-4768.79
47392.0,-5630.87
45845.73,-7315.03
46096.47,-6895.45
47988.19,-4859.54
48181.82,-4752.2
47411.85,-5614.22
45863.9,-7292.73
46098.97,-6897.06
47983.41,-4857.39
48179.07,-4748.23
47419.98,-5602.26
45871.68,-7281.55
46083.68,-6907.81
47977.84,-4868.59
48178.8,-4757.48
47421.84,-5606.8
45872.26,-7289.75
46058.74,-6938.9
47956.7,-4883.43
48170.78,-4751.02
47421.53,-5593.01
45870.32,-7280.39
46042.45,-6944.66
47936.18,-4893.13
48168.88,-4752.7
47416.45,-5592.56
45868.91,-7275.69
46029.59,-6962.66
47934.88,-4903.12
48168.25,-4750.89
47424.48,-5582.37
45886.66,-7263.06
46015.2,-6987.94
47927.91,-4915.39
48175.7,-4750.33
47434.36,-5579.33
45895.59,-7251.11
45994.7,-7002.49
47896.75,-4939.53
48165.13,-4751.51
47434.85,-5571.4
45903.48,-7240.94
45983.3,-7004.34
47896.81,-4929.14
48185.8,-4730.55
47461.65,-5551.26
45903.73,-7239.8
45954.05,-7037.71
47866.68,-4967.65
48166.55,-4751.06
47451.77,-5555.91
45906.12,-7237.94
45939.96,-7060.89
47879.96,-4962.82
48187.59,-4735.46
47471.1,-5541.02
45927.34,-7222.68
45946.16,-7063.31
47874.46,-4965.08
48188.97,-4729.03
47481.41,-5531.97
45941.35,-7210.99
45931.92,-7083.02
47868.74,-4980.17
48200.57,-4724.78
47482.48,-5532.26
45955.72,-7199.14
45916.72,-7099.74
47841.96,-5003.3
48208.38,-4718.72
47506.84,-5513.3
45975.32,-7184.1
45917.25,-7105.64
47839.86,-5010.39
48205.76,-4719.48
47502.93,-5505.9
45972.04,-7176.72
45912.63,-7115.59
47834.5,-5017.94
48208.57,-4716.91
47517.5,-5491.69
45997.05,-7146.5
45892.24,-7118.54
47817.84,-5019.06
48211.06,-4700.95
47513.88,-5484.36
45999.87,-7145.85
45874.16,-7144.73
47803.38,-5033.66
48212.11,-4696.75
47519.65,-5469.83
46000.04,-7128.95
45858.47,-7150.59
47787.89,-5043.0
48217.61,-4688.68
47542.79,-5449.78
46030.4,-7099.67
45863.1,-7151.26
47798.51,-5038.28
48236.63,-4677.64
47561.7,-5444.26
46045.08,-7099.88
45856.3,-7165.1
47782.75,-5056.97
48235.6,-4673.39
47567.5,-5425.01
46055.01,-7078.51
45837.75,-7176.0
47774.15,-5060.01
48245.08,-4664.32
47580.76,-5415.16
46067.41,-7063.55
45832.21,-7176.16
47750.16,-5072.1
48243.82,-4654.88
47591.91,-5395.24
46083.24,-7048.87
45823.36,-7194.67
47741.63,-5083.12
48231.06,-4665.84
47582.55,-5406.08
46088.56,-7045.63
45800.82,-7216.48
47735.75,-5094.23
48244.29,-4657.57
47591.91,-5399.38
46107.89,-7028.93
45810.39,-7217.18
47742.05,-5090.94
48258.67,-4642.48
47609.01,-5374.68
46121.68,-7002.98
45802.03,-7219.59
47720.79,-5106.68
48257.79,-4635.28
47602.51,-5370.5
46121.68,-6991.31
45786.5,-7228.82
47713.46,-5106.66
48262.11,-4624.55
47617.35,-5356.53
46144.46,-6976.67
45774.27,-7248.45
47678.57,-5139.43
48247.31,-4629.38
47618.45,-5343.54
46140.26,-6965.07
45750.2,-7262.17
47671.33,-5148.14
48247.56,-4632.44
47622.65,-5343.43
46159.3,-6952.38
45752.63,-7271.74
47665.9,-5157.62
48251.52,-4634.95
47621.64,-5350.31
46153.09,-6958.23
45732.5,-7280.95
47636.82,-5173.29
48241.05,-4635.53
47622.87,-5342.16
46168.4,-6939.48
45712.87,-7305.6
47618.36,-5199.19
48237.77,-4642.95
47625.22,-5341.08
46178.34,-6930.54
45707.44,-7312.53
47609.64,-5205.97
48251.34,-4624.17
47637.73,-5323.16
46193.21,-6909.35
45704.58,-7312.78
47602.06,-5210.79
48259.38,-4610.07
47663.37,-5288.69
46210.75,-6886.1
45696.89,-7320.0
47591.46,-5219.02
48254.71,-4613.58
47659.68,-5301.7
46219.9,-6886.06
45677.35,-7343.31
47561.56,-5254.56
48248.38,-4625.51
47660.27,-5303.53
46223.65,-6881.14
45670.96,-7350.37
47548.24,-5260.28
48257.88,-4603.36
47669.99,-5275.32
46239.1,-6854.14
45661.68,-7355.76
47535.03,-5272.82
48248.92,-4609.11
47670.73,-5278.74
46251.68,-6841.67
45654.13,-7364.07
47518.33,-5288.33
48254.24,-4607.45
47670.93,-5266.65
46262.16,-6823.03
45652.54,-7368.39
47512.09,-5288.02
48250.84,-4603.21
47667.51,-5271.44
46270.39,-6814.69
45639.33,-7385.02
47488.87,-5319.92
48261.17,-4602.27
47693.55,-5256.84
46289.86,-6805.03
45633.19,-7402.94
47486.86,-5328.92
48257.71,-4608.86
47689.17,-5262.18
46289.12,-6804.74
45624.45,-7405.78
47462.68,-5351.99
48240.52,-4618.25
47682.73,-5264.1
46291.11,-6796.74
45597.51,-7435.42
47427.96,-5378.92
48231.26,-4621.89
47683.67,-5256.88
46300.09,-6785.23
45595.5,-7429.61
47409.75,-5390.93
48237.54,-4609.51
47693.17,-5238.49
46322.4,-6757.38
45596.95,-7429.43
47413.21,-5385.76
48245.28,-4596.86
47700.63,-5235.49
46327.54,-6758.07
45587.21,-7451.47
47386.1,-5428.08
48237.1,-4621.58
47701.08,-5242.85
46343.39,-6749.02
45587.5,-7462.15
47389.5,-5433.24
48246.42,-4618.16
47716.48,-5230.58
46356.24,-6733.17
45575.65,-7471.88
47363.08,-5454.16
48244.2,-4609.62
47725.93,-5215.78
46360.94,-6716.34
45570.15,-7464.99
47359.88,-5451.05
48245.16,-4595.12
47724.86,-5204.42
46380.67,-6693.63
45568.19,-7465.95
47340.95,-5465.56
48249.55,-4593.53
47730.65,-5199.37
46386.04,-6687.28
45542.3,-7485.91
47303.11,-5495.56
48224.09,-4612.22
47710.11,-5209.23
46383.96,-6672.13
45536.74,-7484.46
47299.02,-5497.95
48240.81,-4590.8
47727.43,-5189.61
46402.24,-6652.64
45537.74,-7488.15
47292.42,-5503.13
48248.59,-4584.75
47737.2,-5178.32
46410.38,-6639.97
45535.2,-7486.54
47269.64,-5523.88
48242.62,-4582.49
47737.69,-5174.41
46432.8,-6617.81
45535.31,-7486.96
47265.0,-5529.67
48246.26,-4577.55
47750.45,-5163.43
46446.01,-6605.28
45524.51,-7501.87
47249.2,-5540.46
48247.27,-4572.97
47758.23,-5145.98
46456.71,-6586.66
45516.27,-7509.07
47238.49,-5558.9
48257.71,-4566.3
47768.47,-5144.39
46463.82,-6583.17
45524.55,-7499.21
47226.78,-5565.49
48249.28,-4567.82
47768.2,-5137.39
46476.25,-6561.56
45511.88,-7513.09
47203.55,-5591.65
48255.31,-4562.8
47777.21,-5130.33
46498.45,-6539.9
45520.58,-7505.18
47195.89,-5600.41
48243.31,-4571.89
47772.0,-5133.15
46510.65,-6534.6
45509.58,-7522.61
47178.63,-5616.03
48246.3,-4568.09
47779.78,-5122.62
46516.88,-6525.46
45516.78,-7519.01
47166.14,-5636.6
48255.58,-4573.19
47797.28,-5120.65
46521.29,-6519.53
45493.15,-7542.75
47145.21,-5659.66
48247.87,-4574.19
47779.67,-5129.35
46533.11,-6509.25
45503.57,-7534.35
47126.8,-5671.78
48242.64,-4568.2
47799.85,-5100.82
46563.06,-6477.69
45508.78,-7526.32
47114.84,-5683.62
48234.84,-4573.64
47789.68,-5106.61
46573.05,-6460.12
45498.67,-7532.47
47097.65,-5693.12
48243.96,-4554.01
47811.79,-5074.81
46582.57,-6443.02
45483.86,-7542.95
47065.75,-5722.47
48228.11,-4573.3
47796.21,-5097.74
46573.59,-6452.66
45477.1,-7549.06
47055.88,-5736.73
48225.18,-4574.31
47807.5,-5077.91
46582.04,-6431.07
45467.65,-7558.96
47034.84,-5758.44
48224.6,-4567.87
47805.93,-5083.32
46607.83,-6417.88
45484.32,-7551.38
47032.81,-5772.16
48226.14,-4580.3
47811.12,-5076.06
46611.63,-6406.61
45478.4,-7557.39
47022.55,-5777.12
48233.07,-4565.3
47812.28,-5075.16
46620.95,-6401.14
45465.41,-7569.91
46992.86,-5808.23
48232.22,-4573.08
47838.66,-5053.8
46644.65,-6377.94
45476.05,-7564.55
46993.42,-5814.83
48246.93,-4562.44
47854.57,-5038.51
46675.98,-6340.09
45494.36,-7543.96
46972.46,-5830.81
48212.31,-4585.06
47817.6,-5070.18
46644.49,-6377.87
45445.5,-7601.74
46929.41,-5884.86
48204.51,-4606.31
47810.0,-5094.99
46645.61,-6387.57
45444.92,-7611.48
46922.81,-5892.28
48209.07,-4594.78
47820.5,-5072.04
46674.6,-6351.43
45469.79,-7590.12
46927.66,-5898.69
48222.43,-4597.17
47845.32,-5057.62
46699.59,-6332.09
45485.22,-7580.82
46922.32,-5904.21
48232.74,-4581.03
47858.73,-5043.16
46692.52,-6340.05
45458.46,-7613.56
46898.27,-5940.89
48235.46,-4589.08
47872.88,-5037.68
46721.49,-6309.43
45475.67,-7591.19
46879.99,-5947.93
48222.95,-4586.91
47876.74,-5028.11
46750.13,-6283.72
45485.22,-7583.97
46870.69,-5959.24
48210.01,-4593.6
47871.22,-5031.13
46748.54,-6282.43
45467.74,-7607.8
46849.61,-5990.65
48217.16,-4599.68
47884.34,-5023.44
46768.41,-6266.24
45469.97,-7597.58
46830.64,-6000.91
48216.11,-4591.03
47880.14,-5017.27
46764.81,-6252.7
45473.91,-7590.47
46821.34,-6018.45
48204.31,-4605.0
47885.44,-5013.27
46785.06,-6238.75
45466.98,-7598.1
46802.38,-6032.78
48204.53,-4607.72
47884.79,-5014.55
46791.95,-6231.31
45463.18,-7607.71
46771.09,-6065.64
48187.75,-4616.82
47887.96,-5009.83
46804.26,-6214.03
45474.09,-7597.54
46757.52,-6086.8
48199.9,-4609.94
47912.89,-4993.25
46826.28,-6201.31
45483.14,-7598.07
46755.04,-6098.25
48195.57,-4624.93
47907.48,-5006.92
46831.46,-6201.13
45483.96,-7612.38
46745.97,-6122.81
48209.25,-4619.57
47910.43,-5003.86
46836.52,-6195.03
45468.21,-7614.14
46702.79,-6147.62
48180.17,-4632.49
47900.3,-5001.74
46845.16,-6174.74
45475.98,-7607.89
46697.09,-6155.16
48177.46,-4633.34
47897.86,-5000.8
46845.43,-6174.18
45478.67,-7608.27
46692.75,-6168.28
48190.2,-4625.51
47921.76,-4988.37
46881.53,-6149.59
45502.96,-7596.06
46686.63,-6176.7
48188.15,-4621.83
47919.64,-4977.11
46874.38,-6137.61
45489.96,-7591.97
46671.07,-6187.36
48199.16,-4615.41
47940.11,-4965.84
46900.42,-6127.1
45502.76,-7586.45
46650.59,-6206.39
48182.09,-4629.69
47939.71,-4966.02
46908.46,-6112.69
45497.82,-7593.51
46644.31,-6219.33
48179.96,-4632.87
47934.32,-4971.63
46903.37,-6124.65
45495.54,-7607.46
46632.64,-6243.69
48185.24,-4641.36
47962.86,-4955.0
46941.7,-6081.42
45520.09,-7581.64
46620.39,-6251.85
48178.36,-4632.33
47952.89,-4956.03
46950.57,-6072.39
45513.87,-7583.14
46602.45,-6266.94
48176.68,-4632.11
47961.66,-4940.54
46953.17,-6059.36
45515.3,-7574.0
46593.08,-6273.8
48177.42,-4626.32
47967.09,-4932.54
46970.6,-6038.84
45513.71,-7568.01
46555.82,-6303.91
48167.65,-4633.74
47969.84,-4921.63
46974.18,-6033.9
45527.06,-7558.4
46554.99,-6309.32
48149.01,-4647.42
47955.46,-4931.15
46981.24,-6015.9
45518.48,-7562.91
46528.8,-6337.9
48144.89,-4654.62
47959.73,-4927.38
46971.59,-6025.83
45511.93,-7570.33
46504.21,-6362.8
48130.86,-4663.98
47968.65,-4914.08
47002.77,-5986.27
45534.14,-7538.24
46507.0,-6348.14
48156.86,-4632.22
47983.96,-4897.54
47006.93,-5986.0
45529.83,-7551.92
46488.63,-6369.93
48142.75,-4643.33
47987.43,-4892.24
47030.44,-5961.41
45545.59,-7537.54
46479.45,-6389.04
48146.35,-4642.93
48001.4,-4882.27
47039.51,-5952.4
45538.59,-7545.64
46460.47,-6415.04
48142.82,-4655.96
48007.63,-4885.11
47048.1,-5950.64
45559.02,-7527.67
46441.96,-6423.29
48127.39,-4662.77
48002.29,-4885.85
47050.46,-5937.32
45551.91,-7532.52
46433.45,-6443.34
48126.19,-4662.93
48001.96,-4878.16
47069.64,-5911.41
45562.33,-7517.27
46418.63,-6451.38
48128.04,-4661.93
48016.24,-4868.19
47083.48,-5902.58
45573.95,-7510.9
46412.9,-6459.79
48113.04,-4668.59
48007.32,-4862.11
47084.3,-5896.08
45578.96,-7502.63
46392.68,-6479.23
48117.85,-4662.93
48023.57,-4849.26
47102.01,-5874.55
45583.18,-7490.38
46370.32,-6491.44
48108.06,-4663.24
48022.9,-4839.0
47108.87,-5863.0
45587.54,-7483.52
46371.46,-6489.74
48121.83,-4654.33
48030.81,-4839.02
47120.29,-5853.45
45586.56,-7489.78
46350.21,-6522.17
48101.89,-4674.67
48038.88,-4831.2
47137.66,-5835.79
45599.73,-7485.13
46348.15,-6534.78
48105.69,-4679.58
48048.4,-4825.32
47151.43,-5828.11
45622.57,-7459.0
46326.07,-6551.25
48086.98,-4692.79
48039.84,-4833.03
47151.05,-5824.46
45606.34,-7479.85
46301.39,-6582.34
48080.43,-4700.82
48042.39,-4832.4
47158.25,-5817.06
45621.43,-7462.22
46301.61,-6582.3
48063.09,-4719.19
48035.55,-4836.78
47171.84,-5803.9
45638.62,-7452.07
46300.25,-6589.38
48088.12,-4693.06
48068.72,-4802.96
47193.61,-5774.42
45654.66,-7427.35
46285.77,-6603.82
48073.37,-4711.37
48077.57,-4806.21
47211.98,-5771.47
45666.42,-7432.29
46258.9,-6637.84
48063.87,-4724.51
48074.11,-4809.85
47212.96,-5767.93
45672.46,-7421.78
46253.67,-6649.67
48070.09,-4726.7
48082.94,-4808.58
47232.12,-5757.0
45678.36,-7424.15
46243.43,-6663.41
48061.93,-4733.7
48092.93,-4796.93
47244.88,-5742.63
45687.41,-7418.95
46234.56,-6681.9
48049.57,-4750.95
48086.16,-4805.83
47248.97,-5738.43
45687.1,-7416.33
46211.96,-6699.73
48055.76,-4743.84
48105.07,-4787.14
47265.62,-5720.17
45706.28,-7398.32
46208.61,-6711.27
48047.42,-4750.95
48098.56,-4794.43
47262.61,-5728.13
45709.74,-7406.27
46186.28,-6745.58
48027.82,-4784.84
48096.53,-4799.3
47265.42,-5715.48
45708.98,-7399.52
46169.94,-6760.93
48015.99,-4786.51
48097.84,-4788.5
47280.11,-5700.95
45726.62,-7380.86
46176.89,-6752.26
48040.0,-4758.46
48120.64,-4767.34
47306.26,-5677.57
45744.25,-7370.26
46153.09,-6779.42
48010.96,-4792.26
48115.08,-4777.71
47310.59,-5678.64
45741.41,-7373.91
46130.02,-6802.24
48004.91,-4795.72
48124.91,-4762.26
47316.92,-5666.66
45760.16,-7353.99
46145.38,-6787.89
48000.57,-4793.6
48114.43,-4767.65
47315.27,-5662.23
45764.21,-7340.18
46120.68,-6814.22
47991.85,-4805.49
48115.95,-4761.3
47332.03,-5649.38
45778.38,-7332.53
46100.23,-6825.91
47973.5,-4811.19
48125.96,-4749.88
47336.84,-5633.85
45775.79,-7319.06
46080.11,-6843.97
47973.12,-4812.02
48135.2,-4744.29
47358.02,-5613.8
45805.45,-7296.48
46084.09,-6844.82
47971.49,-4808.62
48140.65,-4727.82
47360.26,-5602.22
45806.73,-7285.48
46065.45,-6862.66
47953.83,-4823.15
48139.69,-4726.79
47381.63,-5578.64
45818.68,-7277.21
46061.71,-6871.91
47957.41,-4825.56
48154.3,-4717.27
47385.79,-5577.97
45835.47,-7263.91
46050.71,-6884.43
47954.17,-4829.27
48174.0,-4698.02
47421.48,-5545.4
45858.6,-7237.47
46040.52,-6892.52
47951.02,-4831.15
48169.53,-4695.7
47412.9,-5541.53
45853.57,-7235.8
46026.78,-6905.03
47939.62,-4839.4
48160.79,-4705.58
47408.47,-5547.01
45862.56,-7226.36
46010.8,-6917.84
47919.3,-4855.96
48167.63,-4695.59
47423.2,-5539.19
45878.25,-7219.08
45998.82,-6944.13
47904.21,-4872.32
48163.18,-4698.43
47413.57,-5539.92
45855.3,-7233.38
45936.3,-6999.49
47845.76,-4928.27
48120.64,-4739.75
47365.94,-5580.02
45798.19,-7278.78
45867.77,-7061.47
47780.16,-4991.9
48060.52,-4795.21
47322.35,-5625.11
45776.91,-7306.36
45829.21,-7106.78
47740.22,-5030.01
48019.43,-4834.62
47297.32,-5648.35
45759.05,-7314.59
45796.51,-7135.06
47712.21,-5058.22
48017.83,-4839.76
47296.76,-5651.1
45763.5,-7321.78
45771.59,-7175.96
47700.72,-5079.41
48042.14,-4819.06
47323.63,-5624.48
45790.48,-7296.17
45784.11,-7160.74
47721.38,-5055.99
48062.39,-4791.23
47356.1,-5587.69
45833.17,-7253.41
45803.71,-7146.23
47736.6,-5038.31
48100.77,-4754.6
47413.23,-5531.32
45887.48,-7199.36
45844.5,-7103.88
47778.3,-4999.95
48145.39,-4712.73
47450.72,-5497.84
45926.6,-7163.6
45866.88,-7089.55
47791.27,-4991.99
48160.77,-4701.73
47479.13,-5469.16
45958.58,-7129.36
45870.14,-7082.57
47808.84,-4967.41
48193.13,-4663.56
47502.91,-5448.04
45972.13,-7123.43
45859.39,-7098.04
47793.57,-4985.31
48187.7,-4670.08
47517.71,-5425.91
46001.92,-7085.91
45861.55,-7099.16
47808.61,-4964.34
48222.25,-4629.87
47525.26,-5413.08
46011.38,-7070.62
45854.56,-7105.02
47778.82,-4995.82
48214.36,-4637.47
47545.82,-5395.06
46020.36,-7058.1
45853.39,-7104.55
47795.14,-4984.64
48231.17,-4627.82
47564.53,-5384.04
46054.02,-7035.99
45846.06,-7119.77
47769.52,-5010.5
48223.51,-4631.3
47558.57,-5383.13
46050.85,-7036.55
45834.62,-7138.01
47776.02,-5004.47
48237.48,-4616.89
47571.35,-5371.82
46065.45,-7022.34
45828.85,-7139.82
47756.51,-5022.44
48235.71,-4616.44
47565.83,-5371.88
46066.21,-7021.98
45806.43,-7168.56
47749.09,-5038.11
48238.19,-4621.92
47578.64,-5365.22
46088.31,-6997.88
45805.27,-7170.86
47732.95,-5047.94
48246.17,-4609.65
47600.43,-5342.31
46091.11,-6992.81
45791.97,-7180.23
47708.75,-5068.17
48230.3,-4618.5
47596.34,-5339.76
46100.11,-6974.91
45779.75,-7191.96
47692.54,-5087.79
48222.79,-4625.63
47582.46,-5349.2
46085.59,-6985.41
45724.83,-7244.02
47632.93,-5134.04
48165.79,-4661.88
47498.73,-5413.03
46014.13,-7040.37
45635.4,-7321.51
47530.49,-5232.01
48074.46,-4755.6
47437.64,-5486.64
45964.64,-7109.58
45563.61,-7410.36
47462.81,-5307.35
48031.73,-4808.75
47391.02,-5533.4
45903.8,-7159.98
45485.78,-7484.15
47404.11,-5365.76
47992.03,-4837.12
47380.46,-5535.03
45917.07,-7145.2
45490.25,-7481.73
47398.88,-5373.23
48001.98,-4836.67
47398.46,-5529.51
45943.61,-7129.96
45510.21,-7470.2
47422.38,-5358.12
48042.08,-4799.63
47439.92,-5491.35
45994.7,-7085.32
45543.29,-7452.09
47449.55,-5339.0
48084.32,-4764.23
47492.07,-5443.59
46046.07,-7034.92
45570.42,-7425.54
47475.98,-5311.82
48136.4,-4715.93
47550.83,-5390.55
46123.2,-6964.51
45626.57,-7377.24
47518.71,-5273.49
48192.15,-4656.36
47595.22,-5333.44
46157.89,-6918.29
45641.19,-7352.56
47528.99,-5253.06
48203.97,-4631.84
47620.19,-5301.07
46189.16,-6878.5
45651.11,-7341.97
47519.27,-5259.03
48219.39,-4615.84
47640.6,-5282.39
46222.69,-6851.61
45657.77,-7347.11
47530.63,-5259.23
48250.53,-4589.95
47667.73,-5253.87
46254.52,-6809.82
45674.07,-7318.99
47534.65,-5249.26
48246.51,-4591.65
47677.52,-5248.03
46280.94,-6792.56
45668.05,-7330.75
47523.65,-5257.82
48261.55,-4570.02
47694.73,-5219.11
46289.34,-6769.92
45668.12,-7326.32
47513.5,-5261.96
48262.53,-4565.77
47687.78,-5227.72
46295.65,-6764.46
45656.25,-7344.87
47497.95,-5281.78
48260.88,-4567.02
47699.4,-5214.04
46310.62,-6750.96
45657.82,-7337.14
47489.77,-5284.35
48256.88,-4564.07
47709.08,-5201.9
46320.32,-6729.53
45644.41,-7346.19
47474.34,-5298.39
48271.41,-4555.67
47726.47,-5194.19
46336.71,-6724.77
45631.49,-7368.05
47476.87,-5310.39
48282.8,-4556.69
47722.52,-5199.17
46344.29,-6716.27
45634.17,-7371.74
47449.85,-5335.61
48277.93,-4553.97
47734.18,-5184.26
46364.54,-6696.27
45643.0,-7363.92
47449.91,-5340.12
48273.51,-4557.81
47725.2,-5187.53
46356.09,-6700.02
45607.77,-7393.87
47420.3,-5357.8
48277.33,-4543.44
47736.8,-5175.84
46378.71,-6674.92
45615.04,-7392.86
47405.68,-5384.13
48272.41,-4560.52
47741.49,-5182.5
46403.0,-6665.27
45616.91,-7407.5
47396.58,-5398.19
48272.79,-4563.06
47750.72,-5176.02
46408.84,-6660.13
45618.43,-7408.17
47385.16,-5414.42
48281.02,-4554.93
47762.35,-5157.55
46416.77,-6643.18
45596.04,-7423.6
47374.7,-5421.68
48281.62,-4556.6
47762.19,-5161.91
46434.0,-6634.02
45596.75,-7431.62
47365.42,-5432.39
48286.67,-4548.98
47774.53,-5144.16
46439.32,-6619.78
45595.41,-7431.8
47356.28,-5441.22
48292.84,-4533.96
47779.69,-5133.88
46470.73,-6584.78
45601.38,-7416.53
47353.06,-5436.06
48307.1,-4512.86
47800.16,-5109.32
46490.26,-6567.41
45611.95,-7415.06
47345.66,-5451.93
48307.5,-4521.4
47808.1,-5110.26
46495.34,-6563.3
45601.94,-7426.75
47326.84,-5469.27
48299.48,-4524.8
47818.05,-5092.73
46511.79,-6541.04
45583.57,-7446.75
47304.02,-5494.3
48300.69,-4527.5
47809.33,-5108.89
46529.25,-6535.0
45606.74,-7439.31
47321.57,-5492.31
48313.65,-4516.68
47829.0,-5088.84
46539.44,-6521.37
45597.18,-7448.63
47285.2,-5525.49
48317.56,-4518.36
47846.46,-5080.33
46556.47,-6506.44
45590.29,-7459.36
47280.64,-5535.32
48322.59,-4514.92
47833.09,-5091.97
46558.05,-6505.79
45578.94,-7466.76
47250.76,-5556.67
48305.38,-4521.4
47850.5,-5071.45
46580.77,-6481.04
45596.62,-7449.19
47256.41,-5553.42
48316.22,-4516.64
47854.28,-5070.74
46593.37,-6471.19
45590.32,-7464.52
47254.36,-5567.06
48326.84,-4508.75
47869.97,-5054.27
46612.66,-6449.62
45601.02,-7456.12
47237.3,-5589.3
48324.94,-4512.1
47864.56,-5062.92
46622.52,-6447.61
45593.49,-7466.76
47221.59,-5599.96
48330.01,-4504.03
47878.62,-5043.6
46625.94,-6436.32
45589.31,-7480.93
47201.09,-5633.0
48323.93,-4520.46
47882.78,-5055.67
46657.05,-6421.59
45598.59,-7479.92
47208.83,-5632.77
48339.85,-4507.7
47889.35,-5038.22
46664.83,-6401.47
45597.49,-7472.41
47185.89,-5640.73
48330.97,-4503.0
47913.15,-5015.33
46690.63,-6370.69
45592.06,-7473.89
47162.92,-5663.78
48327.67,-4506.22
47890.42,-5037.23
46663.47,-6396.2
45553.39,-7512.82
47126.48,-5704.05
48295.05,-4542.19
47868.0,-5055.9
46654.26,-6404.71
45537.39,-7535.87
47107.69,-5728.77
48287.43,-4545.85
47871.54,-5052.1
46671.96,-6386.21
45539.04,-7534.04
47094.81,-5742.43
48297.87,-4534.92
47893.84,-5029.08
46707.39,-6348.97
45577.57,-7495.17
47092.51,-5740.93
48304.89,-4523.28
47890.53,-5021.48
46703.59,-6341.59
45559.43,-7509.14
47064.59,-5762.01
48301.4,-4522.34
47895.79,-5014.75
46722.05,-6319.15
45553.99,-7509.83
47057.11,-5769.3
48311.35,-4511.83
47920.68,-4991.79
46754.08,-6287.75
45567.96,-7492.91
47046.13,-5779.67
48305.89,-4512.24
47911.16,-4987.21
46735.35,-6292.6
45545.32,-7507.66
47016.2,-5801.26
48296.04,-4516.26
47919.75,-4986.18
46753.12,-6278.29
45537.34,-7515.19
46994.32,-5819.28
48287.57,-4517.91
47908.17,-4984.75
46748.76,-6274.07
45544.61,-7513.67
46999.08,-5825.56
48304.58,-4505.42
47931.04,-4966.4
46771.74,-6257.13
45550.3,-7513.45
46992.53,-5834.45
48301.05,-4512.46
47930.63,-4971.39
46784.7,-6242.91
45544.09,-7519.35
46960.61,-5864.99
48289.09,-4522.07
47927.93,-4976.15
46794.85,-6227.73
45546.68,-7517.5
46957.37,-5866.39
48284.04,-4517.09
47938.48,-4949.59
46808.3,-6205.13
45555.29,-7504.04
46940.81,-5883.67
48297.4,-4507.61
47950.37,-4939.69
46822.05,-6186.98
45552.65,-7505.92
46913.25,-5910.16
48275.05,-4524.48
47942.66,-4949.59
46831.17,-6180.97
45539.69,-7517.61
46884.37,-5927.32
48264.19,-4520.15
47933.38,-4942.42
46828.09,-6172.28
45546.5,-7501.25
46878.89,-5929.85
48254.71,-4522.76
47923.86,-4951.27
46830.39,-6171.63
45529.63,-7521.25
46845.81,-5971.45
48254.46,-4530.94
47933.49,-4942.78
46837.99,-6164.21
45530.48,-7521.54
46824.46,-5990.54
48246.71,-4539.5
47942.25,-4934.93
46862.96,-6129.05
45528.2,-7519.93
46817.02,-5998.56
48255.16,-4526.61
47955.66,-4917.2
46862.09,-6131.69
45530.61,-7514.75
46795.66,-6018.74
48231.11,-4548.67
47938.57,-4928.05
46864.21,-6119.04
45519.64,-7518.43
46772.95,-6025.45
48231.84,-4526.81
47940.04,-4911.53
46870.22,-6100.66
45527.35,-7505.47
46768.7,-6027.26
48236.54,-4517.65
47945.03,-4902.94
46882.47,-6085.24
45523.95,-7502.47
46741.32,-6050.62
48217.43,-4534.92
47947.82,-4904.2
46893.09,-6080.77
45528.69,-7503.64
46743.04,-6053.97
48237.05,-4515.81
47957.41,-4887.37
46911.21,-6046.42
45538.62,-7488.21
46726.05,-6066.93
48232.18,-4513.67
47984.81,-4863.83
46940.76,-6025.23
45557.12,-7478.69
46722.25,-6080.26
48239.4,-4515.97
47986.78,-4863.76
46952.0,-6013.67
45553.1,-7482.85
46720.89,-6088.21
48236.72,-4518.83
47986.22,-4863.31
46961.86,-6011.55
45561.82,-7478.27
46695.34,-6106.83
48238.5,-4521.29
47996.86,-4847.11
46962.27,-5992.15
45550.98,-7474.62
46657.34,-6143.4
48213.56,-4531.93
47986.82,-4845.03
46967.25,-5979.07
45542.1,-7476.86
46657.59,-6136.98
48216.0,-4519.21
47991.29,-4836.9
46970.67,-5969.39
45553.17,-7459.38
46636.64,-6142.24
48211.06,-4511.68
48005.93,-4811.68
46989.07,-5943.19
45546.26,-7463.29
46605.98,-6177.33
48192.1,-4532.73
47996.73,-4825.14
46995.05,-5939.73
45557.97,-7454.44
46615.25,-6176.12
48224.29,-4509.35
48017.0,-4811.03
47026.37,-5915.55
45572.93,-7445.1
46602.52,-6191.39
48221.09,-4510.87
48025.4,-4798.2
47040.03,-5893.98
45592.21,-7422.66
46593.04,-6204.84
48206.09,-4521.74
48018.59,-4800.73
47044.86,-5893.62
45604.33,-7420.31
46592.61,-6209.6
48213.4,-4516.1
48045.77,-4775.41
47069.8,-5866.53
45601.38,-7424.38
46580.05,-6221.03
48221.74,-4511.74
48057.55,-4775.65
47087.88,-5854.35
45607.55,-7425.47
46572.83,-6237.97
48225.88,-4508.39
48065.52,-4757.81
47101.25,-5830.52
45628.22,-7400.71
46557.45,-6250.71
48215.13,-4512.46
48068.23,-4753.79
47116.45,-5819.5
45629.12,-7393.53
46543.1,-6262.89
48206.36,-4520.55
48062.64,-4758.06
47113.99,-5816.08
45630.28,-7391.77
46526.41,-6279.07
48204.64,-4520.28
48071.92,-4751.44
47123.04,-5807.47
45623.44,-7397.42
46508.86,-6301.18
48191.99,-4536.47
48076.57,-4749.08
47145.32,-5790.87
45640.0,-7388.01
46490.64,-6322.17
48181.84,-4544.87
48078.29,-4738.08
47154.16,-5775.18
45645.93,-7384.77
46485.77,-6334.26
48187.7,-4549.7
48069.79,-4755.13
47157.35,-5769.68
45655.61,-7367.51
46477.12,-6331.06
48183.16,-4536.44
48074.96,-4735.73
47161.57,-5756.11
45653.59,-7366.55
46450.52,-6359.5
48175.68,-4542.63
48088.66,-4728.06
47184.73,-5737.92
45670.25,-7356.36
46439.17,-6380.77
48167.96,-4556.83
48089.29,-4728.78
47173.55,-5746.79
45652.52,-7365.79
46419.05,-6395.04
48153.66,-4572.0
48090.04,-4731.22
47186.99,-5737.29
45669.62,-7364.21
46404.21,-6427.18
48152.54,-4579.69
48095.23,-4726.86
47198.16,-5728.44
45681.22,-7351.04
46398.44,-6426.93
48149.88,-4576.32
48108.57,-4710.94
47220.79,-5696.16
45695.93,-7336.22
46383.63,-6449.35
48147.13,-4580.9
48124.06,-4702.4
47235.45,-5690.93
45697.04,-7341.68
46374.93,-6459.48
48150.46,-4576.16
48121.16,-4700.15
47248.93,-5673.79
45703.15,-7329.81
46354.97,-6475.17
48136.52,-4583.56
48113.54,-4696.5
47247.45,-5666.37
45706.39,-7321.67
46334.74,-6496.91
48123.59,-4595.76
48124.11,-4685.15
47253.69,-5658.57
45710.12,-7318.18
46332.13,-6494.25
48126.81,-4588.16
48128.45,-4680.95
47270.14,-5636.55
45731.87,-7287.83
46323.95,-6501.72
48136.58,-4580.3
48139.98,-4667.63
47276.11,-5634.11
45738.77,-7291.16
46313.28,-6523.4
48125.54,-4594.87
48133.14,-4673.88
47299.93,-5605.42
45762.63,-7261.77
46306.73,-6522.51
48125.27,-4586.73
48157.82,-4651.11
47311.31,-5594.08
45768.68,-7251.84
46310.87,-6516.29
48118.72,-4594.27
48150.82,-4655.22
47302.39,-5600.05
45742.55,-7274.84
46264.45,-6563.39
48090.27,-4618.12
48138.82,-4665.35
47298.7,-5598.87
45746.33,-7266.37
46239.79,-6583.24
48075.74,-4624.73
48145.45,-4642.81
47319.36,-5567.98
45751.4,-7257.34
46218.91,-6596.51
48069.13,-4620.28
48139.13,-4642.05
47312.11,-5568.47
45760.48,-7247.37
46217.62,-6607.87
48060.83,-4630.59
48136.47,-4643.98
47323.92,-5563.26
45774.56,-7241.52
46198.84,-6623.22
48065.43,-4623.44
48151.91,-4627.41
47343.41,-5533.71
45791.1,-7213.76
46184.87,-6635.92
48044.61,-4650.33
48164.03,-4626.16
47348.3,-5535.14
45790.39,-7221.6
46175.77,-6654.61
48035.55,-4653.83
48142.82,-4644.94
47341.17,-5542.23
45786.05,-7219.21
46162.48,-6669.07
48015.66,-4679.47
48135.82,-4647.84
47349.4,-5531.88
45793.02,-7219.93
46143.23,-6696.69
48018.21,-4679.43
48155.0,-4628.35
47359.05,-5520.93
45786.59,-7217.87
46102.13,-6728.97
47994.8,-4700.15
48147.91,-4636.8
47365.27,-5516.01
45812.94,-7206.07
46131.83,-6721.17
48000.05,-4710.23
48153.68,-4638.79
47381.72,-5506.22
45815.04,-7202.98
46106.59,-6730.83
47993.06,-4698.31
48163.2,-4623.15
47389.47,-5487.46
45833.39,-7170.98
46100.27,-6735.85
47995.99,-4698.07
48167.29,-4614.65
47390.59,-5490.01
45844.45,-7169.61
46093.0,-6748.3
47980.72,-4714.23
48164.7,-4620.75
47397.5,-5483.37
45845.5,-7168.14
46081.38,-6765.11
47983.09,-4709.07
48171.81,-4601.62
47398.93,-5470.86
45845.82,-7161.74
46050.05,-6796.32
47963.36,-4732.69
48176.48,-4601.6
47419.31,-5452.4
45867.88,-7143.55
46052.95,-6796.79
47963.0,-4731.44
48181.06,-4600.1
47419.02,-5452.17
45871.43,-7135.44
46038.73,-6810.62
47940.13,-4757.66
48187.88,-4603.07
47435.27,-5444.37
45887.35,-7122.52
46031.98,-6819.43
47943.21,-4755.07
48180.17,-4602.69
47436.52,-5443.03
45884.38,-7136.11
46012.65,-6848.64
47931.88,-4770.78
48184.04,-4606.45
47454.85,-5428.88
45914.28,-7109.51
46014.37,-6852.11
47936.82,-4762.24
48203.14,-4582.64
47456.75,-5420.99
45911.62,-7103.0
45996.22,-6868.56
47921.13,-4782.2
48203.86,-4581.15
47469.09,-5410.19
45924.86,-7097.46
45983.32,-6886.3
47905.44,-4797.47
48197.54,-4586.82
47459.55,-5414.31
45925.64,-7085.26
45963.37,-6901.91
47885.32,-4813.49
48196.77,-4584.45
47472.87,-5396.43
45922.91,-7087.89
45953.31,-6907.83
47876.18,-4813.6
48198.85,-4573.26
47492.07,-5376.04
45944.55,-7060.6
45947.83,-6913.6
47874.11,-4815.26
48200.37,-4572.03
47492.92,-5370.83
45971.17,-7035.26
45948.03,-6918.69
47872.09,-4818.25
48201.56,-4569.88
47487.38,-5376.22
45956.37,-7048.64
45919.6,-6946.7
47852.71,-4841.75
48198.65,-4573.39
47478.14,-5379.24
45942.8,-7057.03
45888.13,-6968.4
47819.81,-4860.63
48202.56,-4557.79
47492.27,-5362.45
45960.46,-7034.29
45885.76,-6971.67
47815.1,-4867.7
48203.21,-4562.57
47512.36,-5343.65
45989.34,-7009.73
45888.55,-6983.67
47827.39,-4864.79
48225.3,-4546.43
47536.55,-5328.41
46006.91,-7003.0
45892.58,-6983.89
47822.2,-4872.26
48222.14,-4552.56
47543.81,-5321.97
46032.84,-6978.57
45891.62,-6990.84
47820.44,-4877.11
48236.27,-4531.99
47547.55,-5304.56
46038.87,-6956.38
45886.12,-6986.64
47813.69,-4872.81
48231.22,-4531.39
47559.82,-5288.85
46051.1,-6941.31
45880.75,-6995.05
47803.7,-4891.17
48250.69,-4516.77
47578.48,-5277.94
46064.08,-6941.76
45872.5,-7010.22
47803.12,-4886.94
48260.57,-4506.6
47589.7,-5263.97
46082.99,-6914.71
45857.55,-7021.67
47778.77,-4909.99
48251.92,-4511.25
47590.62,-5264.89
46092.56,-6911.25
45846.78,-7038.47
47770.66,-4922.97
48246.95,-4522.67
47581.36,-5275.28
46090.66,-6908.79
45827.76,-7058.05
47751.62,-4942.95
48245.88,-4522.67
47601.05,-5253.69
46108.05,-6892.58
45830.08,-7060.29
47756.02,-4940.18
48260.43,-4505.78
47608.41,-5244.81
46121.17,-6877.45
45829.84,-7064.81
47746.81,-4952.83
48257.41,-4504.14
47615.38,-5232.3
46136.35,-6852.73
45809.47,-7073.19
47719.34,-4968.75
48259.98,-4496.32
47622.8,-5219.38
46141.8,-6845.71
45796.87,-7092.16
47710.27,-4980.62
48258.71,-4494.53
47623.74,-5217.12
46161.09,-6829.93
45805.54,-7081.01
47713.57,-4973.87
48269.62,-4482.84
47638.94,-5202.01
46171.17,-6817.26
45791.44,-7097.08
47704.95,-4982.18
48275.52,-4478.24
47646.54,-5187.68
46186.5,-6795.31
45780.93,-7104.48
47671.64,-5010.55
48268.77,-4476.32
47649.63,-5185.38
46185.68,-6793.16
45763.21,-7123.21
47666.12,-5015.98
48264.1,-4483.89
47651.55,-5183.91
46204.77,-6777.85
45768.91,-7119.81
47656.53,-5020.47
48270.96,-4469.41
47648.87,-5173.36
46192.07,-6778.48
45729.12,-7145.23
47628.57,-5032.58
48266.38,-4459.15
47668.04,-5151.32
46209.5,-6763.84
45727.36,-7154.93
47632.06,-5041.91
48274.43,-4463.33
47670.37,-5157.53
46231.43,-6747.5
45732.34,-7160.65
47614.71,-5070.9
48264.32,-4480.61
47663.57,-5166.25
46230.49,-6751.66
45702.97,-7196.75
47577.5,-5101.99
48252.92,-4483.33
47660.67,-5166.47
46238.4,-6732.66
45707.19,-7189.1
47573.99,-5114.3
48259.34,-4489.3
47681.1,-5159.54
46254.14,-6730.65
45698.39,-7209.44
47572.87,-5121.48
48265.77,-4488.32
47684.0,-5157.98
46269.09,-6719.18
45696.46,-7222.54
47570.77,-5129.64
48282.2,-4470.95
47685.3,-5150.67
46278.41,-6704.07
45690.68,-7217.06
47547.34,-5142.51
48269.91,-4470.04
47684.56,-5145.3
46271.86,-6706.13
45674.27,-7234.52
47528.17,-5164.97
48268.95,-4473.57
47702.36,-5125.17
46300.32,-6673.6
45670.91,-7228.42
47529.93,-5153.33
48280.93,-4455.31
47710.63,-5112.54
46298.33,-6673.72
45655.05,-7256.56
47510.62,-5180.62
48283.39,-4451.42
47726.34,-5095.77
46339.16,-6628.63
45663.76,-7242.03
47503.2,-5187.53
48282.29,-4449.18
47726.11,-5097.05
46344.15,-6626.82
45667.34,-7241.12
47490.46,-5197.56
48287.16,-4446.95
47731.21,-5089.54
46354.05,-6614.19
45666.85,-7244.74
47487.46,-5204.58
48300.78,-4437.74
47758.95,-5066.85
46379.82,-6589.79
45674.49,-7238.08
47479.55,-5201.83
48306.19,-4419.86
47779.0,-5034.86
46388.25,-6562.56
45652.77,-7248.16
47440.93,-5234.11
48267.99,-4442.21
47725.46,-5068.62
46378.62,-6561.09
45634.13,-7257.01
47423.09,-5239.58
48279.68,-4433.71
47737.63,-5061.04
46373.5,-6560.3
45621.36,-7271.58
47422.11,-5245.66
48290.34,-4416.59
47758.77,-5031.85
46403.32,-6526.84
45626.88,-7262.66
47409.93,-5252.66
48278.22,-4420.84
47749.76,-5035.31
46408.99,-6524.72
45613.29,-7285.46
47394.14,-5271.1
48291.88,-4408.68
47765.92,-5021.68
46414.94,-6521.19
45606.81,-7287.99
47370.23,-5295.46
48282.0,-4420.53
47762.61,-5021.79
46428.8,-6505.14
45603.68,-7292.35
47379.62,-5283.3
48302.74,-4397.42
47782.35,-5009.47
46450.97,-6485.72
45618.12,-7284.97
47368.98,-5302.97
48297.6,-4409.64
47787.6,-5012.4
46457.56,-6480.24
45592.73,-7309.51
47340.05,-5331.14
48294.21,-4411.38
47792.59,-5000.29
46472.29,-6462.11
45609.2,-7295.99
47351.5,-5322.15
48295.86,-4408.46
47794.67,-4999.57
46488.14,-6445.17
45590.05,-7317.78
47330.27,-5346.4
48305.23,-4392.88
47820.8,-4968.84
46514.29,-6417.43
45600.06,-7307.66
47324.3,-5346.47
48300.57,-4396.34
47805.04,-4976.1
46506.67,-6419.62
45585.44,-7324.13
47304.0,-5368.75
48294.94,-4399.61
47800.95,-4985.91
46508.37,-6422.46
45575.12,-7339.33
47265.24,-5415.81
48282.88,-4420.95
47808.73,-4988.77
46519.7,-6420.09
45567.96,-7350.73
47260.5,-5419.31
48287.57,-4410.31
47810.07,-4975.72
46531.5,-6396.33
45563.89,-7349.19
47248.52,-5438.27
48283.75,-4426.67
47825.78,-4971.39
46554.39,-6384.31
45564.88,-7358.42
47244.05,-5443.25
48297.4,-4407.74
47830.92,-4964.86
46565.99,-6367.72
45572.03,-7348.96
47225.97,-5456.42
48287.68,-4413.66
47828.29,-4966.67
46565.3,-6372.12
45563.11,-7369.64
47221.03,-5472.2
48298.9,-4412.41
47835.01,-4961.98
46587.58,-6348.83
45567.58,-7368.95
47213.23,-5489.23
48306.57,-4407.88
47858.73,-4943.36
46616.66,-6317.83
45570.49,-7366.02
47185.98,-5509.48
48300.64,-4405.39
47855.15,-4941.68
46605.38,-6326.19
45553.86,-7374.42
47172.64,-5511.9
48298.16,-4398.78
47855.75,-4933.72
46618.76,-6307.08
45561.86,-7369.91
47153.11,-5538.4
48284.06,-4416.28
47848.47,-4933.88
46609.98,-6308.94
45534.68,-7394.38
47126.73,-5563.51
48266.76,-4427.66
47830.96,-4952.16
46608.5,-6308.53
45525.09,-7403.79
47108.33,-5582.66
48269.66,-4426.0
47844.69,-4940.2
46636.33,-6285.89
45540.05,-7397.53
47103.46,-5593.46
48278.78,-4415.63
47850.99,-4934.37
46633.7,-6284.1
45516.8,-7408.57
47077.85,-5610.4
48271.12,-4419.52
47853.36,-4928.63
46655.71,-6262.33
45528.67,-7397.67
47068.26,-5614.74
48270.51,-4413.4
47857.81,-4913.2
46650.23,-6251.34
45526.1,-7388.86
47051.83,-5624.64
48258.18,-4410.42
47861.01,-4900.02
46676.54,-6221.63
45520.2,-7400.37
47032.74,-5639.81
48265.59,-4399.52
47861.48,-4897.2
46673.19,-6224.58
45507.39,-7406.67
47011.77,-5653.02
48264.41,-4404.81
47878.8,-4887.37
46702.49,-6191.9
45518.03,-7406.83
47001.56,-5679.49
48261.91,-4412.32
47881.97,-4879.32
46720.06,-6171.54
45520.15,-7402.32
46990.47,-5689.46
48251.07,-4423.3
47876.07,-4894.23
46725.56,-6171.23
45530.39,-7397.65
46987.19,-5700.3
48261.48,-4413.62
47895.9,-4864.48
46752.98,-6142.55
45535.6,-7396.44
46964.23,-5724.66
48251.11,-4427.25
47879.22,-4886.76
46739.82,-6154.19
45516.04,-7410.32
46936.74,-5743.71
48233.9,-4432.62
47878.62,-4885.0
46745.68,-6154.13
45517.63,-7416.62
46921.92,-5769.48
48242.28,-4432.84
47884.81,-4883.05
46758.48,-6134.48
45510.74,-7418.07
46908.62,-5777.88
48246.15,-4417.6
47900.48,-4856.16
46781.55,-6102.58
45530.48,-7398.56
46895.48,-5791.87
48254.17,-4416.3
47921.38,-4842.82
46804.24,-6079.07
45533.7,-7388.35
46886.56,-5794.42
48244.03,-4415.41
47919.81,-4832.8
46810.39,-6069.64
45531.57,-7392.37
46868.54,-5821.58
48249.5,-4417.08
47923.43,-4835.89
46816.84,-6068.54
45530.1,-7395.83
46854.38,-5826.92
48238.66,-4417.46
47919.84,-4832.42
46824.46,-6050.71
45531.6,-7395.01
46841.23,-5841.43
48236.23,-4413.17
47925.96,-4815.17
46835.8,-6031.6
45522.9,-7396.66
46841.16,-5846.25
48250.48,-4401.59
47942.43,-4801.33
46841.12,-6025.16
45528.38,-7389.62
46830.73,-5854.19
48247.71,-4401.01
47944.2,-4802.07
46865.48,-6005.44
45539.02,-7382.0
46817.65,-5861.36
48250.73,-4395.05
47956.02,-4784.66
46889.69,-5970.13
45542.73,-7375.27
46797.02,-5890.56
48250.93,-4392.65
47962.06,-4776.25
46900.46,-5963.27
45553.99,-7368.95
46792.55,-5892.46
48250.57,-4394.51
47974.06,-4766.02
46912.76,-5949.52
45548.03,-7372.54
46775.79,-5903.45
48256.25,-4382.06
47981.19,-4755.47
46930.14,-5925.27
45560.25,-7357.57
46777.86,-5910.31
48265.26,-4379.35
47998.16,-4744.34
46943.56,-5922.36
45562.96,-7360.79
46746.97,-5938.84
48230.82,-4410.69
47965.52,-4766.04
46928.09,-5920.1
45540.87,-7378.18
46730.9,-5956.45
48242.89,-4401.48
47986.64,-4755.65
46952.32,-5909.89
45558.4,-7372.9
46721.85,-5974.91
48233.23,-4406.45
47990.89,-4749.66
46963.45,-5898.13
45560.01,-7363.49
46695.45,-5990.2
48216.64,-4418.52
47981.91,-4747.29
46947.0,-5896.75
45550.86,-7367.45
46673.32,-6015.44
48212.58,-4422.56
47986.94,-4737.72
46963.72,-5873.86
45554.44,-7359.07
46659.76,-6021.69
48205.13,-4420.82
47977.88,-4746.97
46965.26,-5875.0
45548.79,-7365.39
46639.35,-6051.53
48203.88,-4430.61
47984.39,-4744.58
46985.76,-5862.12
45563.61,-7357.77
46638.14,-6056.38
48211.13,-4426.56
47991.0,-4739.84
47001.89,-5848.6
45580.66,-7345.21
46638.07,-6058.42
48215.62,-4417.08
48007.84,-4713.67
47010.1,-5822.45
45580.19,-7332.29
46617.36,-6067.13
48202.41,-4416.44
48009.6,-4710.38
47031.93,-5795.63
45573.95,-7332.96
46595.61,-6091.54
48201.63,-4420.1
48011.41,-4709.94
47032.81,-5800.55
45598.25,-7314.7
46600.84,-6084.59
48210.74,-4406.38
48026.48,-4692.66
47048.32,-5784.39
45584.62,-7330.75
46563.11,-6128.2
48201.49,-4418.18
48028.29,-4688.28
47054.04,-5776.61
45593.98,-7326.52
46563.98,-6134.61
48197.42,-4427.48
48033.14,-4688.75
47072.46,-5757.72
45602.99,-7315.48
46545.29,-6139.96
48186.67,-4422.09
48030.01,-4678.8
47070.74,-5750.46
45603.91,-7313.51
46536.46,-6161.95
48192.55,-4428.93
48037.21,-4678.38
47081.69,-5743.41
45602.39,-7313.36
46510.54,-6185.24
48188.95,-4430.43
48047.93,-4666.04
47107.39,-5720.37
45608.93,-7312.6
46510.8,-6182.2
48182.96,-4430.23
48045.36,-4662.66
47109.88,-5709.08
45618.93,-7297.29
46497.44,-6198.79
48185.6,-4426.18
48070.06,-4643.95
47135.96,-5687.13
45634.53,-7286.91
46492.88,-6206.01
48198.72,-4409.26
48083.52,-4620.33
47148.12,-5669.94
45636.2,-7284.7
46472.43,-6229.14
48178.47,-4436.46
48079.54,-4636.33
47153.75,-5666.14
45650.55,-7267.92
46472.27,-6223.15
48172.93,-4426.58
48076.12,-4622.65
47151.96,-5656.33
45633.12,-7275.36
46444.64,-6249.86
48160.88,-4436.02
48067.94,-4624.35
47164.95,-5637.71
45645.37,-7257.52
46425.22,-6271.14
48164.34,-4444.71
48090.74,-4607.28
47187.01,-5614.33
45651.11,-7251.6
46422.94,-6263.99
48158.98,-4433.83
48090.07,-4596.79
47183.61,-5608.05
45661.33,-7242.95
46408.01,-6290.21
48144.2,-4452.6
48081.68,-4608.15
47185.76,-5607.18
45666.24,-7236.65
46389.34,-6302.25
48142.21,-4449.34
48086.2,-4600.41
47195.19,-5598.26
45664.3,-7233.38
46363.44,-6317.18
48125.67,-4450.5
48073.21,-4597.69
47181.98,-5597.37
45656.7,-7232.15
46346.47,-6336.83
48117.47,-4454.86
48072.54,-4597.51
47191.97,-5583.89
45659.83,-7221.38
46341.98,-6344.05
48124.78,-4458.44
48096.62,-4581.86
47218.19,-5566.25
45689.82,-7207.86
46342.72,-6348.63
48120.93,-4456.09
48095.45,-4580.19
47227.51,-5551.97
45692.95,-7200.19
46321.29,-6369.8
48112.46,-4466.12
48107.23,-4560.78
47238.87,-5530.8
45691.55,-7201.08
46298.35,-6394.48
48095.54,-4478.8
48095.9,-4571.51
47247.92,-5524.61
45705.54,-7187.0
46289.77,-6409.23
48099.59,-4487.09
48125.14,-4564.38
47283.46,-5506.08
45720.6,-7180.77
46277.0,-6428.03
48088.17,-4495.99
48098.16,-4577.93
47243.65,-5532.77
45693.58,-7202.98
46266.3,-6432.5
48091.77,-4492.72
48121.83,-4557.41
47274.0,-5505.21
45732.29,-7166.04
46265.36,-6437.21
48085.02,-4492.95
48119.46,-4548.6
47280.2,-5490.84
45727.91,-7166.04
46245.13,-6455.21
48070.4,-4507.92
48121.58,-4557.14
47287.68,-5494.33
45742.87,-7156.29
46229.69,-6482.88
48064.81,-4525.71
48133.3,-4551.51
47298.57,-5485.36
45747.31,-7157.83
46225.93,-6492.22
48055.8,-4532.51
48125.05,-4554.3
47295.78,-5484.38
45737.17,-7168.2
46184.83,-6534.67
48016.02,-4573.3
48079.25,-4599.07
47247.32,-5529.26
45673.71,-7219.75
46100.0,-6598.82
47931.39,-4635.24
48016.39,-4640.18
47199.66,-5551.68
45618.46,-7257.59
46018.44,-6670.9
47869.59,-4685.71
47977.08,-4671.16
47161.46,-5584.34
45594.18,-7285.22
45990.12,-6708.16
47848.2,-4714.79
