18212.09,22482.57
18121.74,22462.14
18054.82,22502.28
18065.91,22541.46
18170.47,22536.44
18213.05,22482.23
18121.77,22459.21
18057.1,22499.49
18066.69,22539.59
18166.85,22530.96
18207.53,22475.33
18111.69,22451.46
18051.58,22498.37
18065.71,22539.63
18168.57,22535.83
18206.48,22479.04
18119.82,22462.18
18058.96,22506.39
18061.66,22541.06
18168.28,22538.22
18211.33,22480.85
18117.61,22458.65
18062.24,22508.54
18073.2,22550.29
18175.34,22543.16
18208.31,22477.54
18113.36,22453.64
18062.09,22507.89
18073.42,22549.76
18170.45,22539.86
18208.6,22478.17
18119.91,22458.5
18061.01,22505.86
18065.55,22542.58
18170.29,22539.39
18214.53,22483.64
18122.28,22461.92
18055.58,22501.63
18062.73,22541.67
18163.43,22537.44
18205.92,22481.63
18109.63,22453.2
18048.23,22495.49
18052.92,22534.04
18157.15,22530.02
18202.92,22476.78
18114.28,22457.18
18053.57,22502.51
18064.41,22546.99
18170.47,22546.99
18214.06,22488.87
18119.73,22462.36
18057.19,22504.47
18067.94,22548.51
18169.87,22543.1
18216.47,22490.3
18130.71,22472.51
18070.4,22517.26
18079.28,22559.86
18183.01,22556.4
18225.12,22499.87
18146.06,22485.14
18081.33,22526.51
18088.55,22567.44
18189.69,22563.21
18222.57,22496.87
18126.46,22466.68
18073.35,22517.95
18080.97,22556.64
18178.74,22550.47
18219.24,22495.06
18124.38,22466.05
18070.96,22516.99
18073.49,22554.09
18175.61,22549.51
18220.87,22494.71
18133.39,22473.02
18074.67,22520.79
18079.03,22561.02
18184.69,22560.49
18229.05,22501.59
18133.43,22470.95
18068.14,22512.54
18075.72,22555.77
18178.32,22551.34
18224.38,22495.85
18138.62,22475.01
18077.76,22519.29
18077.4,22555.77
18185.6,22557.34
18232.61,22502.75
18145.39,22479.89
18077.13,22521.13
18079.28,22558.9
18185.4,22556.8
18231.96,22502.42
18143.89,22480.31
18078.67,22522.09
18085.53,22565.29
18189.92,22564.22
18230.98,22502.69
18141.37,22478.1
18081.6,22525.93
18082.36,22563.46
18186.68,22563.21
18237.7,22512.25
18145.44,22486.08
18072.93,22520.41
18074.83,22558.21
18177.62,22556.53
18223.62,22499.98
18134.19,22472.04
18069.8,22514.87
18070.18,22553.94
18178.03,22555.19
18223.38,22498.3
18131.09,22469.89
18068.08,22512.81
18067.45,22549.18
18175.1,22550.58
18220.22,22493.23
18132.99,22465.92
18070.45,22509.61
18074.83,22553.56
18180.15,22555.5
18224.09,22497.72
18134.04,22469.56
18072.95,22511.47
18076.28,22553.58
18176.37,22548.26
18220.09,22488.47
18129.75,22462.41
18066.8,22506.87
18073.33,22551.86
18175.05,22549.13
18213.36,22486.44
18128.65,22462.7
18066.87,22504.72
18065.6,22543.83
18168.55,22545.82
18211.62,22489.3
18125.63,22463.53
18059.96,22500.99
18061.82,22542.87
18170.43,22547.79
18217.48,22493.1
18126.5,22465.2
18061.28,22504.94
18066.22,22549.13
18168.55,22548.91
18216.25,22493.45
18130.82,22467.39
18068.46,22511.22
18069.82,22550.65
18176.64,22552.75
18223.22,22497.25
18141.08,22474.63
18077.73,22518.78
18078.29,22561.74
18178.56,22558.63
18221.46,22499.67
18136.12,22472.26
18070.69,22513.95
18073.82,22558.27
18169.87,22551.03
18214.91,22492.31
18131.98,22468.71
18065.24,22512.32
18063.88,22550.41
18167.5,22548.04
18212.87,22491.17
18125.59,22463.3
18054.73,22499.8
18054.08,22538.69
18162.45,22541.04
18213.36,22490.95
18125.19,22462.59
18054.69,22498.57
18052.21,22537.22
18159.96,22543.12
18209.09,22488.4
18122.44,22460.89
18060.19,22506.84
18056.57,22545.58
18155.65,22542.0
18204.06,22485.74
18118.5,22456.93
18058.18,22505.48
18050.26,22540.95
18156.46,22542.94
18209.18,22489.59
18119.62,22459.26
18060.05,22506.04
18056.39,22547.54
18161.6,22549.65
18207.24,22490.97
18121.16,22458.65
18060.41,22504.09
18059.92,22549.62
18165.96,22553.54
18209.81,22494.44
18123.62,22464.33
18062.71,22509.7
18065.82,22555.79
18177.69,22566.61
18223.42,22507.89
18143.71,22483.39
18081.82,22527.85
18080.88,22570.66
18180.01,22568.4
18226.93,22509.79
18135.87,22473.18
18072.35,22516.25
18072.53,22560.96
18176.21,22561.8
18225.9,22507.38
18140.45,22478.21
18075.77,22519.52
18071.77,22561.43
18177.0,22564.89
18234.31,22514.76
18149.41,22483.69
18085.71,22526.0
18077.06,22564.06
18178.2,22563.41
18226.57,22506.35
18138.37,22473.7
18068.28,22511.92
18058.62,22548.73
18163.94,22550.88
18210.72,22493.59
18125.88,22464.24
18064.54,22509.79
18064.19,22551.75
18175.12,22559.93
18229.1,22509.75
18148.23,22483.73
18089.02,22536.35
18082.36,22575.13
18181.78,22572.31
18232.12,22515.0
18146.51,22483.02
18080.3,22524.39
18070.42,22561.6
18170.54,22562.3
18220.87,22508.23
18137.41,22475.95
18069.98,22515.02
18061.68,22554.27
18167.7,22559.86
18224.4,22509.17
18133.28,22470.61
18068.61,22513.86
18065.71,22559.37
18170.27,22562.52
18221.66,22505.52
18139.8,22473.81
18073.53,22516.43
18063.88,22555.46
18166.16,22556.51
18220.29,22503.27
18141.46,22474.21
18069.8,22508.16
18063.79,22551.84
18166.11,22555.08
18216.31,22499.44
18136.72,22469.63
18077.35,22517.06
18070.85,22561.2
18173.96,22565.07
18222.91,22508.54
18137.97,22471.88
18075.65,22515.27
18066.33,22558.41
18171.54,22565.4
18230.87,22515.87
18148.03,22481.18
18081.18,22524.5
18067.45,22561.6
18170.36,22564.15
18232.96,22516.65
18148.48,22480.62
18078.58,22520.7
18070.58,22562.83
18170.54,22562.32
18224.0,22508.34
18145.44,22478.95
18077.93,22519.31
18065.55,22556.35
18168.57,22563.21
18225.01,22515.22
18142.89,22483.37
18073.75,22523.25
18064.41,22567.42
18171.16,22576.47
18226.97,22526.06
18148.86,22496.34
18080.39,22539.41
18067.56,22578.93
18172.37,22584.96
18225.95,22529.48
18146.89,22496.0
18079.88,22537.96
18070.24,22579.53
18172.04,22585.07
18221.28,22526.54
18142.29,22492.29
18079.14,22538.54
18069.24,22577.61
18164.32,22573.27
18221.59,22521.93
18138.84,22484.58
18070.02,22523.85
18055.02,22562.48
18160.99,22568.76
18213.47,22512.95
18135.76,22481.65
18065.84,22518.44
18057.44,22556.37
18157.3,22559.12
18211.11,22504.65
18133.39,22472.82
18068.9,22515.65
18056.81,22554.23
18166.83,22564.85
18220.83,22510.66
18140.38,22473.49
18072.19,22516.28
18063.76,22561.92
18166.04,22565.74
18218.75,22510.51
18140.96,22477.16
18075.81,22518.29
18066.36,22561.67
18167.03,22565.16
18225.81,22513.77
18148.9,22479.53
18077.6,22518.87
18063.9,22561.02
18165.53,22567.35
18223.0,22519.4
18145.88,22486.3
18075.99,22524.3
18065.69,22566.95
18165.64,22569.83
18223.62,22518.6
18148.34,22485.16
18083.9,22529.44
18069.06,22568.82
18168.28,22570.99
18225.9,22519.14
18142.8,22478.54
18068.37,22515.11
18053.03,22554.88
18158.24,22561.04
18212.98,22508.34
18129.9,22468.96
18064.23,22513.73
18048.85,22551.68
18152.81,22558.23
18209.14,22504.72
18136.85,22472.09
18069.78,22513.46
18056.05,22558.34
18154.22,22563.04
18208.47,22507.54
18130.08,22472.02
18061.71,22514.24
18043.02,22553.02
18146.35,22558.61
18201.63,22502.75
18124.13,22467.75
18052.99,22504.92
18044.38,22550.52
18149.26,22558.68
18210.14,22507.11
18141.48,22478.17
18079.68,22524.84
18065.93,22567.28
18161.53,22568.49
18216.85,22513.97
18140.85,22478.5
18072.3,22520.52
18055.36,22559.84
18159.65,22568.18
18219.73,22519.78
18146.24,22486.7
18073.24,22525.42
18059.83,22570.75
18164.84,22581.5
18227.18,22533.33
18151.38,22496.85
18077.33,22531.03
18061.13,22570.54
18164.61,22578.46
18227.15,22530.2
18151.14,22492.43
18076.21,22528.21
18058.78,22570.01
18158.31,22575.28
18219.11,22524.59
18140.21,22484.16
18068.37,22522.82
18051.6,22564.13
18152.39,22569.07
18217.16,22521.3
18140.65,22485.03
18067.25,22523.81
18050.38,22564.49
18153.88,22570.08
18213.23,22517.88
18135.71,22480.24
18065.93,22520.95
18054.76,22566.77
18156.79,22574.9
18219.51,22524.3
18147.69,22487.58
18074.92,22524.72
18055.13,22561.49
18159.09,22570.99
18216.63,22515.47
18144.63,22479.42
18075.61,22521.37
18050.6,22557.6
18147.94,22562.07
18214.28,22515.85
18142.26,22481.96
18070.09,22518.98
18048.56,22558.05
18153.77,22570.3
18211.87,22514.33
18135.54,22475.37
18070.33,22521.26
18047.38,22558.54
18149.53,22566.07
18211.44,22516.3
18138.87,22480.8
18069.02,22520.52
18048.16,22558.25
18153.64,22570.21
18219.15,22524.43
18145.99,22488.27
18078.63,22530.47
18061.97,22573.12
18160.84,22577.25
18216.11,22518.29
18139.31,22480.89
18067.09,22519.18
18052.63,22564.69
18153.82,22575.39
18217.36,22525.84
18142.11,22483.66
18069.84,22523.65
18054.02,22567.68
18160.88,22580.71
18219.67,22528.05
18145.23,22486.61
18074.83,22524.16
18052.16,22562.41
18153.19,22572.67
18222.82,22528.23
18158.2,22499.11
18089.33,22542.81
18068.32,22581.81
18174.13,22593.86
18231.51,22539.48
18156.86,22499.11
18084.1,22536.12
18066.51,22578.64
18167.52,22586.75
18223.85,22531.12
18147.87,22490.01
18078.67,22528.28
18057.1,22567.35
18162.24,22578.01
18226.55,22529.8
18154.78,22494.17
18084.62,22534.83
18061.79,22571.53
18156.86,22572.82
18218.44,22521.06
18151.2,22483.64
18082.85,22524.48
18064.54,22567.91
18162.31,22573.61
18219.46,22518.85
18149.86,22480.22
18078.0,22518.46
18057.26,22560.42
18157.77,22571.19
18219.53,22520.12
18152.16,22485.54
18077.78,22521.37
18057.17,22566.68
18153.77,22571.64
18216.13,22521.19
18143.89,22480.29
18064.72,22513.28
18039.44,22552.6
18138.64,22561.0
18206.05,22514.38
18144.05,22482.23
18071.52,22521.37
18047.27,22561.02
18147.54,22573.29
18214.48,22528.61
18145.79,22488.29
18070.71,22524.5
18048.5,22567.46
18149.48,22577.63
18211.46,22523.47
18144.81,22485.63
18074.4,22527.23
18049.53,22568.8
18146.67,22576.85
18211.51,22529.39
18144.1,22490.5
18068.77,22525.62
18049.35,22573.88
18148.92,22585.28
18214.39,22536.73
18147.29,22498.28
18064.25,22526.74
18037.01,22566.28
18139.11,22577.5
18207.35,22530.2
18136.88,22488.02
18065.93,22528.35
18041.72,22568.47
18141.55,22577.74
18208.94,22528.63
18137.14,22483.33
18058.98,22515.2
18036.79,22559.46
18148.56,22580.22
18216.02,22533.44
18148.88,22494.46
18068.14,22526.22
18042.37,22566.92
18147.09,22584.07
18211.89,22534.45
18141.77,22488.36
18068.55,22525.8
18041.95,22563.91
18137.17,22571.82
18200.31,22521.37
18141.53,22487.93
18068.01,22527.25
18042.1,22570.48
18137.72,22576.47
18201.49,22523.7
18138.11,22483.35
18064.39,22521.82
18036.54,22562.01
18135.56,22572.42
18205.79,22526.09
18142.93,22485.85
18070.36,22526.27
18041.63,22566.5
18137.39,22574.93
18211.11,22529.87
18145.44,22486.37
18071.92,22524.7
18047.76,22568.13
18144.74,22581.72
18206.84,22525.33
18141.64,22481.25
18067.76,22518.67
18042.28,22561.38
18138.24,22572.82
18204.67,22526.11
18143.96,22486.3
18075.03,22528.57
18046.55,22568.02
18138.11,22574.03
18203.51,22526.42
18138.02,22480.82
18067.67,22520.54
18042.26,22562.83
18140.18,22576.0
18209.16,22529.53
18150.78,22491.17
18075.5,22526.38
18053.39,22572.65
18149.35,22582.39
18212.94,22532.26
18151.52,22491.42
18075.9,22527.41
18047.94,22567.68
18140.47,22578.3
18205.83,22530.29
18145.79,22489.01
18066.0,22518.24
18038.62,22561.22
18131.94,22572.38
18198.68,22524.12
18138.31,22481.05
18066.38,22521.79
18035.51,22560.2
18131.82,22572.94
18196.2,22523.54
18134.3,22479.53
18057.06,22512.45
18028.85,22554.45
18123.71,22565.85
18190.18,22517.21
18129.97,22472.98
18052.21,22505.75
18028.25,22552.93
18132.92,22573.29
18207.42,22530.58
18154.38,22493.54
18079.19,22531.63
18050.98,22577.05
18149.79,22591.53
18215.11,22542.72
18158.56,22502.53
18080.19,22539.61
18049.17,22581.14
18145.66,22594.35
18208.29,22543.75
18144.18,22498.97
18062.38,22527.52
18032.78,22568.8
18135.22,22586.35
18206.19,22541.55
18141.88,22489.52
18068.93,22527.94
18036.94,22566.19
18133.32,22579.6
18200.55,22528.3
18141.32,22484.04
18066.15,22518.11
18036.92,22561.2
18133.21,22574.32
18204.69,22529.78
18144.43,22484.87
18070.56,22525.01
18040.32,22567.42
18139.58,22584.07
18211.51,22540.06
18147.63,22490.79
18066.62,22522.27
18033.37,22563.24
18126.17,22573.67
18196.85,22528.95
18139.13,22485.81
18060.57,22519.56
18033.12,22564.49
18126.79,22579.8
18196.98,22533.44
18145.41,22493.34
18071.23,22530.47
18040.0,22572.65
18132.0,22584.22
18196.11,22531.63
18137.52,22487.11
18063.18,22523.47
18037.14,22567.75
18128.54,22578.68
18197.54,22529.62
18143.94,22487.17
18068.1,22522.71
18035.09,22561.67
18131.13,22578.79
18203.33,22534.96
18149.35,22492.2
18068.68,22524.46
18039.78,22571.1
18136.67,22589.79
18208.18,22544.44
18150.91,22498.77
18080.44,22539.25
18048.21,22579.82
18141.41,22590.44
18213.61,22545.22
18148.48,22493.48
18067.67,22524.93
18044.56,22574.17
18146.51,22596.41
18209.34,22542.29
18155.52,22499.64
18084.46,22539.14
18055.49,22582.48
18147.18,22596.32
18213.74,22546.52
18157.19,22499.11
18083.63,22533.62
18050.35,22572.62
18148.92,22593.5
18221.19,22549.78
18161.48,22500.58
18080.35,22531.21
18047.27,22572.85
18139.74,22585.3
18212.25,22540.17
18158.87,22496.81
18078.45,22527.18
18043.85,22568.38
18133.46,22580.71
18205.16,22536.68
18151.56,22493.57
18065.6,22519.38
18034.41,22563.39
18136.16,22585.07
18208.67,22541.44
18154.49,22496.78
18073.62,22529.98
18050.15,22580.71
18142.31,22594.73
18212.13,22548.64
18157.57,22502.08
18079.5,22533.87
18040.61,22572.65
18138.87,22591.6
18209.38,22544.13
18151.31,22493.65
18073.64,22526.74
18045.19,22574.68
18139.36,22594.89
18202.3,22543.21
18148.05,22494.19
18072.01,22528.61
18037.99,22569.94
18130.42,22585.52
18201.29,22540.08
18147.92,22494.79
18069.73,22526.65
18039.64,22572.18
18134.86,22591.78
18208.13,22548.73
18160.66,22507.45
18079.95,22540.35
18043.62,22581.5
18134.93,22595.45
18213.92,22556.4
18162.83,22511.4
18087.34,22548.13
18051.78,22590.97
18149.68,22610.85
18218.77,22560.31
18167.94,22515.34
18089.67,22549.2
18059.61,22593.68
18147.22,22606.96
18221.05,22562.81
18170.92,22516.45
18091.97,22549.58
18054.22,22589.21
18146.4,22603.71
18228.25,22564.33
18181.24,22520.68
18100.69,22553.04
18067.07,22594.04
18159.76,22611.43
18235.18,22568.4
18183.93,22520.12
18100.42,22551.34
18065.15,22593.39
18155.49,22610.09
18224.72,22563.39
18170.65,22513.93
18086.09,22543.16
18049.79,22585.45
18142.42,22603.02
18214.73,22556.35
18168.03,22509.59
18089.62,22545.27
18051.63,22587.96
18142.82,22602.15
18215.22,22553.98
18162.31,22505.17
18084.93,22540.71
18044.7,22579.64
18136.21,22597.43
18210.01,22554.65
18163.03,22509.3
18085.09,22543.3
18048.94,22588.18
18139.24,22604.88
18215.4,22561.11
18161.04,22506.48
18076.86,22533.6
18044.09,22577.36
18133.03,22594.24
18202.61,22546.9
18149.26,22496.65
18067.16,22526.85
18030.91,22569.14
18117.85,22584.45
18192.31,22538.89
18141.35,22487.6
18063.56,22520.12
18028.92,22564.89
18116.85,22581.05
18198.54,22543.77
18148.48,22493.97
18062.85,22522.78
18027.44,22567.82
18120.74,22587.69
18196.64,22546.96
18144.21,22494.95
18063.88,22527.5
18025.65,22569.47
18121.12,22592.45
18203.84,22556.62
18156.97,22511.18
18072.73,22541.4
18039.49,22588.18
18135.58,22611.54
18212.8,22569.99
18165.24,22520.7
18083.59,22550.47
18046.08,22592.12
18135.87,22608.28
18211.04,22565.0
18159.47,22513.59
18073.69,22542.18
18039.87,22587.78
18125.36,22601.75
18205.45,22565.74
18161.64,22518.55
18079.9,22545.69
18044.92,22592.85
18128.18,22605.57
18198.97,22558.47
18148.34,22504.99
18067.34,22536.68
18025.63,22575.44
18115.11,22594.21
18188.64,22549.98
18151.58,22507.83
18071.23,22536.5
18033.14,22577.34
18129.39,22601.66
18200.09,22555.88
18153.39,22505.1
18067.9,22529.84
18035.31,22580.02
18122.75,22601.23
18197.25,22558.41
18152.43,22508.32
18072.64,22539.01
18035.82,22581.21
18124.45,22600.81
18203.06,22561.2
18164.17,22516.81
18080.15,22544.39
18044.72,22588.29
18132.32,22606.06
18201.49,22556.15
18156.9,22506.87
18078.67,22541.69
18044.72,22590.77
18133.68,22610.93
18209.5,22571.15
18170.36,22526.11
18086.67,22552.37
18053.64,22598.62
18140.92,22618.04
18210.81,22570.66
18164.21,22518.85
18081.62,22544.84
18044.67,22584.94
18130.55,22603.67
18203.84,22559.21
18152.92,22503.94
18071.7,22533.87
18030.75,22574.99
18124.49,22598.19
18201.61,22559.75
18157.86,22509.46
18068.35,22529.96
18031.13,22574.9
18123.87,22599.02
18197.78,22555.35
18150.55,22498.62
18072.21,22529.84
18028.04,22569.92
18117.83,22592.83
18193.49,22549.54
18151.7,22498.04
18064.57,22522.76
18022.12,22564.29
18118.66,22592.47
18197.02,22554.16
18153.17,22501.95
18074.09,22534.45
18038.42,22582.12
18122.77,22601.59
18197.22,22555.9
18156.16,22505.48
18071.25,22534.56
18037.59,22582.88
18125.5,22604.43
18202.39,22563.1
18162.09,22512.52
18079.3,22542.43
18040.0,22585.12
18129.88,22610.11
18207.82,22568.13
18160.1,22514.35
18079.07,22544.73
18040.54,22589.79
18128.29,22613.04
18213.12,22575.75
18184.73,22534.25
18094.32,22561.43
18029.01,22586.35
18105.38,22600.76
18187.75,22563.06
18151.54,22516.97
18066.51,22543.32
18024.85,22584.0
18114.21,22606.42
18197.52,22567.13
18158.98,22516.21
18080.64,22548.91
18041.43,22592.16
18127.6,22613.77
18205.41,22573.41
18167.47,22522.22
18079.72,22546.63
18034.53,22586.66
18122.37,22608.7
18199.15,22565.56
18162.8,22518.33
18079.19,22546.47
18042.93,22595.33
18131.69,22619.18
18209.38,22576.94
18170.31,22526.24
18092.55,22562.23
18048.72,22602.73
18135.51,22622.94
18214.37,22582.64
18173.29,22530.92
18090.09,22559.19
18052.25,22603.98
18140.92,22628.55
18218.41,22588.58
18174.49,22530.96
18091.23,22558.81
18049.01,22599.98
18137.9,22624.1
18216.4,22583.67
18171.54,22526.45
18086.85,22554.63
18045.72,22599.2
18127.67,22615.92
18209.81,22578.5
18174.47,22533.66
18088.86,22560.08
18043.8,22597.32
18130.1,22620.61
18212.31,22586.66
18176.46,22538.58
18087.99,22562.74
18043.6,22601.44
18133.79,22626.58
18212.74,22585.68
18179.3,22538.16
18099.64,22569.76
18062.78,22617.93
18144.1,22638.74
18219.11,22596.16
18179.43,22540.48
18092.33,22565.05
18051.78,22607.8
18135.04,22632.17
18209.85,22590.13
18171.5,22534.45
18084.42,22555.39
18047.94,22602.33
18139.4,22632.66
18218.88,22592.52
18181.82,22542.16
18095.39,22565.63
18057.84,22610.67
18138.57,22632.15
18219.09,22595.29
18184.13,22545.51
18091.93,22562.61
18048.0,22605.57
18125.99,22623.79
18210.75,22590.46
18173.15,22535.16
18087.46,22558.25
18051.65,22606.24
18135.82,22628.97
18217.07,22592.38
18177.96,22537.67
18090.72,22561.49
18051.47,22606.24
18131.06,22627.97
18207.69,22587.76
18173.06,22535.41
18087.5,22561.0
18049.61,22609.46
18128.18,22627.7
18205.34,22585.3
18169.4,22531.25
18080.55,22552.82
18039.04,22597.7
18120.78,22621.8
18192.26,22576.22
18153.48,22520.88
18066.82,22545.04
18025.56,22590.82
18112.2,22619.38
18187.9,22575.06
18156.05,22523.72
18065.75,22541.94
18019.93,22579.46
18100.76,22601.01
18182.47,22561.36
18145.46,22504.88
18060.54,22531.25
18021.45,22576.45
18101.85,22602.6
18186.52,22570.93
18155.29,22520.19
18073.8,22548.19
18028.69,22586.68
18115.8,22615.65
18196.2,22575.02
18160.97,22519.45
18073.51,22544.15
18027.66,22586.97
18104.67,22605.35
18192.62,22570.08
18167.25,22521.48
18077.87,22544.28
18036.49,22595.53
18104.67,22610.78
18191.53,22577.76
18158.42,22525.97
18065.8,22544.17
18034.59,22598.73
18121.99,22627.23
18205.45,22592.54
18176.51,22542.22
18091.19,22566.3
18049.68,22611.09
18128.54,22632.3
18213.3,22597.41
18177.51,22540.48
18091.48,22563.46
18048.77,22607.38
18126.01,22632.15
18204.02,22592.9
18166.74,22534.29
18078.74,22557.67
18040.45,22607.8
18124.34,22636.84
18204.02,22597.79
18169.35,22539.63
18084.44,22565.65
18041.23,22612.83
18120.0,22637.24
18196.64,22594.57
18170.38,22543.88
18080.84,22562.9
18036.31,22604.7
18117.72,22632.53
18202.34,22599.54
18175.72,22548.46
18084.15,22564.85
18040.96,22609.41
18124.67,22641.2
18211.96,22607.65
18179.66,22550.76
18094.7,22576.22
18047.13,22615.36
18126.44,22639.99
18211.8,22605.06
18180.15,22547.63
18090.54,22567.55
18045.03,22610.11
18126.06,22637.38
18209.76,22602.51
18179.14,22547.01
18093.45,22569.07
18053.37,22617.91
18135.29,22644.84
18210.97,22602.33
18176.53,22542.52
18092.75,22567.95
18047.31,22607.92
18129.88,22636.24
18207.04,22593.95
18177.8,22538.36
18093.65,22564.89
18049.01,22609.77
18130.19,22637.13
18219.17,22605.71
18191.03,22552.78
18099.59,22572.45
18055.2,22616.92
18135.06,22644.87
18218.82,22608.81
18191.73,22553.96
18108.15,22579.17
18060.41,22617.57
18143.09,22649.04
18225.75,22614.58
18191.32,22555.08
18105.16,22578.81
18062.96,22624.14
18134.91,22644.17
18222.28,22612.83
18195.12,22558.63
18099.01,22572.96
18055.69,22617.13
18137.9,22647.35
18222.13,22611.22
18196.17,22557.56
18105.67,22578.55
18055.65,22616.14
18132.94,22641.73
18215.93,22606.98
18193.52,22556.29
18111.37,22582.32
18065.78,22626.4
18139.42,22651.06
18216.87,22610.89
18185.89,22549.47
18097.04,22569.25
18050.98,22611.16
18129.07,22639.63
18210.7,22602.53
18188.55,22551.97
18101.09,22576.07
18058.62,22621.57
18131.2,22643.79
18216.2,22609.37
18188.87,22553.78
18099.06,22575.35
18055.6,22620.3
18126.41,22641.58
18211.78,22609.59
18189.16,22553.65
18095.05,22571.19
18048.0,22612.9
18126.57,22640.44
18205.74,22600.45
18185.38,22549.91
18095.55,22569.29
18055.54,22616.19
18129.34,22642.12
18207.98,22603.54
18176.86,22541.96
18089.65,22562.34
18045.88,22607.0
18117.83,22633.62
18200.78,22597.5
18184.17,22548.01
18096.91,22569.67
18050.04,22612.95
18128.78,22644.3
18213.68,22607.31
18187.39,22550.41
18095.26,22568.13
18051.45,22612.57
18134.95,22643.75
18215.55,22607.13
18176.26,22540.71
18082.76,22558.61
18040.07,22606.11
18112.71,22636.37
18197.4,22602.51
18175.72,22546.85
18086.94,22566.88
18043.2,22612.21
18121.68,22641.33
18205.18,22605.21
18185.8,22553.04
18095.26,22571.24
18049.55,22615.23
18124.78,22645.07
18206.3,22607.34
18183.63,22552.6
18090.18,22569.58
18042.51,22613.39
18118.39,22642.38
18203.01,22605.77
18181.67,22553.15
18095.03,22577.52
18048.23,22618.56
18123.98,22645.8
18205.92,22608.39
18181.89,22549.24
18096.51,22572.56
18049.12,22613.48
18124.11,22642.65
18208.87,22608.79
18193.27,22557.09
18108.49,22580.2
18064.25,22628.28
18135.6,22655.95
18215.06,22617.57
18186.61,22557.65
18096.84,22579.22
18051.83,22626.54
18119.4,22651.73
18202.92,22618.27
18182.45,22561.07
18091.5,22576.8
18039.56,22615.49
18109.34,22638.31
18195.28,22605.35
18180.97,22552.87
18093.31,22571.19
18051.4,22617.75
18127.85,22650.27
18211.08,22615.34
18191.64,22559.75
18104.49,22579.55
18057.64,22625.08
18124.6,22650.99
18203.24,22611.13
18186.25,22554.27
18097.63,22573.81
18052.81,22619.7
18122.23,22646.54
18211.33,22619.81
18194.39,22562.83
18105.36,22581.14
18053.99,22621.37
18121.36,22648.31
18204.11,22612.16
18184.11,22555.95
18094.34,22574.66
18046.6,22615.56
18113.83,22639.37
18194.45,22602.4
18170.92,22541.02
18083.86,22562.77
18038.39,22610.29
18106.19,22636.64
18187.3,22599.58
18176.39,22546.94
18091.21,22567.73
18037.99,22605.48
18109.07,22634.7
18191.14,22599.27
18179.86,22549.13
18091.46,22571.55
18043.87,22615.65
18115.04,22645.96
18200.42,22612.61
18183.01,22554.32
18096.37,22573.67
18050.51,22618.13
18123.75,22647.77
18207.02,22610.24
18187.23,22553.6
18093.51,22567.62
18046.71,22611.38
18115.71,22640.73
18204.22,22610.78
18185.29,22553.67
18088.66,22565.96
18041.57,22611.27
18111.6,22642.81
18196.8,22611.65
18185.6,22559.66
18091.48,22572.15
18043.13,22616.9
18114.52,22644.91
18201.52,22612.05
18193.2,22562.88
18108.24,22584.85
18059.07,22626.63
18122.5,22652.11
18199.15,22611.76
18180.91,22552.46
18089.04,22569.32
18042.04,22615.63
18109.07,22641.98
18195.75,22610.04
18183.88,22557.45
18088.73,22569.92
18040.63,22614.02
18109.85,22643.57
18197.76,22612.39
18184.75,22556.44
18090.07,22569.76
18042.64,22616.1
18108.73,22641.45
18200.67,22612.14
18189.85,22558.1
18098.3,22573.27
18046.53,22614.13
18113.43,22644.57
18195.46,22609.44
18184.46,22555.48
18094.5,22573.27
18052.01,22623.23
18115.89,22650.1
18205.25,22620.5
18197.56,22568.96
18106.41,22585.68
18052.36,22626.09
18117.45,22653.45
18202.68,22621.33
18187.14,22562.83
18095.44,22576.85
18048.12,22620.03
18117.88,22652.51
18206.3,22623.12
18186.43,22561.89
18095.99,22578.55
18056.9,22629.96
18120.63,22657.05
18197.49,22614.69
18188.6,22561.09
18093.6,22574.12
18046.46,22619.16
18113.29,22649.25
18195.55,22614.82
18185.63,22558.41
18093.6,22573.32
18043.29,22616.19
18106.25,22643.95
18194.25,22613.66
18180.44,22553.56
18093.94,22574.5
18047.51,22619.14
18115.31,22652.69
18202.66,22624.01
18186.07,22562.5
18090.16,22575.31
18040.74,22619.38
18106.28,22651.12
18191.84,22620.68
18179.93,22562.45
18087.99,22577.0
18037.72,22620.05
18102.92,22648.51
18188.96,22615.74
18188.75,22567.3
18094.5,22580.11
18047.6,22625.6
18107.86,22653.0
18190.88,22619.27
18184.02,22565.31
18094.79,22580.36
18046.11,22625.4
18107.66,22653.63
18195.55,22619.41
18188.62,22564.89
18097.71,22579.42
18051.98,22624.05
18120.25,22656.8
18207.35,22626.8
18191.93,22565.94
18101.45,22582.5
18052.47,22628.59
18115.55,22659.26
18201.47,22628.79
18193.22,22572.65
18103.15,22586.95
18052.34,22629.98
18110.37,22655.91
18199.51,22625.42
18191.48,22568.18
18096.37,22579.2
18046.02,22620.05
18111.42,22651.77
18200.55,22620.77
18195.57,22564.87
18099.39,22573.54
18047.09,22614.8
18111.62,22648.71
18198.88,22622.63
18193.78,22568.6
18095.84,22575.71
18044.7,22618.6
18112.04,22653.89
18200.42,22625.53
18196.42,22572.47
18105.4,22590.17
18057.17,22635.7
18116.65,22662.41
18204.91,22632.62
18200.6,22576.89
18108.13,22590.28
18060.95,22637.71
18119.82,22664.4
18210.57,22636.08
18211.29,22587.22
18118.37,22600.54
18060.59,22639.41
18125.1,22673.34
18210.21,22639.81
18197.61,22577.99
18103.93,22590.13
18057.77,22635.97
18121.68,22666.39
18218.01,22643.17
18215.71,22589.14
18117.74,22596.43
18051.22,22628.64
18110.32,22659.28
18203.01,22632.41
18203.89,22581.36
18106.05,22588.92
18059.0,22635.57
18118.59,22665.41
18207.11,22636.08
18197.98,22576.38
18103.59,22586.79
18056.32,22633.93
18120.74,22669.32
18208.47,22640.6
18203.33,22583.4
18107.48,22592.65
18056.39,22634.76
18116.87,22668.07
18205.45,22638.61
18195.75,22576.8
18101.09,22587.87
18050.91,22632.15
18110.54,22664.69
18203.95,22640.44
18204.87,22589.16
18112.31,22600.52
18060.21,22643.86
18124.92,22679.78
18212.96,22650.94
18208.83,22595.89
18113.99,22605.59
18065.78,22650.99
18117.23,22674.48
18205.63,22645.07
18196.33,22583.22
18093.92,22589.3
18045.37,22634.76
18110.57,22670.95
18201.58,22643.28
18195.5,22582.68
18102.52,22596.76
18054.49,22643.23
18113.41,22675.87
18203.44,22644.28
18199.75,22586.91
18101.49,22594.6
18052.01,22637.38
18111.51,22669.5
18197.92,22638.79
18190.99,22580.58
18092.73,22588.25
18039.44,22630.74
18099.39,22664.56
18193.0,22638.76
18189.0,22579.22
18096.24,22590.21
18045.03,22633.24
18102.19,22663.33
18190.36,22633.35
18184.24,22571.35
18092.48,22583.06
18042.53,22629.26
18102.25,22661.67
18193.11,22631.92
18189.42,22573.83
18099.06,22588.65
18043.82,22630.98
18103.55,22663.39
18198.92,22639.92
18198.32,22584.04
18107.15,22597.93
18053.71,22640.66
18105.81,22667.22
18191.14,22632.95
18185.36,22571.55
18088.73,22578.14
18039.67,22624.5
18097.76,22657.56
18191.39,22633.06
18194.83,22580.94
18094.43,22586.13
18045.01,22631.39
18101.8,22664.47
18192.8,22637.64
18188.17,22575.24
18091.19,22584.72
18042.08,22629.31
18099.17,22662.68
18186.96,22632.88
18185.36,22575.75
18091.48,22585.45
18038.8,22628.17
18101.4,22662.3
18197.25,22638.31
18196.87,22580.92
18101.13,22587.4
18049.17,22632.19
18102.7,22663.26
18193.56,22638.07
18189.8,22579.75
18091.01,22584.27
18041.9,22629.26
18099.17,22660.6
18186.96,22630.94
18186.14,22570.97
18090.96,22578.23
18037.66,22619.56
18090.29,22650.03
18181.58,22625.42
18185.36,22574.17
18092.04,22587.22
18041.97,22634.54
18097.04,22666.14
18191.66,22637.87
18186.07,22571.35
18085.56,22573.14
18037.21,22620.48
18096.44,22655.75
18185.63,22628.88
18174.78,22560.2
18070.65,22555.46
18016.91,22595.69
18066.2,22625.35
18165.93,22605.68
18173.96,22553.22
18083.39,22564.96
18034.91,22613.82
18090.92,22648.26
18180.21,22620.59
18182.65,22562.48
18090.58,22572.89
18035.69,22615.36
18087.12,22646.25
18178.88,22621.48
18178.96,22560.82
18078.38,22564.49
18022.05,22608.07
18078.22,22643.86
18180.73,22624.9
18184.82,22564.85
18089.91,22571.46
18037.77,22617.93
18095.88,22655.46
18183.32,22622.29
18181.56,22560.46
18086.54,22568.33
18035.53,22614.33
18082.16,22642.7
18170.98,22614.73
18166.67,22551.54
18068.28,22554.63
18021.0,22604.03
18078.52,22640.28
18172.93,22615.14
18172.88,22552.55
18079.39,22559.71
18031.76,22609.48
18081.42,22641.71
18177.64,22617.91
18186.05,22565.22
18088.55,22572.94
18034.17,22617.69
18086.05,22650.47
18175.79,22621.95
18174.22,22557.29
18081.2,22567.04
18023.6,22607.0
18071.79,22637.47
18160.75,22608.07
18165.08,22548.33
18072.35,22555.17
18018.93,22598.64
18074.0,22635.7
18170.6,22616.52
18177.27,22559.48
18077.38,22560.46
18029.16,22611.31
18080.71,22645.71
18173.62,22622.02
18175.01,22562.7
18076.59,22563.33
18029.77,22610.73
18078.63,22641.82
18171.45,22615.49
18179.5,22559.79
18081.87,22564.67
18030.37,22610.2
18075.61,22639.21
18171.07,22617.8
18183.28,22565.74
18081.91,22566.03
18037.5,22616.92
18089.11,22648.71
18181.36,22623.29
18180.53,22558.5
18080.53,22560.64
18030.28,22608.59
18076.5,22638.45
18172.62,22616.57
18176.24,22556.66
18081.78,22564.69
18027.2,22607.96
18080.75,22642.63
18173.22,22617.6
18183.88,22563.24
18093.24,22571.08
18037.05,22612.05
18087.7,22646.03
18182.0,22624.17
18191.08,22568.8
18094.63,22574.12
18034.93,22612.43
18088.82,22649.49
18181.94,22624.97
18190.18,22568.69
18090.18,22569.9
18038.71,22616.75
18085.67,22652.6
18174.25,22626.94
18184.55,22569.96
18094.83,22574.66
18037.99,22614.71
18083.7,22649.09
18183.12,22631.83
18190.43,22570.79
18094.92,22573.76
18036.38,22613.1
18085.2,22646.96
18177.42,22623.74
18182.99,22565.61
18088.95,22571.57
18035.22,22616.75
18083.1,22649.87
18175.16,22624.55
18183.84,22565.98
18084.93,22566.97
18035.69,22616.84
18085.82,22652.98
18181.42,22632.55
18189.94,22574.39
18089.56,22571.77
18036.47,22614.62
18082.29,22649.56
18170.87,22623.21
18177.87,22561.96
18081.24,22562.72
18028.0,22608.07
18074.09,22644.62
18166.89,22620.9
18181.0,22564.33
18093.31,22572.11
18034.01,22614.78
18063.12,22637.38
18157.66,22617.75
18164.32,22554.92
18070.76,22559.21
18019.57,22606.8
18063.07,22639.59
18161.15,22620.61
18172.46,22564.71
18077.89,22568.53
18026.19,22612.32
18073.51,22651.39
18169.69,22631.5
18181.38,22573.43
18080.64,22571.51
18028.4,22618.09
18073.69,22651.35
18170.16,22632.91
18177.53,22572.98
18077.29,22571.93
18025.14,22619.61
18068.61,22654.05
18159.23,22627.86
18171.32,22570.43
18074.31,22570.77
18017.05,22612.07
18060.32,22644.6
18158.8,22625.4
18166.85,22562.68
18070.87,22564.33
18018.99,22611.09
18062.62,22645.65
18160.86,22627.21
18175.66,22568.89
18080.68,22571.44
18026.53,22615.74
18071.21,22651.44
18165.91,22628.64
18176.68,22568.35
18083.9,22570.19
18028.96,22617.19
18074.58,22654.25
18167.86,22630.25
18181.94,22573.25
18084.51,22572.69
18031.04,22618.56
18073.08,22654.05
18167.01,22630.51
18179.25,22570.63
18078.07,22568.44
18024.74,22614.89
18074.76,22655.12
18165.71,22630.74
18172.17,22565.94
18074.71,22565.94
18021.65,22612.57
18062.6,22647.48
18156.7,22626.07
18176.59,22572.94
18083.32,22575.89
18028.58,22621.48
18069.91,22658.68
18163.38,22635.01
18168.68,22565.52
18066.36,22559.82
18009.98,22601.72
18050.6,22637.38
18149.93,22622.33
18164.46,22561.13
18061.62,22554.76
18007.06,22601.05
18046.53,22631.88
18146.67,22614.18
18167.65,22559.66
18067.79,22556.8
18010.05,22599.58
18053.64,22636.64
18150.73,22618.15
18161.44,22557.13
18064.01,22555.32
18012.46,22604.05
18050.89,22639.9
18152.95,22623.61
18167.3,22564.11
18071.41,22561.18
18018.9,22607.52
18056.52,22641.85
18154.47,22623.29
18165.33,22561.76
18061.91,22556.37
18011.1,22605.91
18055.2,22643.95
18147.4,22620.17
18162.15,22560.64
18065.64,22560.08
18008.11,22601.59
18046.42,22635.5
18148.36,22621.6
18163.12,22560.8
18068.1,22559.57
18014.12,22604.43
18056.92,22644.17
18146.11,22619.27
18161.8,22558.14
18064.43,22553.09
18012.49,22600.83
18052.97,22638.72
18148.7,22619.92
18165.24,22562.81
18067.45,22557.56
18012.69,22601.9
18052.1,22638.88
18148.79,22620.99
18165.57,22563.66
18069.24,22560.08
18011.15,22601.59
18040.27,22629.08
18135.65,22609.15
18161.87,22557.94
18065.82,22553.42
18008.22,22596.03
18046.37,22633.11
18145.95,22617.13
18168.32,22560.53
18071.25,22556.02
18013.85,22600.5
18050.98,22636.3
18149.82,22619.58
18168.21,22562.77
18067.45,22555.9
18012.11,22600.94
18044.45,22636.53
18140.29,22616.3
18157.08,22555.03
18069.64,22561.04
18012.58,22604.63
18044.43,22637.35
18143.98,22619.83
18157.75,22555.66
18060.83,22553.29
18006.63,22600.83
18048.45,22642.29
18146.38,22625.82
18168.41,22570.32
18075.65,22570.86
18019.44,22615.11
18058.26,22654.43
18160.32,22640.97
18176.73,22582.48
18074.96,22572.15
18020.69,22617.28
18054.17,22652.15
18151.16,22634.85
18170.76,22575.15
18077.17,22572.6
18023.73,22619.45
18059.05,22655.68
18156.61,22637.94
18179.08,22581.92
18083.88,22577.32
18023.75,22618.53
18058.94,22655.93
18156.3,22639.54
18173.29,22579.69
18072.9,22572.11
18018.59,22617.42
18055.65,22653.56
18148.86,22633.06
18165.22,22570.99
18079.79,22575.13
18022.32,22620.03
18049.55,22651.01
18142.55,22628.37
18166.13,22571.86
18069.48,22564.15
18016.2,22611.76
18053.41,22652.89
18153.08,22638.61
18172.64,22579.42
18074.47,22571.33
18016.4,22613.13
18055.02,22654.56
18148.19,22634.4
18170.96,22579.15
18075.65,22574.17
18016.02,22615.36
18046.89,22648.11
18145.1,22629.6
18165.69,22569.07
18069.6,22563.35
18014.41,22612.05
18046.24,22647.79
18145.68,22632.35
18165.91,22573.27
18069.69,22566.01
18014.63,22612.12
18045.77,22647.93
18143.71,22631.99
18169.69,22576.85
18070.24,22568.0
18010.07,22607.98
18041.32,22643.52
18141.19,22629.87
18167.59,22574.37
18074.02,22569.76
18021.05,22618.15
18051.89,22655.24
18142.93,22630.43
18164.57,22569.92
18066.45,22562.97
18007.77,22605.79
18037.37,22643.5
18140.74,22630.83
18167.21,22571.75
18066.78,22560.29
18017.27,22612.43
18045.5,22648.51
18136.5,22624.61
18160.1,22565.56
18055.54,22549.71
17994.34,22589.97
18032.31,22635.72
18133.93,22623.45
18153.62,22558.27
18057.91,22548.84
18003.88,22597.7
18029.79,22633.67
18128.61,22621.02
18157.06,22566.72
18061.39,22558.3
17998.03,22598.33
18028.49,22638.25
18132.09,22630.22
18151.31,22567.15
18062.04,22564.38
18006.43,22610.98
18035.29,22651.66
18130.42,22635.77
18149.84,22570.19
18050.15,22555.44
17999.52,22606.31
18034.04,22649.11
18131.2,22631.23
18159.0,22568.76
18069.87,22563.33
18018.43,22614.11
18046.15,22650.32
18139.8,22629.15
18157.3,22561.27
18064.25,22554.09
18007.26,22599.13
18037.54,22637.04
18136.29,22621.17
18163.23,22562.36
18070.42,22555.79
18013.85,22601.61
18036.83,22635.59
18133.48,22619.72
18158.33,22562.79
18059.63,22553.09
18002.99,22596.9
18027.46,22633.4
18130.55,22622.8
18164.99,22569.25
18062.06,22553.27
18004.87,22600.25
18033.7,22640.69
18129.63,22626.4
18156.3,22567.51
18067.54,22560.75
18012.33,22605.99
18037.25,22645.29
18139.4,22634.92
18168.91,22578.32
18075.1,22571.17
18021.99,22620.01
18044.54,22655.3
18138.51,22639.28
18166.76,22579.73
18074.07,22571.35
18014.68,22614.69
18037.34,22649.71
18137.7,22636.53
18166.78,22578.59
18069.73,22566.21
18013.58,22612.21
18044.14,22652.51
18136.5,22631.32
18161.08,22568.91
18067.12,22559.35
18008.49,22605.12
18032.29,22643.61
18131.0,22630.63
18159.58,22571.13
18063.7,22557.8
18003.53,22599.36
18028.71,22638.38
18135.49,22631.39
18161.48,22571.35
18065.75,22558.36
18008.22,22603.89
18029.54,22636.86
18130.48,22623.29
18164.44,22568.69
18072.61,22560.75
18016.09,22606.87
18043.45,22650.65
18141.41,22635.01
18170.83,22575.62
18073.15,22559.84
18017.56,22608.32
18040.94,22647.81
18142.55,22638.65
18171.28,22579.64
18074.76,22567.57
18015.86,22613.15
18043.02,22655.86
18142.02,22643.14
18170.04,22585.39
18073.58,22569.25
18013.14,22611.98
18030.66,22646.14
18130.13,22632.39
18158.04,22569.54
18066.15,22560.13
18007.19,22602.82
18029.9,22641.89
18131.82,22631.25
18164.64,22571.24
18075.38,22560.2
18019.48,22606.55
18034.5,22640.44
18123.08,22620.17
18166.71,22572.94
18073.69,22557.56
18018.5,22604.36
18038.93,22646.47
18132.58,22630.25
18164.79,22574.66
18078.04,22566.52
18015.8,22607.02
18028.16,22637.09
18129.16,22625.17
18162.69,22570.12
18072.14,22558.16
18020.42,22609.93
18042.57,22649.71
18145.62,22640.89
18178.29,22582.71
18089.74,22573.61
18029.97,22620.05
18049.9,22656.67
18151.31,22646.29
18183.1,22587.69
18093.87,22579.2
18039.29,22626.29
18058.89,22664.31
18156.03,22650.16
18182.88,22586.08
18086.67,22567.44
18029.83,22615.09
18051.58,22654.56
18152.16,22643.01
18185.09,22585.16
18090.23,22572.11
18047.63,22653.89
18150.87,22645.09
18182.32,22584.56
18087.34,22570.48
18027.82,22613.97
18043.22,22650.65
18146.04,22642.45
18178.65,22584.89
18084.97,22569.09
18030.26,22616.9
18054.73,22658.7
18149.59,22642.25
18186.29,22587.13
18095.73,22571.77
18034.71,22613.3
18052.79,22653.04
18157.62,22649.47
18197.36,22596.34
18098.79,22576.13
18039.29,22621.69
18054.08,22661.61
18151.38,22650.14
18182.23,22589.7
18094.52,22580.25
18033.19,22623.45
18042.66,22655.59
18138.69,22641.71
18168.32,22579.02
18073.06,22559.93
18018.39,22608.3
18031.51,22641.78
18131.69,22632.62
18167.9,22577.27
18077.15,22563.37
18018.84,22608.68
18038.15,22650.54
18144.47,22645.74
18183.48,22590.64
18090.9,22575.46
18032.0,22621.87
18054.2,22663.55
18155.36,22654.92
18186.61,22593.99
18089.74,22574.39
18024.87,22616.57
18036.14,22653.56
18138.53,22646.43
18173.44,22589.28
18079.05,22570.01
18023.24,22617.04
18038.95,22657.16
18137.46,22646.03
18170.69,22585.54
18075.3,22563.82
18015.95,22608.1
18031.73,22649.6
18139.36,22646.43
18175.9,22589.1
18085.42,22575.35
18026.1,22619.92
18039.0,22661.11
18142.78,22654.56
18182.74,22598.84
18090.29,22581.52
18035.76,22630.49
18049.73,22670.08
18147.56,22658.37
18187.01,22603.47
18090.52,22581.03
18029.34,22624.46
18045.59,22666.72
18151.54,22662.72
18191.5,22610.8
18093.16,22586.95
18032.52,22630.76
18043.85,22666.21
18142.55,22654.74
18185.74,22602.84
18093.29,22584.29
18030.86,22625.24
18041.57,22661.45
18139.45,22649.78
18182.61,22595.96
18087.01,22574.12
18023.48,22614.67
18035.94,22655.08
18138.75,22647.9
18177.87,22591.42
18089.62,22574.12
18026.81,22616.79
18036.49,22655.28
18142.73,22651.95
18178.43,22590.88
18094.09,22579.2
18037.21,22626.4
18048.21,22666.26
18144.21,22654.63
18176.46,22591.33
18083.9,22569.05
18025.21,22616.48
18035.51,22656.35
18139.4,22650.16
18177.09,22591.47
18089.13,22572.6
18030.12,22615.74
18040.43,22652.44
18140.79,22644.71
18181.85,22591.24
18095.66,22575.13
18037.05,22620.37
18045.99,22659.1
18145.12,22650.65
18187.55,22596.14
18099.53,22578.93
18043.13,22624.3
18050.84,22661.54
18148.45,22650.34
18185.74,22590.75
18092.46,22569.05
18033.12,22615.63
18035.02,22648.15
18131.13,22638.27
18174.0,22585.48
18085.94,22568.76
18034.37,22620.93
18043.91,22660.27
18143.31,22655.15
18186.99,22603.27
18104.94,22592.12
18048.14,22638.83
18062.13,22679.89
18165.71,22673.94
18199.33,22610.82
18111.48,22588.02
18051.71,22632.35
18056.01,22669.21
18156.5,22661.03
18197.74,22605.21
18107.21,22584.2
18045.99,22628.82
18055.83,22671.24
18157.08,22664.53
18192.33,22603.29
18105.05,22586.93
18042.24,22628.19
18045.03,22661.36
18147.45,22656.42
18189.02,22601.44
18098.72,22578.01
18037.14,22622.98
18049.28,22665.67
18154.89,22661.14
18195.35,22602.44
18111.57,22585.01
18061.19,22638.34
18062.73,22674.68
18142.98,22653.29
18189.38,22601.59
18106.72,22584.52
18038.6,22620.26
18047.09,22661.0
18147.8,22658.07
18191.19,22603.78
18099.99,22580.25
18034.59,22622.27
18039.71,22661.63
18142.73,22656.42
18183.43,22601.14
18098.92,22584.29
18031.67,22621.48
18040.38,22664.0
18137.41,22656.42
18178.2,22597.28
18090.34,22573.65
18028.74,22618.65
18033.1,22657.45
18140.18,22657.83
18187.52,22605.55
18095.77,22579.46
18025.68,22616.12
18028.49,22655.91
18130.3,22651.77
18173.85,22596.63
18086.72,22576.22
18021.03,22616.12
18024.98,22654.59
18126.84,22649.6
18172.26,22594.51
18085.67,22572.8
18023.28,22615.0
18031.11,22655.1
18135.69,22650.79
18175.57,22589.21
18081.69,22564.13
18016.42,22606.87
18015.82,22644.24
18120.69,22642.61
18172.26,22594.37
18084.26,22569.29
18018.68,22607.38
18028.16,22654.16
18130.68,22650.99
18176.97,22593.84
18091.01,22569.9
18028.09,22611.27
18029.99,22650.38
18130.48,22644.24
18176.51,22590.97
18091.77,22571.64
18027.33,22616.52
18026.7,22655.53
18123.22,22646.56
18164.35,22587.64
18076.57,22563.21
18013.67,22605.14
18014.3,22643.75
18113.27,22640.48
18157.66,22586.77
18070.51,22559.86
18007.53,22599.09
18009.0,22638.03
18107.35,22631.68
18151.7,22574.34
18064.52,22548.82
18000.82,22591.85
18004.4,22634.81
18104.76,22630.98
18151.25,22576.18
18065.62,22552.26
18000.62,22594.33
18002.85,22635.59
18106.14,22631.95
18150.62,22575.13
18064.77,22551.79
18006.74,22601.35
18006.74,22639.77
18104.0,22634.47
18148.59,22576.74
18067.99,22556.22
18001.2,22596.43
18010.54,22642.34
18112.65,22637.13
18157.62,22579.91
18073.13,22554.81
18007.21,22595.24
18007.32,22637.76
18109.25,22635.88
18158.42,22583.93
18078.87,22563.86
18013.4,22605.37
18009.58,22643.77
18106.68,22635.21
18150.42,22578.19
18064.88,22553.31
18003.12,22597.9
18001.56,22638.31
18104.6,22637.91
18153.91,22582.1
18067.83,22555.99
18004.75,22600.63
18006.52,22643.7
18104.78,22636.28
18153.1,22580.69
18068.21,22552.91
18003.05,22593.72
18000.73,22636.35
18100.29,22632.26
18156.57,22585.83
18070.85,22559.46
18007.75,22599.09
18005.58,22638.38
18106.99,22635.37
18154.67,22582.55
18073.84,22561.69
18011.46,22607.07
18004.29,22645.02
18103.41,22640.39
18150.58,22585.01
18071.59,22561.92
18008.04,22602.66
18006.52,22644.78
18114.95,22648.49
18162.22,22591.6
18079.61,22568.09
18020.31,22613.46
18013.87,22651.06
18108.31,22644.02
18155.23,22589.07
18069.57,22562.7
18003.12,22600.34
17997.2,22637.49
18097.89,22635.07
18150.71,22582.53
18063.92,22552.28
18002.23,22595.91
17996.98,22634.22
18097.83,22633.89
18143.38,22576.94
18064.72,22552.37
17999.84,22593.19
17995.01,22631.68
18090.9,22626.54
18148.81,22580.33
18070.22,22557.02
18005.58,22598.08
18002.29,22636.75
18101.07,22637.2
18151.72,22584.74
18068.28,22556.62
18012.44,22607.8
18010.57,22651.55
18109.45,22647.08
18163.38,22593.41
18082.02,22568.85
18022.61,22615.85
18014.48,22654.97
18113.63,22649.76
18161.17,22591.11
18079.97,22562.28
18011.79,22601.57
18006.16,22644.17
18108.0,22645.76
18154.6,22590.13
18075.79,22565.94
18013.22,22610.2
18009.09,22649.0
18112.67,22647.41
18169.17,22599.38
18086.9,22571.84
18019.6,22610.73
18008.8,22650.1
18104.89,22647.1
18151.61,22590.13
18069.96,22562.68
18003.53,22604.16
17997.69,22643.84
18101.18,22644.37
18151.29,22588.25
18076.59,22562.81
18007.08,22601.84
18001.27,22642.67
18106.81,22646.81
18156.05,22591.53
18074.65,22561.76
18003.35,22596.09
17994.74,22637.18
18096.66,22637.53
18144.5,22581.18
18067.21,22555.03
18001.71,22596.85
17993.89,22636.42
18096.44,22636.39
18148.65,22586.5
18075.07,22563.48
18011.19,22604.43
18000.6,22644.02
18099.19,22643.79
18149.04,22587.76
18072.93,22563.3
18004.84,22603.0
17996.28,22641.42
18096.44,22642.38
18145.99,22586.73
18069.44,22557.54
18005.02,22601.5
18002.45,22648.06
18105.94,22651.03
18152.52,22591.8
18070.76,22561.0
18004.51,22604.16
17991.59,22643.05
18095.37,22646.74
18155.16,22598.71
18071.92,22562.61
18004.75,22601.95
17992.06,22640.26
18094.23,22642.94
18153.77,22594.46
18078.4,22565.4
18014.75,22609.48
18002.27,22646.45
18099.53,22645.45
18158.02,22598.78
18081.73,22570.88
18010.05,22609.59
17993.78,22644.98
18091.88,22645.02
18145.91,22591.89
18073.24,22564.4
18005.69,22606.35
17997.24,22649.11
18095.44,22649.54
18148.72,22594.89
18076.62,22569.18
18007.86,22607.63
17999.39,22648.87
18101.02,22654.12
18145.91,22593.39
18063.4,22558.07
17996.69,22598.93
17977.6,22633.93
18084.04,22642.41
18136.45,22586.77
18062.02,22556.26
17993.89,22597.01
17989.22,22643.9
18095.93,22652.46
18153.21,22600.9
18078.04,22569.47
18008.55,22607.8
17992.1,22645.63
18098.07,22652.75
18156.48,22600.88
18083.21,22570.37
18013.47,22610.33
18001.63,22655.04
18100.35,22658.81
18158.65,22608.23
18079.5,22571.04
18010.97,22610.2
17998.92,22653.29
18104.15,22660.53
18163.88,22611.45
18091.19,22584.34
18019.04,22619.72
18012.24,22666.14
18112.04,22669.83
18164.19,22613.15
18091.17,22582.48
18023.96,22626.74
18006.56,22664.91
18100.69,22662.03
18156.39,22606.29
18083.32,22575.78
18017.76,22615.83
18007.57,22659.33
18106.66,22662.3
18162.74,22609.19
18084.26,22573.09
18017.0,22614.24
18003.17,22657.27
18102.61,22662.37
18160.95,22612.57
18091.63,22583.71
18025.74,22625.73
18011.17,22665.49
18111.39,22669.88
18165.96,22616.37
18090.25,22581.25
18020.04,22621.06
17997.76,22656.38
18097.58,22661.23
18154.85,22609.04
18080.53,22574.77
18014.59,22616.79
18005.04,22661.67
18106.59,22667.89
18163.38,22615.61
18087.46,22581.52
18014.97,22618.76
17999.5,22660.33
18105.2,22669.76
18160.5,22614.27
18087.28,22580.69
18022.57,22624.86
18002.65,22665.47
18099.32,22667.51
18154.78,22614.4
18080.39,22577.96
18018.25,22622.2
18002.56,22663.24
18105.63,22669.83
18164.1,22620.08
18090.92,22582.17
18020.85,22619.0
18003.95,22660.31
18099.39,22662.12
18155.72,22607.76
18079.63,22570.52
18014.03,22613.1
17996.53,22655.39
18100.15,22664.38
18161.11,22613.1
18085.82,22574.37
18020.85,22619.9
18006.79,22665.58
18103.08,22671.04
18159.58,22616.52
18084.66,22578.46
18015.1,22617.15
17998.41,22659.66
18099.59,22665.21
18156.01,22609.68
18085.38,22573.79
18013.85,22613.06
17995.79,22655.86
18096.49,22665.05
18151.49,22610.89
18082.34,22578.19
18020.11,22626.07
18000.04,22666.77
18093.78,22667.75
18155.03,22617.08
18086.99,22580.69
18016.02,22618.2
17995.52,22657.52
18091.28,22662.5
18150.17,22611.74
18076.3,22571.53
18005.71,22609.86
17986.63,22652.11
18083.97,22656.35
18145.68,22608.43
18076.53,22571.97
18006.1,22609.77
17990.0,22655.84
18086.67,22660.4
18156.95,22619.88
18090.18,22585.34
18022.57,22626.0
18000.78,22665.29
18098.56,22673.25
18157.95,22620.88
18087.95,22580.76
18009.85,22611.72
17989.24,22652.17
18085.38,22657.72
18149.97,22612.77
18077.46,22573.05
18008.87,22613.01
17986.13,22652.58
18084.79,22662.19
18150.46,22615.63
18085.06,22580.83
18009.65,22616.37
17986.09,22655.64
18092.04,22666.26
18157.28,22618.65
18094.7,22588.7
18020.29,22624.5
17995.14,22662.86
18086.49,22666.14
18145.28,22611.36
18073.4,22567.3
18003.61,22607.25
17981.26,22648.37
18081.67,22654.79
18145.84,22607.72
18085.6,22574.81
18012.35,22611.13
17992.66,22656.76
18091.72,22669.09
18147.63,22615.4
18082.38,22577.41
18009.31,22611.76
17987.19,22652.58
18085.33,22663.13
18151.94,22617.17
18088.66,22582.03
18011.21,22615.7
17985.55,22656.78
18085.24,22665.92
18152.72,22617.64
18088.69,22581.54
18010.05,22616.57
17985.76,22656.71
18082.98,22663.13
18145.79,22615.18
18080.86,22580.8
18006.36,22616.05
17989.98,22664.2
18090.76,22674.75
18155.27,22621.13
18091.81,22582.95
18018.59,22621.42
17993.13,22660.62
18088.8,22669.68
18153.62,22624.3
18084.97,22580.76
18008.93,22615.34
17983.45,22654.56
18084.42,22668.91
18150.2,22620.93
18084.91,22579.82
18007.59,22612.07
17981.84,22653.63
18078.78,22663.53
18146.35,22617.55
18087.08,22581.3
18014.52,22618.18
17982.67,22652.84
18078.27,22663.93
18146.29,22617.55
18082.47,22576.69
18011.21,22615.45
17986.25,22655.37
18088.26,22670.32
18151.72,22620.61
18079.86,22573.72
18000.28,22609.1
17976.05,22651.01
18078.98,22664.38
18145.73,22618.2
18081.53,22579.57
18011.79,22617.53
17989.85,22661.49
18087.72,22671.42
18153.06,22619.16
18086.09,22573.79
18014.46,22614.91
17993.06,22661.05
18093.09,22674.86
18154.71,22623.41
18087.21,22577.63
18016.44,22618.73
17991.88,22662.01
18085.24,22670.66
18147.85,22618.82
18091.01,22581.86
18018.28,22619.85
17994.29,22664.96
18089.27,22674.01
18155.0,22626.96
18088.01,22582.73
18008.64,22611.54
17984.35,22656.42
18086.74,22671.8
18150.82,22619.74
18095.59,22584.74
18019.82,22620.3
17989.18,22660.29
18087.23,22670.97
18151.31,22621.35
18085.0,22578.81
18009.49,22614.85
17983.05,22657.36
18077.93,22667.3
18146.13,22621.44
18084.55,22577.96
18009.04,22613.82
17983.36,22658.16
18083.72,22671.89
18151.05,22623.94
18085.22,22575.11
18008.71,22610.0
17979.83,22652.02
18084.93,22672.13
18151.31,22623.43
18090.79,22583.13
18024.69,22629.13
17999.48,22673.68
18097.29,22687.18
18162.02,22635.3
18097.47,22586.68
18024.31,22624.03
17996.8,22665.14
18089.31,22674.7
18150.11,22622.89
18090.58,22581.68
18019.35,22623.03
17994.03,22669.09
18083.95,22678.88
18157.95,22635.01
18104.64,22595.29
18031.11,22633.35
18002.21,22674.41
18096.4,22685.79
18159.27,22634.34
18099.3,22591.38
18017.67,22621.11
17983.72,22660.11
18081.58,22677.14
18145.21,22624.1
18088.39,22580.92
18010.5,22615.52
17980.21,22654.83
18080.75,22670.35
18152.19,22625.78
18093.63,22583.44
18013.96,22616.63
17988.88,22663.84
18086.2,22679.82
18154.78,22632.95
18094.03,22588.81
18017.27,22624.57
17992.04,22671.24
18086.32,22685.14
18152.61,22637.62
18095.88,22594.66
18026.77,22635.92
18000.33,22680.2
18093.02,22691.67
18157.35,22640.8
18100.82,22597.34
18027.42,22631.68
17992.15,22669.23
18094.7,22691.47
18165.69,22644.53
18104.44,22593.72
18031.53,22633.73
18001.36,22678.55
18093.42,22692.36
18165.69,22648.64
18109.34,22604.52
18037.03,22640.46
18004.33,22677.7
18096.62,22690.8
18164.57,22645.85
18109.79,22601.61
18033.48,22637.6
18004.69,22683.78
18103.08,22701.91
18168.03,22649.16
18115.28,22605.73
18042.1,22642.83
18010.97,22683.76
18107.84,22701.12
18177.82,22653.27
18121.32,22605.73
18042.78,22637.82
18010.48,22677.77
18109.56,22694.62
18186.63,22655.79
18132.38,22610.17
18056.1,22643.63
18024.36,22688.09
18117.38,22704.34
18184.51,22657.31
18127.46,22610.06
18048.85,22644.35
18012.06,22684.03
18103.37,22697.21
18169.82,22647.55
18116.04,22602.6
18042.42,22642.67
18005.96,22682.42
18096.73,22697.01
18169.15,22651.35
18111.69,22599.18
18031.67,22630.45
17999.72,22672.8
18094.97,22690.39
18161.84,22643.39
18104.29,22596.27
18027.87,22631.77
17994.56,22673.81
18087.88,22690.73
18159.81,22648.73
18105.7,22602.6
18027.4,22634.56
17996.08,22676.98
18090.96,22694.6
18162.83,22648.89
18109.9,22601.19
18036.22,22636.84
18006.14,22681.61
18099.06,22695.6
18168.17,22647.46
18111.39,22597.68
18024.13,22622.96
17992.57,22669.45
18085.67,22688.72
18161.06,22649.76
18114.77,22609.44
18034.86,22642.79
18004.53,22688.21
18093.42,22702.31
18164.28,22655.86
18116.29,22610.76
18036.85,22642.45
18004.49,22687.15
18094.47,22700.77
18161.19,22650.36
18109.47,22603.0
18030.55,22635.12
17994.27,22676.4
18084.53,22696.54
18163.05,22657.65
18112.2,22611.2
18034.28,22646.88
18003.73,22691.02
18096.46,22708.54
18165.91,22660.04
18117.14,22612.7
18038.73,22645.42
18000.37,22684.72
18091.03,22701.28
18167.14,22659.66
18123.33,22618.38
18041.88,22650.56
18014.7,22701.62
18099.46,22713.35
18166.47,22665.18
18121.92,22621.6
18038.21,22649.09
17999.7,22688.94
18089.78,22704.16
18163.09,22660.94
18115.39,22615.03
18030.57,22641.09
17994.85,22682.28
18086.96,22700.45
18159.32,22656.64
18112.69,22608.43
18021.83,22631.14
17984.75,22673.38
18076.37,22694.89
18154.96,22656.96
18112.94,22611.85
18032.67,22645.24
17999.19,22692.67
18091.59,22713.53
18160.77,22665.41
18111.55,22617.69
18027.69,22645.89
17995.84,22691.85
18085.09,22706.27
18161.57,22664.13
18112.67,22614.11
18025.68,22638.25
17984.64,22677.39
18072.46,22694.91
18145.77,22649.8
18100.84,22601.05
18015.93,22625.73
17974.11,22663.73
18063.72,22685.72
18142.44,22646.72
18096.6,22596.63
18018.66,22630.56
17985.8,22675.42
18073.78,22694.28
18156.3,22657.81
18108.8,22604.86
18025.92,22633.51
17987.12,22675.49
18081.24,22699.85
18155.61,22656.42
18115.62,22611.38
18030.46,22640.15
17987.52,22677.23
18076.75,22696.14
18156.61,22658.05
18111.73,22609.39
18030.66,22639.05
17998.72,22688.09
18089.2,22710.33
18159.52,22662.19
18112.62,22608.14
18030.17,22637.11
17994.9,22681.54
18081.42,22700.7
18153.55,22656.38
18107.91,22604.88
18026.88,22632.57
17987.99,22676.85
18070.42,22694.28
18146.55,22651.79
18098.47,22594.53
18018.57,22627.7
17979.36,22670.44
18072.39,22698.4
18152.57,22659.79
18112.98,22612.25
18031.62,22641.45
17993.78,22684.49
18075.05,22704.3
18148.3,22660.42
18106.99,22607.4
18023.91,22635.14
17982.78,22676.29
18063.27,22690.33
18137.75,22645.85
18100.46,22599.02
18016.58,22626.58
17977.37,22670.23
18064.54,22692.7
18142.57,22653.13
18105.14,22605.84
18013.22,22626.45
17976.86,22672.47
18065.89,22694.73
18143.71,22652.89
18107.17,22605.41
18022.19,22630.18
17987.68,22678.59
18068.7,22696.81
18146.11,22655.86
18106.61,22607.02
18023.24,22636.91
17987.57,22684.52
18076.62,22708.12
18155.12,22666.63
18111.48,22611.96
18021.88,22632.88
17982.71,22677.65
18066.13,22699.27
18143.71,22658.1
18104.6,22604.81
18024.98,22637.6
17985.02,22681.05
18076.5,22707.09
18158.18,22670.48
18121.21,22621.82
18037.72,22649.4
17996.82,22692.5
18082.67,22716.21
18158.85,22675.71
18124.0,22626.42
18043.87,22653.49
18002.07,22693.95
18086.0,22718.33
18161.64,22677.43
18122.66,22624.81
18041.93,22654.12
18007.93,22702.98
18090.7,22722.43
18168.3,22682.28
18126.35,22626.76
18036.58,22648.98
17995.3,22692.92
18084.17,22719.65
18160.61,22677.21
18126.55,22626.83
18047.96,22658.12
18008.38,22702.91
18091.39,22724.01
18166.78,22681.46
18132.14,22631.45
18044.65,22656.69
18003.19,22700.5
18088.15,22722.29
18170.94,22685.03
18131.31,22628.75
18043.45,22653.29
18002.29,22698.84
18083.63,22719.43
18163.65,22679.11
18133.08,22629.78
18048.09,22655.44
18008.96,22701.06
18096.44,22727.5
18176.33,22690.66
18136.5,22633.35
18052.03,22660.35
18005.87,22699.83
18087.01,22721.75
18165.15,22682.53
18128.45,22627.3
18043.47,22652.62
18002.01,22695.69
18087.37,22723.63
18163.68,22682.5
18128.49,22629.15
18045.55,22657.98
18001.18,22698.98
18080.86,22723.05
18160.41,22684.58
18124.43,22629.89
18041.68,22656.96
17996.86,22698.22
18076.17,22721.93
18161.06,22685.16
18141.88,22643.84
18058.02,22669.34
18013.92,22711.76
18097.16,22736.78
18172.08,22696.25
18134.64,22639.39
18054.78,22670.55
18018.41,22722.09
18098.74,22743.48
18180.06,22704.37
18147.11,22650.79
18056.92,22671.51
18013.7,22713.24
18093.42,22736.82
18174.02,22696.72
18143.67,22643.32
18056.92,22668.54
18013.94,22710.02
18094.05,22733.69
18176.59,22696.81
18141.88,22639.14
18053.39,22660.85
18010.43,22704.52
18090.12,22727.63
18170.47,22689.99
18136.81,22636.66
18045.95,22652.96
18006.68,22697.57
18089.78,22724.26
18166.16,22682.39
18138.69,22631.54
18048.65,22650.99
18007.66,22697.21
18083.92,22719.54
18160.57,22675.8
18137.17,22625.73
18045.03,22646.85
17995.63,22688.16
18076.53,22714.56
18165.57,22681.7
18133.57,22626.0
18044.43,22647.86
17999.41,22689.39
18075.61,22712.03
18155.79,22673.7
18124.67,22617.8
18033.48,22638.72
17991.72,22685.39
18079.79,22720.3
18165.87,22686.71
18139.07,22633.8
18051.45,22656.31
18008.93,22701.59
18093.87,22732.35
18177.09,22694.28
18151.49,22641.73
18063.07,22665.23
18018.7,22709.57
18095.39,22733.49
18172.79,22693.35
18144.3,22637.58
18053.01,22657.45
18009.49,22702.89
18087.95,22727.46
18172.93,22691.89
18149.08,22638.54
18058.89,22657.29
18017.16,22703.98
18092.08,22729.24
18171.54,22691.33
18145.48,22636.68
18052.16,22655.68
18009.58,22701.3
18093.63,22731.5
18173.67,22694.02
18145.21,22636.1
18060.5,22659.73
18018.43,22707.54
18096.55,22736.78
18175.19,22699.6
18148.54,22644.84
18061.1,22665.96
18022.17,22712.34
18102.74,22745.09
18181.22,22707.61
18156.39,22647.86
18068.01,22668.31
18022.26,22712.28
18094.79,22738.83
18176.06,22703.2
18153.79,22648.26
18056.63,22661.16
18009.83,22705.06
18082.74,22729.35
18165.89,22692.81
18150.2,22643.17
18060.23,22659.13
18015.04,22703.87
18093.8,22737.33
18172.62,22699.56
18149.97,22644.19
18066.02,22669.21
18020.56,22711.99
18096.84,22740.2
18179.23,22705.66
18165.33,22657.49
18075.47,22676.2
18025.25,22717.08
18092.42,22738.83
18174.05,22701.53
18160.08,22651.12
18069.91,22668.38
18022.21,22709.57
18098.92,22741.07
18187.12,22709.3
18163.83,22649.0
18076.35,22671.8
18031.26,22718.04
18104.33,22746.27
18183.84,22707.11
18159.25,22644.75
18068.97,22663.21
18024.69,22710.15
18095.23,22737.29
18181.33,22703.87
18158.15,22645.94
18066.47,22663.91
18019.89,22707.54
18093.16,22734.81
18179.54,22699.94
18163.12,22646.16
18071.29,22663.84
18024.67,22709.68
18094.81,22737.67
18178.67,22703.58
18159.38,22646.47
18069.69,22665.07
18023.35,22711.07
18087.86,22733.06
18172.01,22700.05
18154.76,22644.28
18068.37,22664.06
18018.43,22705.33
18089.31,22734.36
18173.53,22697.88
18157.19,22641.53
18066.22,22661.34
18015.6,22706.6
18089.09,22739.86
18175.07,22705.19
18166.29,22652.15
18076.97,22668.89
18032.11,22716.28
18100.08,22741.96
18179.72,22701.53
18160.63,22643.99
18069.28,22660.85
18026.14,22709.04
18095.88,22736.86
18176.48,22698.51
18163.09,22644.42
18070.69,22660.15
18018.14,22702.62
18081.58,22727.95
18170.27,22697.39
18149.01,22636.3
18059.05,22654.48
18016.89,22704.92
18082.52,22730.58
18166.45,22696.23
18155.0,22641.06
18067.67,22659.15
18022.12,22705.91
18089.62,22735.88
18170.58,22703.27
18158.38,22648.71
18073.8,22668.71
18023.64,22711.36
18090.79,22742.36
18177.47,22710.69
18161.93,22653.22
18071.79,22670.55
18023.84,22714.74
18095.59,22747.37
18181.91,22713.08
18167.86,22655.37
18079.14,22674.1
18039.27,22725.2
18106.28,22753.34
18190.38,22717.42
18175.48,22657.54
18083.41,22673.99
18033.43,22720.01
18098.27,22750.34
18184.44,22717.73
18169.11,22657.61
18081.64,22675.98
18033.63,22719.38
18095.77,22746.34
18182.65,22715.7
18162.71,22652.35
18073.71,22667.6
18032.49,22719.72
18095.5,22746.86
18182.81,22717.48
18175.41,22663.95
18082.34,22677.28
18030.39,22717.4
18095.5,22749.11
18183.84,22721.15
18176.24,22665.27
18081.62,22677.03
18034.82,22722.65
18099.97,22751.93
18189.8,22722.47
18174.49,22662.08
18079.86,22674.9
18030.55,22719.56
18094.52,22750.3
18185.69,22722.96
18178.85,22667.35
18087.72,22685.12
18035.38,22727.72
18098.18,22754.05
18185.22,22721.38
18172.21,22661.34
18078.72,22678.24
18032.2,22725.55
18090.83,22749.34
18180.15,22720.3
18170.87,22662.28
18080.64,22678.82
18030.77,22722.6
18093.24,22752.04
18186.16,22727.34
18177.22,22670.72
18081.91,22679.93
18033.57,22726.74
18095.73,22756.47
18179.75,22722.31
18167.81,22660.87
18077.51,22675.26
18025.74,22717.53
18090.18,22749.18
18176.53,22718.8
18170.78,22660.94
18073.22,22669.09
18018.25,22709.86
18083.32,22743.66
18174.36,22716.35
18172.46,22663.6
18080.75,22677.72
18031.22,22721.87
18091.99,22749.2
18179.3,22717.55
18173.26,22660.04
18085.22,22676.87
18032.85,22720.37
18088.06,22746.05
18172.1,22709.91
18159.58,22647.7
18068.84,22662.79
18015.64,22705.93
18080.57,22742.54
18172.1,22716.19
18168.21,22662.5
18077.55,22676.22
18027.73,22720.84
18085.15,22748.82
18179.28,22723.5
18178.56,22671.46
18079.37,22678.79
18022.3,22716.55
18084.04,22750.34
18175.07,22723.59
18168.93,22662.77
18073.82,22670.72
18023.6,22718.89
18078.4,22748.55
18171.74,22722.96
18171.48,22667.37
18070.98,22672.2
18018.84,22715.27
18072.57,22744.93
18163.9,22715.36
18160.52,22655.04
18064.03,22661.4
18012.26,22704.92
18073.31,22735.5
18158.65,22701.86
18160.12,22648.51
18070.58,22660.15
18019.37,22704.43
18077.64,22740.08
18164.03,22708.01
18161.6,22648.49
18066.36,22655.91
18019.04,22705.48
18079.99,22742.79
18172.04,22719.12
18173.93,22661.2
18084.66,22675.35
18032.22,22718.29
18096.93,22755.51
18190.7,22733.42
18192.73,22678.93
18093.16,22683.67
18029.12,22717.6
18085.15,22751.13
18174.05,22722.94
18175.95,22667.13
18077.82,22670.57
18024.63,22714.45
18079.95,22748.17
18168.12,22719.43
18170.13,22660.89
18072.99,22666.68
18021.83,22712.3
18079.07,22742.25
18166.04,22710.78
18172.77,22661.31
18079.32,22671.71
18025.12,22714.71
18083.23,22748.69
18171.86,22717.78
18173.06,22659.24
18074.02,22661.36
18020.09,22702.64
18075.81,22736.22
18165.78,22710.02
18169.24,22653.58
18081.35,22666.52
18031.33,22713.51
18091.03,22752.24
18171.77,22720.62
18169.06,22660.18
18078.36,22670.61
18028.6,22717.33
18082.09,22749.16
18171.03,22721.71
18167.52,22658.52
18072.84,22664.73
18023.11,22712.28
18076.28,22745.54
18164.66,22717.28
18167.97,22660.33
18075.14,22672.74
18020.18,22717.66
18070.85,22749.04
18165.4,22724.21
18173.49,22669.68
18074.69,22672.31
18020.27,22713.86
18076.26,22751.37
18164.95,22723.41
18161.93,22662.01
18066.04,22666.54
18009.56,22703.72
18067.32,22742.85
18162.45,22719.12
18166.87,22661.18
18073.93,22671.17
18021.43,22717.17
18068.19,22746.23
18158.18,22718.71
18161.24,22659.93
18066.89,22666.84
18014.63,22710.69
18063.49,22744.08
18147.65,22711.03
18147.89,22647.59
18056.81,22654.81
18006.65,22699.2
18055.2,22733.2
18146.96,22707.83
18150.71,22649.87
18057.84,22655.84
18006.92,22700.5
18059.34,22735.12
18153.66,22711.36
18163.83,22656.8
18068.57,22663.08
18015.53,22709.28
18064.63,22742.56
18158.78,22720.01
18168.53,22666.03
18077.11,22672.58
18025.92,22719.68
18076.82,22756.06
18172.06,22733.87
18178.47,22675.26
18080.88,22678.5
18025.21,22721.91
18069.06,22753.03
18155.29,22724.12
18159.36,22663.57
18067.05,22667.8
18014.37,22711.41
18055.89,22740.6
18147.02,22716.57
18162.45,22663.97
18074.29,22672.13
18022.55,22718.67
18070.22,22751.84
18166.18,22728.68
18175.39,22668.71
18081.91,22672.69
18030.84,22720.57
18079.43,22756.98
18173.73,22736.42
18182.67,22677.95
18092.78,22686.15
18038.62,22729.71
18083.86,22764.63
18168.68,22736.55
18176.57,22676.76
18078.8,22677.88
18024.09,22721.4
18073.02,22760.38
18165.64,22738.5
18177.24,22685.54
18078.25,22687.24
18025.88,22735.03
18071.5,22769.12
18167.47,22749.25
18178.72,22690.13
18079.72,22686.75
18026.05,22729.53
18070.36,22762.97
18160.21,22739.03
18171.7,22680.76
18072.46,22677.59
18022.55,22725.98
18060.23,22755.3
18155.65,22734.05
18166.38,22674.53
18073.06,22676.22
18024.71,22726.13
18064.34,22754.72
18158.49,22731.14
18175.61,22679.64
18081.44,22682.77
18032.29,22731.9
18072.86,22763.71
18163.16,22736.06
18176.48,22679.78
18080.28,22678.53
18025.21,22723.74
18068.46,22760.02
18160.61,22739.08
18174.9,22684.36
18081.24,22685.12
18027.64,22730.23
18068.55,22763.44
18160.21,22738.38
18172.79,22679.82
18079.48,22681.95
18024.07,22725.17
18065.21,22759.62
18156.37,22736.86
18171.54,22681.88
18073.31,22682.01
18021.85,22729.31
18062.87,22765.56
18153.71,22740.87
18169.51,22682.48
18074.16,22681.03
18017.54,22722.29
18063.2,22761.56
18157.24,22739.05
18175.48,22685.01
18076.64,22681.74
18024.76,22725.49
18065.19,22761.36
18160.21,22741.92
18173.71,22680.72
18078.72,22681.1
18021.03,22723.95
18060.28,22757.09
18156.43,22738.83
18175.3,22683.85
18082.76,22685.05
18028.94,22730.79
18072.79,22768.54
18162.42,22743.55
18174.61,22679.0
18086.34,22681.07
18026.86,22723.88
18067.54,22766.46
18165.96,22751.44
18179.19,22690.95
18084.08,22689.46
18031.26,22732.01
18064.59,22759.33
18155.52,22734.54
18172.04,22677.39
18075.97,22675.67
18024.67,22723.88
18068.55,22766.62
18166.2,22752.0
18180.86,22690.87
18081.89,22685.1
18027.29,22729.44
18067.85,22767.4
18162.2,22745.65
18181.71,22687.58
18084.26,22681.05
18028.89,22726.43
18063.94,22761.29
18158.36,22742.07
18174.07,22683.27
18080.79,22680.63
18028.31,22727.5
18067.56,22764.31
18162.78,22743.79
18181.27,22686.21
18081.76,22678.5
18033.57,22730.52
18066.89,22763.57
18160.95,22742.65
18184.82,22689.61
18092.46,22688.56
18037.14,22731.14
18068.57,22763.62
18163.96,22743.55
18174.85,22676.2
18074.63,22669.05
18022.32,22718.8
18066.45,22765.09
18164.7,22747.39
18187.17,22690.71
18089.98,22684.09
18033.07,22726.67
18070.47,22764.71
18163.03,22744.22
18185.87,22688.65
18090.63,22681.99
18033.34,22726.67
18064.75,22761.61
18160.17,22743.44
18191.17,22692.63
18103.88,22695.36
18029.95,22727.23
18056.68,22757.0
18155.05,22740.04
18174.27,22679.06
18079.21,22677.28
18019.93,22721.26
18050.69,22755.39
18147.4,22738.18
18167.61,22676.65
18073.6,22671.35
18016.71,22714.47
18056.65,22756.02
18153.59,22737.83
18174.05,22677.32
18075.03,22668.71
18019.98,22715.56
18053.15,22755.55
18148.7,22737.04
18175.99,22684.74
18088.13,22684.61
18032.36,22728.39
18062.18,22760.71
18154.6,22739.35
18176.62,22681.46
18080.3,22673.09
18025.92,22721.06
18054.82,22757.65
18145.26,22736.64
18172.48,22684.38
18077.84,22679.17
18024.65,22725.06
18053.75,22759.62
18153.46,22743.88
18184.46,22690.62
18081.73,22675.62
18025.05,22722.36
18058.0,22763.78
18157.08,22751.57
18184.33,22696.94
18083.32,22684.63
18026.26,22728.53
18060.1,22768.96
18154.51,22750.74
18177.69,22690.13
18077.31,22676.51
18024.89,22722.63
18055.94,22762.55
18151.47,22746.43
18176.26,22685.39
18089.4,22683.69
18033.74,22727.28
18061.57,22763.37
18160.01,22749.74
18187.68,22692.96
18100.67,22690.89
18043.54,22738.16
18072.55,22778.46
18161.02,22754.43
18185.71,22695.45
18094.09,22687.8
18037.07,22732.68
18063.81,22767.93
18156.79,22746.41
18180.33,22686.55
18085.85,22677.3
18029.59,22723.05
18055.04,22760.06
18153.19,22746.19
18176.62,22686.95
18075.77,22673.99
18016.58,22717.08
18047.09,22756.15
18143.11,22738.27
18172.08,22682.17
18075.32,22671.69
18025.41,22723.3
18052.54,22761.36
18148.59,22744.04
18179.75,22687.78
18086.83,22681.32
18031.55,22727.39
18055.36,22764.04
18160.43,22754.25
18190.83,22699.65
18088.37,22685.57
18021.94,22724.71
