41948.95,36597.09
42076.71,36698.86
42098.04,36730.73
41885.02,36562.42
41848.25,36530.3
41947.5,36596.27
42079.59,36705.43
42102.55,36740.99
41890.21,36567.92
41841.3,36520.58
41949.46,36597.94
42079.59,36704.34
42101.41,36737.8
41886.39,36562.02
41842.42,36520.29
41945.55,36588.66
42076.13,36697.41
42095.06,36729.68
41890.03,36565.39
41848.97,36526.26
41956.66,36604.27
42081.61,36705.86
42099.38,36735.85
41885.49,36561.35
41844.3,36523.33
41948.32,36597.25
42072.48,36701.7
42089.63,36733.13
41883.32,36561.11
41839.43,36520.92
41941.71,36593.05
42065.22,36693.38
42095.44,36735.89
41890.09,36563.72
41848.19,36523.33
41946.42,36595.53
42067.28,36695.13
42093.41,36732.43
41895.24,36571.54
41854.42,36532.45
41949.24,36600.29
42071.55,36702.88
42103.18,36744.28
41897.52,36570.31
41843.63,36517.9
41945.71,36589.04
42059.79,36680.57
42076.73,36708.78
41887.86,36554.27
41842.38,36511.73
41938.75,36579.88
42055.72,36676.46
42079.84,36712.76
41898.25,36564.3
41856.32,36526.13
41946.8,36586.45
42056.73,36674.54
42083.75,36713.84
41900.58,36565.6
41862.89,36529.07
41957.66,36598.05
42067.21,36687.48
42094.23,36726.02
41925.01,36589.83
41881.47,36546.87
41962.34,36602.3
42074.09,36695.06
42100.36,36732.81
41919.76,36589.25
41874.61,36549.73
41962.47,36608.31
42075.91,36698.12
42101.14,36732.36
41918.73,36587.73
41876.5,36547.18
41965.42,36606.66
42073.11,36692.09
42101.16,36731.13
41923.29,36589.2
41878.38,36547.78
41969.94,36614.88
42076.02,36701.03
42099.8,36734.84
41917.86,36591.55
41868.7,36540.3
41953.6,36599.04
42062.38,36686.21
42088.64,36720.74
41913.36,36581.89
41878.83,36548.1
41966.65,36612.47
42074.88,36702.43
42101.81,36738.55
41926.98,36595.32
41882.05,36553.08
41970.23,36613.63
42070.86,36695.64
42096.83,36733.86
41921.19,36593.09
41872.24,36545.39
41958.92,36605.63
42068.64,36695.15
42097.48,36731.09
41920.98,36589.4
41876.08,36550.11
41962.52,36612.18
42064.98,36695.28
42095.8,36735.92
41935.38,36607.17
41883.08,36555.2
41965.02,36611.8
42064.21,36692.46
42089.41,36725.39
41934.91,36601.61
41902.34,36571.99
41986.27,36634.46
42075.84,36707.69
42090.81,36731.54
41910.61,36581.71
41865.96,36539.98
41961.4,36609.21
42078.59,36710.06
42103.4,36743.38
41923.04,36590.09
41867.79,36536.43
41961.18,36606.32
42064.21,36694.75
42098.82,36740.05
41932.12,36603.33
41894.48,36566.94
41997.77,36646.71
42097.0,36728.9
42108.47,36743.79
41923.18,36585.51
41882.16,36550.82
41965.98,36614.1
42062.67,36696.85
42083.73,36724.0
41915.35,36579.61
41876.46,36546.8
41957.2,36609.43
42059.81,36696.0
42093.81,36741.53
41928.68,36598.77
41881.16,36551.07
41974.21,36628.0
42076.73,36716.07
42107.96,36754.07
41940.21,36604.07
41893.65,36556.84
41981.8,36629.55
42081.7,36721.77
42112.88,36763.77
41955.65,36620.29
41903.95,36566.78
41979.28,36628.03
42087.57,36728.86
42127.76,36779.82
41959.81,36620.96
41906.9,36564.82
41985.34,36629.21
42091.11,36729.3
42122.0,36771.82
41958.67,36615.62
41904.69,36562.67
41989.76,36636.65
42094.39,36734.33
42133.15,36784.78
41962.16,36621.07
41910.17,36563.56
41993.63,36632.54
42105.81,36740.43
42143.59,36793.61
41971.61,36625.5
41912.13,36561.82
42002.41,36638.26
42103.31,36735.87
42143.45,36792.22
41974.03,36627.73
41918.37,36568.21
42008.71,36646.2
42116.47,36750.67
42151.72,36801.21
41976.11,36629.16
41914.17,36564.41
42000.36,36640.34
42109.57,36747.47
42154.56,36806.53
41985.43,36641.86
41925.19,36579.93
42005.23,36649.02
42112.65,36749.73
42155.61,36806.97
41979.75,36635.16
41918.1,36573.98
42004.2,36650.45
42120.68,36760.32
42159.86,36810.53
41983.53,36640.12
41917.03,36569.69
41997.77,36639.27
42113.12,36749.69
42161.85,36813.46
41979.41,36635.63
41913.95,36566.56
41996.11,36634.8
42105.81,36738.91
42143.74,36794.23
41965.91,36622.82
41895.55,36552.57
41986.16,36633.7
42096.4,36740.3
42142.25,36797.99
41964.84,36624.02
41900.22,36557.75
41990.5,36637.37
42098.57,36738.91
42146.09,36798.19
41969.91,36630.02
41900.42,36556.14
41989.02,36633.34
42100.09,36737.88
42145.33,36797.88
41972.8,36632.25
41902.52,36561.62
41985.56,36630.46
42093.79,36732.21
42140.39,36789.74
41967.95,36627.02
41900.33,36559.92
41988.0,36635.09
42097.9,36737.1
42143.52,36798.05
41968.62,36630.39
41898.39,36555.79
41984.6,36629.21
42090.57,36727.18
42141.75,36790.01
41977.69,36631.73
41906.26,36561.44
41982.83,36624.98
42092.94,36729.79
42139.34,36787.42
41970.9,36630.84
41909.34,36567.61
41989.85,36633.23
42089.16,36724.79
42132.39,36778.61
41969.58,36628.0
41903.6,36562.25
41990.68,36636.39
42095.02,36728.41
42146.34,36788.64
41972.3,36631.91
41907.66,36563.88
41986.92,36626.44
42087.66,36718.57
42137.93,36780.82
41974.92,36638.04
41909.39,36575.1
41997.32,36644.32
42099.22,36729.7
42149.76,36786.48
41977.98,36642.73
41901.85,36569.17
41976.08,36625.77
42078.52,36717.99
42125.3,36772.91
41957.71,36630.02
41891.95,36567.16
41970.79,36624.38
42078.75,36714.88
42132.99,36773.89
41971.84,36638.33
41901.76,36573.96
41973.58,36625.97
42083.84,36717.07
42130.27,36767.52
41963.36,36628.72
41892.18,36561.55
41968.71,36616.02
42070.99,36704.49
42122.55,36763.97
41969.87,36637.14
41904.96,36575.75
41984.38,36634.29
42079.55,36710.13
42124.12,36758.58
41958.87,36622.39
41896.02,36563.68
41971.57,36621.5
42074.5,36703.89
42124.52,36759.03
41958.96,36624.52
41884.39,36555.02
41968.44,36616.47
42077.02,36704.89
42135.05,36769.73
41972.82,36640.21
41897.41,36571.68
41971.81,36624.47
42085.07,36716.11
42132.77,36770.23
41971.9,36637.26
41897.41,36564.05
41969.49,36615.69
42072.22,36700.82
42130.2,36764.77
41970.32,36633.68
41895.91,36564.57
41981.92,36628.23
42083.17,36711.18
42135.03,36768.55
41977.2,36638.38
41902.95,36571.12
41975.39,36622.75
42083.15,36710.77
42141.06,36774.61
41983.05,36645.3
41903.64,36571.61
41989.49,36632.9
42099.93,36720.63
42145.91,36775.75
41989.11,36644.41
41920.36,36576.57
41996.09,36632.68
42095.6,36718.82
42152.71,36782.54
41992.69,36645.97
41922.8,36576.57
42000.98,36637.28
42102.28,36724.79
42151.28,36781.34
41993.18,36641.19
41921.01,36571.54
42005.09,36637.37
42108.96,36726.2
42158.09,36786.41
42005.14,36651.63
41926.68,36576.04
42008.16,36639.18
42112.59,36730.84
42165.36,36794.1
42009.16,36656.08
41928.43,36578.5
42003.29,36635.71
42107.02,36726.69
42160.11,36789.94
42003.98,36651.96
41929.57,36578.18
42008.61,36643.25
42108.41,36732.61
42161.63,36799.48
42002.5,36656.84
41919.2,36571.54
41999.57,36634.17
42106.35,36730.6
42162.38,36798.52
41998.32,36647.98
41928.43,36576.04
42012.38,36645.32
42109.14,36732.09
42169.09,36803.82
42011.42,36654.78
41926.6,36570.76
42009.9,36640.27
42110.77,36731.27
42168.24,36802.57
42007.15,36655.68
41931.11,36574.45
42007.18,36638.22
42111.87,36736.61
42171.77,36810.37
42018.28,36665.89
41931.94,36581.22
42012.58,36647.92
42115.87,36740.99
42166.36,36805.99
42002.14,36651.18
41922.44,36571.05
42000.47,36635.25
42105.63,36731.67
42169.11,36807.38
42003.64,36653.48
41921.63,36567.81
42002.37,36636.14
42103.84,36726.55
42156.98,36793.23
42003.29,36653.69
41915.42,36561.84
41996.04,36625.95
42102.28,36722.37
42165.98,36798.21
42007.04,36652.64
41917.92,36567.56
41996.96,36634.11
42097.77,36726.66
42159.5,36799.06
42004.92,36653.35
41919.02,36564.84
42003.96,36634.26
42102.15,36723.04
42163.46,36797.56
42011.44,36656.73
41926.53,36572.59
42003.04,36636.32
42108.98,36732.01
42166.7,36801.5
42011.09,36655.27
41923.78,36566.94
42002.04,36631.69
42109.01,36728.79
42171.79,36803.13
42014.02,36658.18
41925.72,36567.14
42010.08,36636.81
42113.28,36727.25
42186.26,36811.51
42021.82,36661.26
41928.68,36568.26
42001.39,36632.21
42101.41,36723.82
42168.6,36803.55
42015.04,36662.65
41932.9,36577.58
42007.55,36635.87
42107.06,36722.77
42168.57,36796.36
42002.48,36645.55
41915.87,36558.64
41996.56,36625.7
42108.36,36726.29
42172.51,36799.64
42016.05,36658.27
41926.84,36569.2
42001.34,36630.44
42099.31,36717.39
42162.41,36788.55
42013.95,36655.96
41922.17,36568.55
42002.73,36635.27
42106.95,36726.11
42173.32,36801.27
42013.88,36660.77
41925.9,36572.79
42004.11,36634.84
42100.47,36721.43
42170.16,36799.98
42018.24,36667.45
41921.81,36576.06
41990.93,36630.86
42099.46,36722.04
42164.87,36794.12
42010.41,36663.14
41922.21,36578.5
41997.94,36637.95
42102.59,36728.56
42172.73,36807.0
42027.04,36681.47
41927.65,36585.13
41998.68,36641.26
42104.49,36732.16
42171.62,36804.52
42016.67,36674.36
41920.56,36584.39
42000.18,36644.81
42104.67,36732.54
42173.0,36804.27
42023.13,36681.34
41927.98,36595.44
41998.23,36645.04
42100.92,36729.37
42165.38,36801.01
42013.7,36672.82
41923.78,36584.98
41995.15,36635.87
42093.56,36718.46
42166.56,36797.07
42023.49,36679.26
41920.81,36581.51
42000.0,36638.35
42101.48,36720.25
42175.35,36798.12
42027.22,36679.05
41928.59,36589.67
41998.59,36640.86
42102.26,36727.2
42173.11,36802.48
42024.52,36678.99
41923.36,36583.81
41997.16,36638.98
42106.68,36728.59
42176.29,36800.71
42024.95,36677.42
41926.26,36586.45
42000.47,36641.19
42105.32,36725.03
42172.89,36795.91
42019.96,36669.46
41918.88,36578.61
42000.02,36641.28
42103.71,36726.51
42171.06,36799.91
42024.9,36677.58
41924.45,36583.28
41999.29,36639.0
42101.03,36720.79
42173.79,36796.4
42028.92,36679.01
41931.45,36591.1
41999.02,36642.24
42098.59,36721.59
42175.04,36798.64
42024.74,36678.05
41928.29,36588.39
42000.85,36642.98
42096.74,36721.39
42170.16,36800.71
42028.63,36686.68
41927.58,36591.55
42006.28,36650.18
42107.64,36729.86
42172.58,36799.22
42035.43,36688.46
41936.63,36596.06
42006.35,36652.97
42107.67,36735.11
42184.91,36816.52
42042.58,36696.89
41935.54,36594.41
42003.78,36645.41
42101.95,36728.18
42172.44,36805.45
42033.46,36687.95
41934.26,36595.19
42001.86,36647.5
42104.63,36732.77
42178.3,36812.18
42030.96,36688.78
41926.75,36587.93
41999.62,36642.96
42093.5,36722.37
42177.16,36811.49
42039.14,36689.92
41929.7,36584.93
41994.79,36638.13
42097.52,36726.98
42171.62,36809.68
42031.31,36687.35
41925.41,36583.79
42001.95,36643.23
42105.9,36733.48
42175.24,36817.28
42030.04,36691.64
41931.16,36593.7
41997.38,36648.21
42096.63,36733.77
42176.18,36819.91
42038.55,36695.04
41939.09,36593.83
42005.68,36646.02
42107.94,36736.43
42180.54,36817.7
42035.65,36686.54
41934.29,36583.46
42002.05,36642.13
42101.25,36728.47
42177.61,36813.19
42035.09,36688.49
41928.12,36584.17
41997.05,36639.98
42094.41,36723.73
42166.7,36806.68
42029.23,36681.2
41923.55,36574.92
41997.88,36638.11
42098.48,36723.25
42176.2,36810.89
42038.36,36690.32
41931.56,36585.94
42003.24,36646.64
42104.49,36735.65
42181.99,36820.83
42043.09,36696.47
41932.34,36589.6
41994.48,36639.67
42102.13,36734.44
42183.08,36826.96
42038.09,36696.24
41923.96,36581.27
41993.41,36635.94
42097.14,36723.54
42180.6,36817.75
42046.45,36702.88
41929.05,36592.55
41992.73,36642.24
42092.67,36725.01
42177.72,36818.93
42043.99,36697.9
41931.83,36585.87
42000.02,36644.28
42105.9,36738.62
42187.75,36831.05
42054.2,36714.82
41938.18,36595.3
42001.86,36647.45
42106.57,36741.93
42186.86,36833.21
42047.54,36709.61
41935.49,36599.55
42000.36,36651.14
42104.94,36740.52
42185.21,36827.4
42046.09,36703.87
41930.6,36590.21
41997.34,36644.54
42106.64,36737.93
42190.97,36826.78
42059.48,36715.04
41945.68,36605.76
42006.04,36657.06
42103.13,36740.99
42190.39,36834.98
42056.71,36717.1
41941.62,36604.09
42011.11,36662.07
42115.91,36753.06
42197.75,36838.71
42059.16,36719.69
41946.69,36614.46
42018.33,36671.66
42114.35,36750.71
42198.59,36842.56
42062.88,36728.3
41940.57,36611.31
42011.69,36667.1
42119.78,36759.14
42202.44,36841.91
42066.23,36727.4
41945.8,36614.13
42006.59,36660.05
42110.15,36743.83
42193.14,36831.29
42063.61,36725.28
41946.0,36617.14
42017.37,36670.9
42115.58,36749.22
42200.63,36838.0
42068.69,36729.68
41953.86,36623.62
42018.98,36671.57
42120.99,36753.93
42203.78,36841.84
42068.8,36733.66
41958.11,36630.55
42029.01,36682.56
42124.97,36754.11
42204.96,36837.15
42067.39,36728.56
41953.08,36622.26
42016.38,36666.4
42118.35,36746.02
42202.51,36835.7
42070.39,36730.8
41947.2,36616.58
42004.04,36659.7
42108.52,36743.76
42195.22,36830.51
42065.45,36728.34
41949.11,36621.57
42013.54,36668.8
42111.36,36746.51
42195.2,36825.57
42068.46,36725.37
41943.11,36615.82
42011.31,36667.84
42121.17,36752.93
42204.59,36836.25
42072.33,36734.62
41949.73,36624.7
42020.34,36675.14
42117.46,36749.75
42198.71,36834.09
42065.56,36731.69
41950.0,36625.07
42019.11,36672.46
42118.08,36744.5
42205.75,36833.75
42075.28,36733.48
41952.86,36623.76
42015.46,36667.63
42116.52,36742.38
42202.8,36830.64
42075.7,36732.83
41951.59,36619.33
42018.71,36670.79
42122.06,36754.49
42211.25,36845.08
42085.32,36744.34
41967.93,36634.8
42030.98,36680.29
42129.3,36758.31
42209.21,36844.39
42087.64,36751.47
41960.3,36636.63
42023.45,36680.06
42125.35,36755.41
42212.3,36845.17
42091.64,36750.04
41969.22,36635.25
42024.0,36676.53
42122.51,36755.86
42204.07,36838.67
42080.46,36739.94
41957.38,36625.28
42022.08,36673.82
42117.99,36749.93
42206.24,36841.35
42083.06,36741.89
41963.86,36633.41
42028.74,36683.79
42125.68,36761.73
42206.66,36845.29
42082.21,36745.21
41965.2,36634.53
42027.58,36680.04
42118.35,36753.71
42211.76,36853.22
42089.07,36752.88
41957.89,36629.66
42022.91,36678.52
42119.4,36756.39
42206.71,36846.52
42086.16,36744.84
41953.8,36621.61
42011.06,36667.21
42112.94,36751.61
42208.77,36851.61
42092.0,36752.05
41968.08,36629.9
42025.48,36675.81
42124.83,36757.87
42214.13,36851.5
42094.88,36749.39
41977.29,36637.61
42031.83,36680.2
42126.78,36758.7
42209.73,36846.13
42092.87,36748.59
41971.86,36629.55
42027.76,36675.66
42117.59,36751.5
42207.51,36846.43
42089.96,36748.5
41956.88,36620.8
42013.7,36667.14
42113.05,36749.75
42204.63,36846.96
42087.06,36745.89
41957.22,36616.47
42018.62,36667.57
42119.98,36757.33
42209.91,36855.7
42089.12,36750.25
41968.71,36628.52
42030.18,36678.43
42128.52,36764.33
42210.44,36855.05
42094.26,36753.69
41973.98,36629.57
42030.42,36674.5
42122.66,36756.73
42219.02,36861.98
42106.73,36760.95
41971.86,36624.25
42025.12,36666.02
42124.97,36752.55
42214.6,36853.06
42101.07,36755.92
41975.48,36630.66
42026.4,36671.52
42117.43,36748.84
42197.48,36839.88
42095.96,36754.63
41972.42,36630.37
42027.25,36675.77
42122.6,36757.87
42213.53,36856.37
42100.96,36757.04
41969.96,36623.91
42027.27,36673.91
42126.24,36761.71
42211.96,36857.78
42095.38,36755.45
41966.83,36625.86
42018.95,36669.22
42128.07,36762.43
42222.09,36863.21
42111.33,36764.46
41977.0,36636.48
42024.14,36678.27
42120.59,36760.24
42207.09,36851.01
42097.72,36753.91
41962.98,36620.25
42026.11,36673.31
42123.02,36756.91
42213.39,36854.76
42102.64,36760.32
41970.32,36631.56
42025.82,36677.73
42129.75,36762.63
42214.91,36856.1
42105.86,36763.12
41976.86,36635.96
42028.01,36676.66
42125.28,36760.48
42210.69,36852.23
42112.9,36768.68
41978.96,36643.61
42030.06,36686.21
42125.44,36766.23
42216.59,36862.23
42110.73,36775.52
41976.38,36647.96
42029.41,36687.95
42119.09,36758.07
42211.07,36854.41
42106.41,36769.67
41973.69,36641.71
42025.14,36682.52
42129.53,36768.91
42228.14,36873.76
42121.95,36783.06
41986.23,36653.08
42039.63,36694.01
42136.61,36771.97
42229.91,36866.25
42129.73,36785.41
41992.46,36658.78
42044.05,36700.85
42143.92,36780.96
42233.2,36869.29
42131.65,36784.11
41995.86,36654.02
42051.21,36692.6
42148.86,36768.71
42236.93,36860.13
42125.91,36775.91
41984.35,36647.72
42038.54,36689.4
42145.87,36777.18
42242.54,36875.26
42132.81,36793.18
41990.5,36660.86
42041.82,36698.72
42139.23,36773.13
42242.09,36878.39
42135.43,36797.74
41989.65,36663.83
42040.16,36701.41
42147.54,36784.44
42239.97,36872.96
42136.86,36792.6
41992.94,36663.66
42044.37,36701.14
42147.1,36782.16
42241.49,36875.06
42146.09,36802.68
41995.71,36671.3
42043.05,36701.59
42145.26,36777.09
42236.04,36864.82
42131.16,36787.02
41988.96,36661.84
42042.49,36702.93
42138.11,36774.12
42236.23,36868.06
42138.51,36796.85
42000.47,36673.42
42059.07,36714.19
42160.71,36790.14
42256.95,36884.91
42153.0,36809.61
42004.07,36676.82
42044.28,36703.55
42142.43,36776.46
42239.77,36871.46
42136.95,36795.73
41994.99,36669.02
42043.25,36703.69
42141.08,36778.65
42243.43,36874.92
42145.84,36801.7
41996.0,36669.6
42044.64,36705.63
42139.38,36776.73
42235.34,36871.97
42130.45,36795.13
41988.33,36668.24
42037.24,36698.52
42142.16,36780.11
42256.38,36892.25
42150.65,36818.8
41998.75,36683.91
42052.68,36720.67
42147.99,36790.9
42245.38,36884.09
42142.34,36805.01
41998.14,36676.37
42048.23,36711.73
42147.59,36788.67
42253.76,36892.43
42154.56,36815.36
42009.41,36685.74
42052.5,36715.15
42147.14,36785.41
42238.61,36876.53
42140.61,36803.55
41992.91,36671.12
42045.62,36710.3
42141.38,36782.32
42237.89,36878.66
42137.98,36800.63
41989.27,36663.41
42032.39,36697.41
42138.09,36782.5
42241.02,36886.39
42142.74,36809.72
41996.29,36672.04
42049.87,36712.47
42150.43,36790.1
42245.0,36883.57
42147.66,36805.9
42002.35,36670.9
42045.48,36704.38
42145.33,36783.39
42241.18,36880.45
42149.27,36811.51
41996.31,36669.11
42037.5,36701.99
42126.71,36770.94
42225.55,36869.27
42138.47,36800.09
41987.95,36658.31
42030.38,36689.71
42132.99,36774.23
42229.69,36877.49
42139.12,36804.49
42001.03,36670.16
42048.57,36708.25
42142.71,36782.9
42245.89,36887.21
42159.48,36819.34
42004.92,36670.45
42048.5,36705.79
42145.73,36786.48
42238.54,36884.02
42154.45,36814.93
42009.01,36675.64
42050.8,36707.71
42143.95,36780.38
42238.09,36882.3
42146.29,36809.25
41995.84,36662.56
42037.95,36697.92
42130.82,36775.52
42227.29,36876.87
42144.08,36807.27
41996.04,36662.29
42039.61,36696.54
42136.77,36779.08
42230.49,36878.45
42146.74,36808.83
42006.68,36670.79
42046.76,36703.38
42147.27,36791.51
42241.24,36888.98
42154.36,36814.37
41999.24,36664.84
42042.16,36702.1
42138.71,36785.29
42232.68,36884.91
42151.52,36817.34
42000.43,36669.49
42041.15,36704.4
42132.61,36779.62
42230.0,36881.0
42151.77,36819.67
42002.57,36675.55
42040.41,36704.56
42137.46,36782.57
42232.55,36882.9
42151.5,36817.25
42002.93,36669.85
42044.05,36704.91
42139.32,36784.84
42238.16,36889.14
42156.48,36826.13
42003.33,36677.73
42042.49,36709.97
42139.23,36788.2
42236.39,36888.6
42158.36,36827.89
42010.3,36681.31
42048.77,36710.62
42146.09,36791.93
42240.66,36890.99
42160.57,36826.2
42011.36,36680.15
42055.68,36714.8
42154.96,36799.29
42247.01,36893.99
42161.67,36824.74
42008.34,36678.94
42042.64,36704.65
42138.38,36783.8
42229.75,36882.25
42148.08,36821.5
41998.55,36677.0
42041.75,36707.44
42136.66,36785.29
42240.01,36890.86
42161.87,36833.53
42004.43,36684.0
42042.16,36710.86
42139.07,36791.24
42234.31,36883.8
42152.73,36820.14
41998.95,36675.81
42033.5,36698.64
42131.74,36776.29
42239.1,36883.39
42158.99,36822.24
42009.07,36685.34
42044.97,36709.63
42141.44,36784.11
42238.0,36879.62
42158.09,36819.16
42008.25,36679.48
42041.46,36701.77
42134.91,36774.43
42235.92,36877.14
42157.42,36821.7
42001.63,36678.43
42041.68,36707.82
42142.27,36787.46
42241.06,36887.93
42156.48,36826.42
42001.3,36686.63
42042.24,36716.0
42139.14,36785.38
42235.54,36877.67
42161.18,36824.01
42006.3,36685.94
42043.59,36711.64
42141.62,36783.37
42238.11,36880.29
42160.21,36827.45
42001.86,36683.93
42036.57,36707.22
42136.21,36780.64
42237.82,36875.06
42155.93,36819.56
41997.07,36678.56
42034.82,36709.68
42132.75,36790.05
42232.61,36884.36
42157.54,36826.71
42004.69,36685.94
42041.53,36705.39
42135.41,36775.28
42240.14,36877.32
42163.93,36830.11
42001.09,36690.63
42035.23,36709.52
42139.61,36783.13
42242.88,36878.9
42164.62,36822.75
42003.91,36680.6
42036.84,36702.23
42138.58,36779.66
42243.14,36878.57
42173.65,36830.11
42008.16,36687.28
42042.63,36710.88
42141.33,36788.06
42249.73,36888.63
42174.66,36835.67
42004.98,36688.0
42034.67,36709.03
42133.39,36782.01
42236.04,36875.01
42163.35,36823.43
42005.48,36685.96
42037.19,36709.88
42136.34,36785.45
42241.73,36885.07
42170.97,36840.68
42003.11,36694.75
42033.86,36712.05
42134.24,36783.82
42250.29,36890.28
42176.18,36836.66
42012.88,36694.54
42045.73,36717.41
42144.93,36791.17
42248.44,36889.54
42179.26,36842.71
42016.05,36697.61
42043.79,36715.4
42142.94,36787.5
42242.65,36883.3
42171.19,36833.75
42012.41,36690.25
42038.13,36705.68
42142.22,36784.55
42244.37,36885.94
42174.81,36845.71
42009.88,36692.51
42040.05,36706.37
42144.64,36785.07
42241.42,36881.34
42174.63,36838.49
42014.62,36692.02
42037.71,36705.63
42133.02,36778.86
42234.65,36878.25
42173.56,36836.46
42006.5,36683.44
42035.83,36701.77
42133.57,36777.98
42231.14,36873.54
42163.37,36829.59
42002.17,36682.41
42032.97,36704.36
42131.9,36781.16
42237.06,36881.29
42175.68,36837.8
42011.55,36684.09
42031.43,36698.75
42127.98,36775.46
42239.18,36885.36
42178.66,36842.76
42009.61,36687.84
42034.49,36703.8
42133.68,36783.04
42240.1,36887.13
42181.9,36847.9
42009.3,36687.91
42035.29,36705.23
42134.36,36782.88
42234.67,36884.8
42170.07,36841.24
42007.55,36687.28
42031.56,36703.89
42122.55,36776.06
42224.1,36881.2
42167.93,36844.08
42001.47,36685.61
42021.95,36698.64
42114.62,36773.43
42220.03,36878.97
42165.09,36841.53
42011.4,36695.06
42031.63,36705.3
42123.71,36780.55
42230.82,36887.06
42169.31,36842.67
42007.13,36689.47
42030.15,36706.55
42132.5,36785.47
42237.04,36892.02
42177.38,36851.14
42011.46,36696.24
42030.02,36705.79
42122.69,36781.8
42225.42,36883.59
42178.28,36847.59
42016.88,36692.42
42032.59,36702.05
42135.0,36787.77
42231.68,36890.52
42173.89,36851.01
42010.3,36695.57
42029.93,36707.6
42126.2,36781.45
42228.79,36885.54
42172.84,36849.73
42010.97,36694.21
42038.22,36712.67
42136.57,36792.18
42240.21,36895.87
42181.27,36855.79
42012.43,36694.84
42031.74,36707.64
42126.62,36785.02
42227.65,36887.17
42173.92,36850.56
42011.62,36694.72
42027.94,36703.8
42121.97,36779.73
42225.89,36881.43
42173.02,36847.18
42009.77,36690.88
42028.7,36700.87
42128.66,36781.71
42237.71,36887.95
42186.41,36855.23
42020.63,36700.85
42041.37,36717.75
42129.84,36790.21
42224.54,36884.56
42174.54,36850.96
42010.15,36696.78
42032.72,36708.52
42131.11,36785.81
42235.68,36884.49
42185.23,36855.59
42018.68,36705.07
42035.32,36714.82
42130.09,36788.64
42234.2,36889.79
42184.22,36858.32
42016.45,36702.55
42035.49,36711.96
42133.02,36783.77
42241.38,36887.89
42191.66,36855.86
42020.7,36700.91
42037.66,36711.35
42135.65,36790.05
42241.55,36893.14
42195.44,36862.52
42031.58,36710.79
42041.15,36711.33
42131.88,36783.41
42238.25,36885.65
42191.66,36861.56
42028.45,36713.14
42041.75,36717.61
42130.38,36784.06
42243.41,36889.5
42200.58,36860.84
42025.73,36706.23
42044.12,36714.82
42139.0,36784.06
42243.7,36885.09
42198.17,36861.94
42026.93,36708.58
42043.47,36718.84
42136.14,36788.31
42241.24,36888.71
42193.54,36859.77
42021.01,36699.62
42035.05,36705.83
42138.09,36785.41
42244.53,36886.39
42200.14,36859.88
42029.32,36704.11
42043.38,36708.56
42131.96,36775.75
42239.81,36878.01
42192.52,36853.69
42023.38,36704.09
42035.29,36709.23
42131.94,36783.41
42239.48,36884.02
42199.06,36862.2
42020.18,36703.6
42027.49,36701.27
42131.67,36779.82
42239.41,36885.14
42192.96,36855.3
42027.04,36706.39
42040.34,36711.2
42132.55,36781.56
42239.92,36883.91
42202.17,36861.91
42026.91,36707.11
42031.76,36703.22
42130.02,36780.29
42231.23,36880.06
42193.79,36859.72
42023.09,36706.91
42027.09,36702.28
42126.62,36778.65
42234.27,36878.84
42193.27,36855.7
42021.7,36701.09
42031.63,36704.94
42123.89,36775.5
42231.96,36876.36
42194.64,36858.34
42020.12,36698.16
42021.03,36691.71
42122.49,36768.42
42229.91,36871.73
42193.23,36856.41
42029.82,36708.78
42036.14,36706.66
42130.69,36777.85
42242.54,36881.16
42210.95,36865.82
42023.82,36701.43
42029.88,36700.16
42132.1,36778.32
42237.06,36876.44
42196.98,36851.21
42028.36,36702.99
42038.38,36706.68
42126.31,36771.19
42233.62,36871.28
42200.27,36858.79
42026.66,36703.8
42030.46,36700.16
42123.52,36771.84
42229.46,36870.81
42202.28,36862.61
42018.06,36695.19
42014.98,36689.02
42112.9,36766.79
42224.12,36871.23
42195.84,36859.23
42017.79,36700.04
42021.08,36699.21
42113.84,36769.71
42226.2,36876.51
42197.75,36862.9
42022.46,36702.82
42022.55,36695.71
42117.82,36767.68
42227.68,36872.29
42203.94,36865.25
42028.43,36702.73
42028.63,36697.83
42121.19,36766.56
42225.48,36868.04
42200.0,36860.82
42032.97,36707.91
42028.45,36698.05
42126.42,36773.25
42232.03,36870.05
42203.71,36860.04
42026.11,36697.25
42023.87,36688.84
42121.79,36766.2
42234.98,36877.32
42207.2,36867.61
42033.06,36704.45
42032.36,36700.42
42135.56,36779.59
42240.59,36881.81
42208.38,36869.96
42028.5,36701.88
42025.48,36694.32
42122.11,36772.55
42228.43,36871.61
42207.09,36867.82
42034.29,36708.29
42031.83,36702.86
42123.65,36773.45
42227.59,36872.4
42205.1,36867.79
42034.04,36707.78
42032.5,36698.43
42128.88,36772.17
42232.97,36878.66
42200.2,36867.43
42030.18,36711.04
42024.7,36700.76
42122.89,36777.22
42232.03,36881.92
42210.39,36875.79
42034.87,36712.16
42035.98,36708.71
42124.34,36776.08
42234.47,36879.33
42213.35,36875.57
42032.83,36705.61
42032.61,36702.99
42128.43,36779.13
42226.18,36868.0
42204.38,36863.12
42032.21,36704.76
42032.92,36697.54
42124.3,36771.1
42229.77,36874.03
42205.93,36867.21
42029.66,36705.12
42030.44,36701.61
42122.09,36774.27
42225.82,36872.62
42200.29,36868.2
42031.74,36710.91
42033.55,36706.5
42132.28,36788.36
42233.15,36882.01
42214.09,36876.55
42039.36,36716.83
42032.07,36707.51
42126.46,36785.23
42231.7,36890.35
42209.57,36887.44
42039.63,36733.55
42033.82,36718.08
42120.07,36780.98
42227.14,36880.06
42207.8,36880.29
42027.83,36716.18
42024.34,36707.06
42115.13,36778.9
42224.37,36880.51
42205.52,36875.75
42026.6,36715.27
42025.05,36709.05
42119.22,36780.53
42221.3,36878.41
42201.84,36875.86
42028.68,36717.01
42022.51,36706.91
42121.32,36784.46
42222.53,36879.55
42212.99,36889.05
42034.6,36726.89
42022.57,36711.13
42115.13,36780.0
42211.96,36871.75
42194.62,36872.49
42018.64,36712.43
42012.96,36702.03
42110.75,36775.21
42222.87,36882.9
42199.8,36877.56
42020.32,36717.23
42010.68,36703.71
42103.93,36773.07
42209.21,36869.6
42195.02,36874.14
42021.64,36719.09
42014.3,36703.89
42109.37,36775.91
42210.02,36871.28
42188.58,36866.92
42013.97,36710.13
42006.21,36694.93
42103.15,36771.05
42204.32,36865.8
42193.52,36872.06
42017.37,36714.32
42007.62,36701.14
42100.16,36769.22
42204.03,36863.88
42194.01,36874.25
42017.16,36719.11
42010.88,36706.46
42101.7,36773.96
42209.19,36870.9
42197.03,36874.3
42020.34,36715.22
42013.79,36702.61
42105.88,36769.94
42205.1,36860.35
42198.93,36875.75
42024.96,36723.76
42007.69,36700.76
42099.35,36768.95
42207.58,36864.69
42200.16,36871.13
42010.84,36704.45
42006.7,36697.65
42102.68,36770.07
42205.5,36866.65
42194.37,36874.19
42016.54,36717.12
42006.48,36700.89
42091.13,36766.34
42196.7,36864.62
42188.67,36871.1
42013.7,36712.67
41996.54,36688.38
42093.32,36758.87
42197.14,36854.83
42186.21,36860.62
42010.1,36702.08
41996.89,36687.68
42094.17,36764.19
42196.76,36860.28
42191.53,36870.41
42018.82,36712.76
42003.44,36689.56
42098.46,36759.7
42203.91,36857.22
42206.75,36871.05
42030.82,36711.98
42012.98,36695.75
42107.94,36770.14
42204.54,36860.46
42197.14,36867.82
42025.88,36713.1
42004.98,36687.86
42094.99,36755.68
42201.63,36855.54
42198.84,36872.4
42021.14,36711.91
42007.6,36695.28
42097.97,36764.28
42205.61,36863.59
42204.94,36881.43
42027.47,36722.11
42007.06,36698.32
42090.55,36764.1
42196.61,36865.04
42201.3,36883.06
42026.78,36721.75
42012.29,36702.28
42110.91,36777.98
42213.13,36872.18
42212.96,36888.47
42032.48,36723.42
42014.86,36699.06
42111.56,36774.88
42207.82,36866.32
42208.32,36880.18
42038.58,36726.55
42018.46,36704.09
42109.37,36774.5
42216.52,36873.61
42215.11,36889.43
42033.66,36722.26
42015.15,36697.36
42100.79,36764.1
42211.13,36870.97
42210.17,36884.22
42032.72,36721.43
42006.77,36691.57
42097.09,36764.75
42208.3,36871.21
42214.42,36891.87
42032.68,36721.3
42015.18,36697.43
42112.0,36775.82
42216.36,36876.11
42220.68,36896.0
42037.89,36729.68
42010.19,36696.42
42106.93,36768.37
42207.96,36868.33
42213.82,36888.45
42037.68,36721.93
42013.86,36693.02
42111.76,36771.86
42211.47,36866.77
42214.6,36886.39
42037.28,36724.77
42012.98,36698.93
42101.52,36767.1
42204.99,36862.81
42210.95,36881.23
42037.57,36721.32
42012.76,36695.95
42098.28,36763.59
42203.47,36862.32
42205.86,36880.55
42031.87,36722.02
42005.52,36691.73
42097.48,36761.49
42209.77,36864.11
42214.38,36882.23
42037.1,36722.21
42014.37,36697.2
42104.96,36767.48
42209.46,36866.27
42216.54,36889.68
42042.45,36728.81
42011.96,36693.76
42103.24,36764.93
42209.91,36862.34
42222.62,36891.46
42046.42,36732.34
42022.29,36703.17
42111.45,36768.66
42211.63,36860.68
42223.83,36887.42
42046.51,36727.25
42012.89,36697.07
42100.83,36763.21
42204.41,36859.05
42214.51,36886.25
42042.69,36730.91
42010.13,36696.15
42099.62,36764.39
42208.65,36863.97
42211.47,36881.41
42033.55,36727.38
42016.63,36708.52
42111.31,36775.19
42209.17,36862.5
42216.54,36882.43
42037.77,36722.3
42015.33,36697.23
42108.63,36768.62
42205.52,36856.26
42222.04,36889.0
42046.07,36732.16
42014.48,36697.59
42108.72,36768.24
42208.61,36859.68
42223.85,36889.9
42044.7,36730.91
42010.19,36696.24
42106.44,36770.16
42209.66,36863.7
42226.22,36894.75
42049.13,36739.67
42018.17,36705.72
42109.63,36773.4
42210.91,36863.57
42220.01,36887.48
42046.16,36732.16
42013.48,36694.3
42106.3,36766.67
42211.02,36861.82
42228.48,36893.74
42050.71,36735.52
42016.23,36699.8
42111.24,36774.39
42211.74,36864.8
42231.92,36898.32
42058.58,36748.52
42020.85,36711.13
42111.31,36777.52
42218.98,36873.16
42226.42,36892.02
42052.17,36740.32
42025.43,36713.5
42116.23,36777.29
42221.68,36870.16
42239.01,36902.35
42059.95,36746.78
42023.29,36710.17
42109.75,36772.64
42211.92,36862.9
42235.83,36900.18
42056.68,36744.66
42016.72,36702.26
42107.31,36771.5
42212.74,36868.02
42229.89,36898.66
42055.27,36745.55
42013.66,36704.6
42105.72,36774.9
42215.8,36874.32
42226.58,36899.13
42048.01,36741.84
42013.59,36706.79
42105.16,36777.49
42211.94,36869.54
42232.3,36902.1
42056.13,36746.71
42020.09,36704.67
42112.77,36773.96
42212.25,36861.96
42232.17,36894.41
42053.2,36734.38
42017.28,36699.13
42112.81,36772.78
42221.06,36868.62
42245.82,36905.16
42064.2,36741.66
42016.09,36693.14
42113.17,36768.77
42212.59,36863.93
42236.48,36903.6
42058.47,36745.73
42019.91,36706.44
42107.73,36772.75
42204.65,36858.85
42228.41,36896.27
42057.13,36744.3
42022.62,36705.36
42108.5,36768.71
42208.16,36854.47
42226.55,36891.87
42047.63,36732.07
42010.62,36694.3
42102.59,36763.43
42205.48,36852.84
42233.2,36894.3
42060.26,36743.16
42013.14,36695.37
42105.19,36767.21
42208.63,36860.64
42232.73,36898.66
42058.61,36745.13
42013.03,36694.99
42102.39,36763.93
42200.2,36852.73
42228.21,36892.98
42061.27,36740.9
42021.28,36701.72
42104.45,36768.42
42207.11,36861.4
42236.05,36902.53
42059.34,36742.06
42016.43,36699.66
42102.62,36766.67
42203.78,36855.7
42226.02,36891.73
42051.77,36732.86
42009.45,36686.7
42096.74,36755.83
42196.92,36848.5
42234.31,36895.26
42060.46,36739.52
42005.99,36686.09
42099.93,36762.7
42205.25,36856.15
42233.02,36897.01
42060.3,36738.69
42013.48,36690.3
42102.44,36758.31
42206.89,36854.45
42232.64,36895.64
42063.23,36741.35
42017.93,36694.84
42104.56,36762.0
42205.48,36854.92
42232.91,36897.5
42060.89,36743.5
42010.1,36691.3
42101.32,36762.74
42201.14,36857.82
42231.47,36903.94
42057.69,36747.05
42009.95,36693.94
42096.11,36758.67
42196.85,36853.82
42230.22,36901.19
42064.39,36750.91
42009.57,36692.71
42096.56,36758.07
42201.81,36852.53
42238.27,36902.95
42069.74,36755.05
42015.38,36699.24
42096.45,36763.77
42202.24,36859.43
42232.12,36902.73
42055.66,36743.29
42008.43,36692.93
42099.75,36764.19
42204.41,36859.95
42236.7,36907.13
42064.73,36754.83
42010.23,36697.18
42091.89,36762.25
42194.44,36858.34
42227.45,36904.0
42057.22,36750.54
42003.8,36697.16
42094.55,36767.23
42195.55,36859.32
42230.56,36906.73
42060.53,36754.45
42009.97,36701.34
42096.92,36771.48
42197.28,36860.57
42230.4,36904.47
42062.67,36756.62
42008.09,36704.34
42095.89,36773.25
42196.34,36861.85
42237.22,36914.51
42068.24,36763.1
42013.97,36706.14
42101.59,36774.0
42200.63,36862.03
42237.8,36911.4
42070.25,36765.0
42012.11,36705.21
42100.74,36775.68
42202.48,36868.24
42243.77,36918.4
42073.76,36767.03
42015.27,36707.24
42105.72,36780.44
42204.43,36870.68
42240.44,36918.87
42067.34,36766.07
42013.54,36711.22
42106.15,36781.56
42215.25,36875.48
42248.35,36924.84
42072.64,36770.03
42010.95,36708.02
42099.09,36777.09
42201.79,36868.0
42238.52,36918.22
42072.33,36777.0
42016.79,36723.76
42101.7,36790.23
42201.32,36875.15
42244.8,36926.64
42076.62,36777.96
42012.56,36717.32
42100.36,36783.82
42201.84,36871.86
42237.06,36918.09
42065.63,36769.8
42011.06,36715.91
42097.48,36781.7
42202.53,36870.36
42243.88,36923.09
42070.41,36773.0
42011.69,36713.7
42096.13,36778.27
42203.54,36872.62
42247.28,36924.23
42076.96,36783.8
42013.37,36721.25
42098.08,36781.49
42202.42,36868.15
42247.9,36925.26
42080.33,36783.57
42015.82,36717.95
42101.54,36782.99
42201.61,36867.57
42243.03,36919.49
42069.96,36769.09
42009.1,36709.48
42095.8,36776.75
42195.93,36862.56
42238.96,36916.68
42075.21,36778.3
42012.25,36717.03
42095.57,36776.69
42197.63,36862.12
42241.42,36918.73
42074.25,36774.95
42012.7,36718.24
42094.97,36781.29
42200.0,36869.25
42241.67,36920.43
42080.82,36780.8
42016.94,36714.39
42100.31,36778.21
42208.63,36870.86
42258.39,36929.02
42088.42,36782.5
42019.33,36714.86
42098.59,36773.34
42200.0,36860.06
42254.43,36926.71
42084.33,36780.42
42018.3,36714.37
42098.79,36772.98
42200.27,36863.7
42242.92,36922.49
42077.58,36777.92
42006.21,36705.95
42094.93,36771.99
42197.52,36859.68
42252.82,36924.81
42091.98,36786.16
42023.25,36720.45
42103.96,36781.25
42202.73,36867.73
42246.76,36925.91
42081.88,36780.22
42010.06,36710.04
42096.02,36778.41
42206.71,36872.24
42254.63,36930.98
42093.27,36787.98
42026.22,36719.29
42105.34,36778.81
42207.54,36868.04
42252.62,36922.42
42091.29,36785.72
42025.37,36723.04
42108.43,36789.09
42209.43,36874.99
42258.32,36933.77
42096.45,36793.18
42024.9,36721.48
42107.46,36783.75
42206.2,36869.02
42255.28,36930.91
42091.15,36785.76
42014.59,36710.59
42096.13,36774.18
42199.51,36865.42
42255.88,36932.61
42102.53,36797.03
42027.22,36719.09
42108.88,36780.93
42207.09,36872.42
42253.47,36931.54
42090.61,36785.63
42017.79,36714.95
42099.42,36779.41
42200.16,36866.81
42256.46,36933.66
42092.36,36789.81
42017.16,36717.01
42103.49,36786.32
42201.41,36872.29
42255.1,36936.77
42097.05,36793.85
42012.85,36708.31
42097.23,36775.82
42197.28,36864.13
42253.8,36929.28
42094.26,36787.37
42017.14,36711.62
42107.22,36783.15
42205.93,36872.46
42255.19,36934.13
42095.29,36793.38
42019.45,36716.72
42096.67,36774.83
42197.25,36862.52
42252.13,36928.41
42089.34,36783.1
42013.1,36707.62
42099.8,36777.52
42197.77,36861.89
42248.06,36921.39
42090.32,36781.36
42015.24,36708.92
42102.41,36782.19
42197.32,36867.5
42256.64,36936.55
42101.86,36798.41
42023.38,36721.28
42100.7,36780.22
42209.77,36875.19
42259.66,36933.93
42101.07,36791.71
42025.37,36716.27
42101.1,36775.97
42207.87,36866.99
42263.88,36932.37
42106.08,36795.3
42025.28,36716.02
42104.89,36779.14
42202.62,36861.98
42250.36,36921.97
42089.77,36785.45
42008.11,36706.57
42084.4,36766.76
42186.37,36855.88
42246.16,36923.79
42092.09,36784.67
42011.87,36705.09
42092.2,36767.59
42195.15,36855.1
42256.91,36924.81
42097.59,36787.57
42007.49,36701.03
42088.24,36762.67
42194.82,36854.09
42250.25,36918.55
42096.58,36784.46
42020.81,36713.28
42099.55,36775.35
42197.28,36859.99
42251.75,36923.56
42097.9,36786.45
42015.04,36702.82
42094.17,36762.05
42200.79,36851.79
42254.27,36917.21
42098.5,36782.88
42020.52,36705.72
42100.63,36767.9
42204.2,36859.07
42263.01,36927.32
42106.91,36791.35
42018.35,36705.88
42100.43,36771.73
42204.99,36861.94
42266.5,36931.03
42105.57,36796.02
42017.32,36713.84
42100.76,36775.39
42199.85,36858.94
42258.36,36930.73
42102.66,36800.89
42015.2,36714.37
42097.27,36777.56
42193.07,36855.75
42252.24,36921.82
42106.57,36797.96
42017.34,36712.25
42088.98,36768.51
42192.71,36852.62
42252.3,36921.44
42098.59,36794.55
42012.41,36711.49
42096.22,36777.4
42199.78,36867.55
42262.86,36936.77
42108.79,36804.02
42017.61,36718.28
42094.55,36774.34
42191.11,36851.19
42256.33,36928.05
42101.39,36794.34
42011.64,36710.86
42092.71,36773.09
42193.03,36854.27
42256.38,36924.86
42098.68,36790.81
42007.49,36702.66
42083.19,36759.88
42188.89,36850.02
42253.65,36918.66
42102.15,36790.55
42008.49,36705.21
42083.46,36761.49
42185.61,36844.57
42247.3,36915.29
42097.99,36789.0
42009.68,36703.89
42088.13,36763.9
42189.21,36847.61
42252.91,36920.83
42097.99,36788.31
42010.5,36704.49
42085.83,36761.8
42185.77,36844.97
42252.86,36922.64
42106.73,36800.18
42009.52,36706.7
42085.94,36763.05
42188.47,36847.43
42254.61,36920.45
42104.38,36792.63
42016.72,36709.34
42091.11,36767.99
42191.78,36852.06
42257.74,36921.26
42108.72,36795.24
42012.38,36705.05
42090.32,36765.49
42189.79,36850.4
42254.65,36922.71
42107.24,36795.8
42015.38,36706.79
42091.39,36762.56
42186.19,36841.55
42259.41,36920.27
42112.85,36794.79
42014.66,36697.68
42093.07,36760.15
42191.4,36845.13
42256.15,36917.35
42106.68,36791.68
42014.08,36702.08
42089.36,36758.36
42188.6,36840.5
42264.89,36922.46
42112.54,36792.4
42015.45,36700.91
42093.34,36760.8
42191.66,36842.96
42262.97,36921.32
42122.6,36802.77
42016.38,36702.05
42093.34,36759.25
42196.65,36844.61
42266.77,36925.15
42123.27,36801.92
42026.98,36707.84
42095.66,36761.69
42189.0,36843.81
42261.16,36925.44
42115.45,36801.16
42021.93,36706.35
42092.13,36761.09
42189.34,36845.31
42266.25,36928.79
42114.42,36799.44
42013.45,36702.86
42088.96,36760.64
42196.2,36849.62
42265.49,36928.81
42116.7,36801.34
42026.89,36714.1
42108.43,36775.57
42208.32,36855.41
42271.75,36930.82
42120.7,36802.32
42017.1,36703.26
42095.11,36762.83
42196.0,36849.62
42274.59,36937.35
42132.32,36815.54
42030.18,36716.81
42097.92,36768.24
42194.71,36848.7
42263.21,36924.14
42120.59,36799.17
42022.06,36704.6
42088.94,36758.14
42193.77,36845.75
42269.81,36927.52
42120.05,36800.92
42017.23,36706.52
42094.1,36764.53
42196.09,36847.83
42266.01,36927.29
42124.59,36808.76
42021.48,36709.34
42096.54,36765.96
42196.27,36847.59
42273.94,36930.36
42126.69,36803.44
42028.61,36711.53
42098.23,36765.96
42195.93,36847.14
42266.59,36924.81
42126.98,36805.07
42030.51,36710.5
42105.68,36773.43
42202.98,36850.61
42278.37,36930.45
42135.0,36809.28
42030.49,36708.29
42101.41,36765.49
42196.98,36846.47
42272.69,36928.16
42133.89,36811.04
42031.65,36708.83
42109.81,36769.31
42203.18,36849.11
42280.63,36935.41
42139.99,36816.9
42033.53,36717.37
42098.19,36766.99
42198.53,36849.66
42278.39,36934.09
42136.84,36815.78
42030.2,36713.59
42106.08,36772.66
42207.82,36859.28
42278.05,36933.13
42136.23,36812.27
42032.07,36715.85
42102.5,36772.26
42202.64,36857.04
42284.83,36946.72
42139.72,36823.56
42036.9,36720.65
42108.09,36774.18
42208.45,36860.28
42280.36,36939.74
42136.64,36818.29
42028.34,36715.91
42108.2,36777.58
42209.66,36862.05
42283.15,36944.44
42139.3,36824.21
42031.54,36718.98
42099.84,36773.94
42202.75,36857.58
42281.92,36938.8
42143.88,36823.78
42035.89,36719.13
42102.71,36771.37
42205.99,36859.55
42290.28,36945.84
42154.07,36829.01
42046.31,36726.22
42115.51,36781.56
42215.83,36862.5
42288.34,36940.46
42152.3,36828.45
42036.05,36713.36
42109.03,36772.35
42204.18,36852.23
42290.3,36944.06
42161.02,36834.58
42043.5,36721.86
42120.88,36781.87
42216.79,36863.3
42295.89,36946.16
42155.88,36827.45
42046.56,36721.21
42110.28,36772.15
42213.37,36854.88
42292.16,36938.98
42154.94,36824.01
42040.3,36710.82
42112.32,36766.03
42209.55,36846.65
42288.79,36929.77
42158.59,36823.56
42043.92,36715.76
42107.98,36762.72
42210.62,36844.75
42289.41,36928.39
42155.59,36816.36
42043.83,36712.14
42111.73,36767.68
42206.89,36847.99
42286.1,36931.63
42154.63,36819.6
42036.61,36709.01
42100.16,36760.68
42195.98,36839.32
42283.22,36932.77
42151.52,36818.84
42036.72,36711.58
42103.93,36763.66
42201.84,36843.39
42288.0,36931.52
42152.33,36817.17
42034.89,36709.03
42101.95,36761.24
42199.38,36840.23
42284.22,36929.37
42148.13,36815.04
42030.69,36705.05
42097.23,36757.29
42200.45,36842.13
42291.36,36936.91
42155.39,36825.73
42035.63,36713.66
42099.46,36762.41
42196.2,36844.28
42282.04,36935.96
42155.75,36834.45
42041.21,36725.93
42102.44,36771.75
42205.21,36856.24
42294.1,36949.8
42162.99,36839.41
42041.2,36726.95
42107.58,36777.2
42205.86,36858.34
42285.68,36941.11
42159.08,36837.62
42035.98,36722.62
42097.9,36767.99
42202.39,36852.13
42284.71,36941.26
42157.6,36837.86
42036.99,36723.94
42107.51,36775.26
42203.18,36853.53
42290.93,36944.48
42166.25,36841.17
42044.9,36727.51
42110.3,36777.94
42205.81,36853.51
42291.93,36943.59
42167.1,36842.6
42038.29,36722.55
42101.52,36770.77
42200.88,36851.03
42291.24,36945.29
42166.92,36845.02
42038.18,36726.82
42102.88,36775.84
42210.66,36861.13
42296.38,36948.71
42169.94,36843.56
42048.91,36726.66
42113.84,36776.4
42206.06,36853.67
42294.77,36949.13
42168.75,36847.43
42038.46,36723.8
42100.76,36766.85
42208.23,36852.71
42292.89,36943.83
42171.79,36844.57
42047.16,36727.29
42105.68,36774.72
42199.73,36851.34
42287.6,36941.8
42164.95,36841.42
42041.64,36721.7
42109.86,36770.72
42209.57,36852.23
42293.66,36943.36
42165.87,36841.39
42039.14,36724.77
42100.87,36770.5
42204.12,36852.06
42293.32,36945.15
42170.57,36846.74
42040.48,36723.16
42099.84,36767.3
42196.0,36844.52
42279.39,36933.86
42161.69,36838.49
42043.81,36724.68
42100.47,36766.79
42201.01,36849.4
42289.05,36940.95
42168.82,36844.68
42040.37,36726.3
42102.57,36778.18
42199.22,36857.67
42281.79,36941.49
42165.76,36845.57
42039.18,36725.52
42104.05,36775.82
42204.41,36861.89
42291.27,36951.68
42177.72,36857.71
42049.13,36734.0
42109.34,36778.59
42204.96,36854.85
42288.0,36938.0
42175.82,36850.58
42051.12,36732.95
42109.52,36776.31
42206.91,36854.14
42293.63,36944.17
42175.77,36851.41
42048.61,36734.96
42112.43,36783.3
42209.43,36856.86
42296.18,36946.98
42176.73,36853.8
42050.98,36734.62
42106.41,36780.38
42200.18,36853.42
42291.13,36943.83
42181.29,36857.6
42054.2,36738.91
42103.82,36777.69
42194.32,36850.56
42281.32,36941.33
42170.25,36852.64
42037.91,36727.74
42098.61,36774.43
42201.39,36860.55
42287.87,36954.23
42175.57,36861.69
42049.93,36743.36
42103.89,36784.58
42204.29,36864.71
42297.19,36961.47
42179.11,36864.6
42055.66,36747.7
42112.32,36787.62
42209.95,36863.59
42298.08,36953.78
42183.37,36864.17
42052.23,36741.42
42107.13,36781.87
42209.1,36867.5
42300.43,36964.4
42179.59,36862.05
42046.82,36738.64
42105.01,36781.8
42210.6,36867.43
42294.62,36954.0
42180.82,36862.36
42048.08,36736.7
42108.9,36783.13
42206.21,36861.96
42299.69,36960.6
42186.86,36872.49
42051.32,36745.44
42105.72,36786.7
42203.47,36868.57
42292.52,36959.19
42182.64,36869.85
42045.51,36740.37
42105.75,36789.96
42210.02,36872.46
42293.54,36958.18
42182.12,36867.26
42047.12,36742.6
42112.05,36794.34
42215.49,36877.11
42320.59,36975.86
42198.93,36877.54
42039.67,36738.53
42093.45,36779.59
42195.38,36857.11
42289.97,36953.6
42188.85,36876.22
42056.66,36748.28
42112.56,36789.38
42209.79,36865.27
42300.14,36957.82
42195.09,36875.37
42054.7,36745.66
42105.61,36781.23
42209.5,36862.88
42307.85,36963.82
42200.16,36878.99
42060.48,36748.46
42116.23,36792.11
42212.45,36869.89
42303.78,36962.12
42197.25,36877.7
42059.5,36748.64
42111.78,36784.31
42203.8,36855.75
42292.72,36947.48
42188.67,36864.8
42055.05,36739.56
42115.31,36786.84
42218.09,36868.73
42310.24,36961.34
42200.74,36874.83
42065.49,36748.68
42119.31,36788.55
42214.64,36867.08
42305.57,36961.43
42201.16,36875.82
42062.16,36745.55
42112.56,36782.32
42210.15,36860.17
42302.22,36954.29
42199.18,36870.63
42063.66,36743.85
42114.73,36787.48
42206.21,36861.51
42299.13,36954.0
42197.43,36872.42
42056.62,36741.42
42106.84,36777.92
42205.61,36854.65
42296.83,36945.04
42199.15,36871.13
42064.21,36742.94
42116.07,36783.57
42214.06,36861.38
42310.69,36958.05
42209.26,36882.86
42062.85,36748.23
42110.3,36783.62
42208.94,36861.85
42306.96,36959.48
42205.81,36877.02
42065.6,36741.71
42117.93,36782.95
42215.25,36863.59
42302.3,36954.94
42202.91,36877.16
42064.26,36747.12
42113.1,36781.79
42209.34,36858.85
42301.19,36952.55
42205.46,36877.98
42063.37,36747.23
42115.58,36787.08
42216.18,36866.39
42313.82,36965.47
42217.66,36888.22
42080.87,36762.27
42127.88,36797.39
42230.45,36878.3
42321.66,36971.37
42220.43,36894.48
42079.91,36764.35
42127.58,36798.26
42229.35,36877.18
42324.5,36973.9
42224.77,36896.31
42078.59,36756.62
42121.35,36787.3
42219.38,36867.84
42312.99,36963.3
42216.43,36886.23
42076.69,36759.88
42127.92,36798.04
42222.49,36873.05
42312.81,36964.78
42215.29,36888.67
42073.56,36757.09
42122.26,36793.94
42217.44,36867.43
42313.86,36961.76
42225.59,36896.45
42082.16,36765.45
42124.61,36796.38
42223.0,36870.61
42323.5,36971.62
42233.02,36902.84
42083.17,36764.44
42128.16,36799.06
42230.33,36881.2
42323.43,36975.15
42232.97,36903.98
42085.63,36767.14
42130.42,36800.61
42226.09,36873.02
42320.86,36969.89
42226.55,36896.92
42074.09,36755.79
42120.61,36788.36
42216.54,36865.56
42310.51,36960.39
42217.39,36887.62
42074.27,36754.89
42121.5,36790.21
42220.48,36871.35
42316.34,36969.8
42220.21,36897.63
42071.82,36757.82
42119.25,36792.63
42220.16,36870.27
42314.96,36963.26
42224.41,36893.41
42079.64,36760.41
42118.31,36789.18
42220.52,36870.5
42318.33,36965.27
42226.24,36894.57
42071.82,36755.27
42116.25,36788.13
42213.35,36864.06
42307.67,36957.07
42216.16,36885.12
42067.28,36748.14
42113.84,36784.84
42216.99,36864.39
42307.29,36953.29
42221.08,36887.06
42074.97,36752.21
42116.05,36785.23
42217.82,36866.88
42312.54,36959.12
42230.11,36897.57
42082.95,36763.68
42122.91,36793.29
42215.94,36867.14
42312.72,36961.78
42230.36,36898.73
42076.46,36755.27
42116.96,36782.16
42212.48,36857.46
42313.24,36957.74
42226.54,36894.08
42073.67,36755.41
42116.41,36789.92
42211.38,36861.56
42309.3,36956.13
42224.14,36894.01
42074.09,36755.5
42113.46,36783.84
42212.0,36859.99
42308.9,36958.61
42222.18,36897.01
42072.2,36758.02
42118.78,36790.79
42216.66,36869.58
42313.64,36965.31
42234.38,36904.09
42083.64,36766.03
42116.63,36789.47
42212.92,36865.76
42314.85,36966.68
42233.04,36905.7
42078.45,36763.34
42115.27,36790.28
42217.88,36871.44
42316.34,36969.89
42237.33,36909.39
42083.26,36765.89
42120.36,36792.27
42214.26,36864.82
42311.27,36964.49
42231.54,36906.84
42078.39,36763.97
42118.04,36793.61
42212.56,36869.16
42309.19,36963.48
42240.32,36909.97
42088.36,36767.79
42123.61,36793.47
42222.87,36871.93
42326.11,36972.0
42245.55,36913.14
42084.82,36766.07
42123.89,36793.05
42225.44,36872.91
42328.66,36975.62
42236.21,36908.12
42077.76,36760.3
42114.93,36787.98
42210.8,36863.48
42313.82,36964.87
42236.93,36909.39
42081.34,36761.45
42115.71,36783.26
42210.8,36858.79
42314.45,36959.82
42235.77,36902.28
42079.82,36761.71
42116.45,36788.8
42220.3,36870.95
42313.97,36968.84
42240.13,36915.38
42093.92,36775.82
42127.43,36801.05
42224.81,36880.27
42321.42,36977.88
42240.14,36919.4
42082.72,36772.91
42114.46,36792.8
42213.79,36865.87
42313.84,36964.71
42238.45,36913.97
42079.53,36767.32
42121.48,36797.03
42219.79,36872.51
42312.07,36965.02
42243.01,36918.55
42092.67,36778.09
42121.26,36796.69
42218.78,36874.83
42318.42,36974.23
42248.51,36924.05
42096.78,36780.6
42129.44,36804.25
42228.25,36879.86
42326.91,36979.08
42257.4,36927.38
42104.89,36786.3
42135.59,36810.37
42229.77,36885.38
42319.94,36976.71
42245.11,36918.71
42094.35,36778.65
42123.34,36799.96
42220.72,36876.93
42321.35,36974.19
42248.33,36924.41
42088.47,36774.59
42121.84,36799.96
42215.36,36872.64
42311.11,36964.55
42243.7,36917.82
42089.0,36774.23
42117.77,36792.45
42217.04,36869.96
42315.61,36969.43
42247.86,36922.69
42092.22,36776.75
42125.46,36800.22
42223.2,36880.45
42321.77,36977.83
42253.54,36932.12
42094.79,36785.32
42124.03,36802.84
42216.52,36875.64
42321.73,36979.15
42255.08,36932.61
42098.3,36789.03
42128.54,36806.23
42224.39,36881.5
42321.86,36978.57
42251.57,36933.33
42087.55,36782.14
42121.01,36809.25
42219.94,36882.72
42321.02,36982.55
42253.85,36936.59
42091.69,36784.93
42127.32,36808.25
42227.34,36887.6
42329.06,36988.92
42260.31,36941.64
42098.21,36789.38
42127.52,36808.54
42223.76,36884.63
42322.63,36979.29
42261.02,36938.58
42097.23,36790.9
42123.67,36809.48
42219.56,36882.63
42322.65,36982.55
42256.22,36937.46
42094.12,36787.37
42124.12,36806.71
42223.43,36884.47
42325.73,36981.36
42257.58,36930.98
42098.21,36783.55
42124.01,36800.43
42219.67,36875.37
42319.47,36972.78
42258.61,36932.86
42103.64,36786.63
42135.34,36806.01
42229.55,36880.36
42327.45,36978.68
42269.67,36940.39
42115.8,36800.71
42136.88,36813.93
42229.89,36884.27
42328.26,36980.31
42266.72,36940.68
42108.5,36799.31
42135.18,36818.53
42230.13,36887.69
42328.88,36981.94
42270.03,36942.34
42106.35,36793.29
42131.83,36808.25
42224.86,36880.22
42323.45,36977.18
42265.94,36939.5
42104.52,36788.02
42129.19,36800.76
42219.0,36868.66
42327.86,36970.1
42275.84,36936.41
42110.75,36786.77
42138.13,36807.15
42242.65,36888.67
42339.66,36982.59
42277.03,36945.73
42111.22,36797.3
42136.41,36812.63
42234.98,36887.71
42333.87,36983.51
42276.42,36945.87
42105.9,36791.51
42120.07,36802.53
42218.13,36879.06
42324.95,36979.75
42266.95,36938.71
42103.62,36794.75
42122.69,36806.53
42220.12,36877.18
42327.86,36978.77
42273.45,36944.66
42108.76,36797.74
42127.34,36809.28
42228.05,36886.73
42329.96,36984.85
42274.39,36947.1
42107.51,36793.29
42135.68,36808.92
42231.43,36885.56
42335.14,36988.49
42282.08,36956.2
42110.66,36801.68
42133.91,36816.14
42230.11,36890.28
42331.63,36986.82
42278.86,36955.01
42112.12,36804.63
42128.72,36812.38
42223.14,36882.57
42325.48,36977.0
42274.16,36943.48
42099.91,36785.29
42122.96,36799.89
42225.33,36880.46
42330.67,36985.3
42273.9,36951.7
42109.84,36802.5
42125.17,36808.49
42217.28,36875.57
42324.86,36978.5
42277.74,36951.7
42114.95,36803.69
42136.34,36816.21
42226.73,36889.63
42329.15,36988.31
42276.25,36954.16
42100.98,36796.74
42122.8,36809.3
42222.51,36882.59
42328.79,36982.26
42284.96,36957.02
42113.5,36802.93
42128.99,36812.79
42227.23,36891.33
42331.45,36989.79
42281.12,36960.64
42112.72,36805.77
42132.34,36818.82
42224.9,36891.39
42321.8,36983.38
42273.96,36953.94
42109.03,36801.23
42129.66,36814.75
42228.01,36890.57
42332.44,36988.76
42290.24,36963.21
42118.69,36807.53
42126.58,36812.14
42223.43,36889.96
42322.42,36984.71
42275.95,36954.14
42103.87,36796.58
42127.65,36809.93
42223.94,36884.27
42334.67,36990.93
42289.39,36965.18
42117.46,36809.54
42129.53,36814.62
42226.45,36893.77
42325.39,36991.44
42276.82,36967.3
42111.18,36814.15
42133.21,36826.13
42232.75,36901.9
42335.21,36997.63
42293.28,36975.15
42118.2,36816.43
42128.52,36820.36
42223.67,36891.62
42327.21,36986.17
42283.89,36966.39
42108.76,36811.89
42125.95,36821.43
42216.86,36891.02
42324.05,36990.75
42281.86,36967.77
42111.94,36814.39
42125.73,36821.84
42221.77,36895.2
42327.39,36997.68
42285.36,36972.18
42120.7,36822.57
42132.72,36826.69
42224.99,36897.03
42323.92,36992.47
42286.37,36971.71
42115.04,36816.07
42133.53,36829.88
42234.47,36909.9
42330.67,37000.09
42291.69,36981.03
42122.35,36825.77
42139.59,36835.02
42237.44,36908.07
42337.8,37005.34
42300.65,36985.18
42124.92,36825.73
42137.35,36831.07
42232.17,36902.01
42330.0,36997.57
42291.24,36976.73
42122.0,36823.74
42138.25,36830.29
42237.31,36905.55
42339.32,37003.16
42291.38,36974.12
42120.09,36817.77
42124.43,36821.32
42219.52,36896.87
42327.05,36996.56
42294.17,36981.27
42115.71,36818.95
42123.0,36818.84
42221.53,36894.5
42321.28,36989.07
42282.66,36970.48
42111.42,36817.61
42121.14,36824.63
42220.72,36898.46
42327.96,36996.79
42294.26,36984.49
42120.43,36827.47
42126.06,36825.64
42221.75,36900.52
42328.04,37002.64
42294.93,36989.3
42123.34,36833.89
42130.0,36830.22
42234.98,36909.97
42336.5,37006.31
42299.07,36989.59
42123.45,36831.96
42127.43,36828.05
42218.93,36894.37
42320.14,36991.0
42288.36,36979.46
42113.66,36820.39
42124.18,36823.58
42222.98,36895.04
42324.95,36990.48
42289.92,36973.09
42117.19,36813.12
42125.57,36815.71
42222.87,36895.06
42327.86,36992.89
42299.76,36983.26
42128.86,36827.2
42132.48,36823.02
42230.63,36898.53
42343.77,37003.49
42313.95,36991.13
42135.52,36831.92
42144.32,36834.4
42238.29,36905.79
42340.84,37003.73
42310.2,36992.8
42130.27,36829.37
42135.14,36825.3
42235.88,36900.18
42333.42,36992.98
42301.48,36981.23
42121.86,36821.46
42133.17,36825.86
42233.02,36900.36
42333.18,36994.5
42310.09,36989.86
42130.42,36828.95
42136.52,36825.17
42235.88,36895.93
42340.98,36994.59
42309.57,36984.45
42134.29,36827.85
42137.91,36826.2
42231.81,36897.61
42338.36,36997.34
42312.99,36989.54
42133.15,36825.04
42138.13,36820.34
42223.36,36885.2
42330.49,36988.43
42309.32,36985.43
42134.6,36828.48
42134.11,36822.91
42230.56,36897.77
42329.4,36990.48
42307.56,36986.41
42135.79,36830.27
42136.08,36822.06
42234.8,36897.18
42337.67,36996.41
42307.29,36989.54
42124.97,36827.92
42127.16,36824.7
42227.9,36900.85
42327.86,36993.12
42304.72,36989.07
42127.74,36830.13
42129.3,36823.85
42220.81,36891.87
42323.12,36986.01
42303.27,36983.2
42123.65,36825.01
42125.39,36821.86
42221.39,36895.49
42325.26,36991.09
42304.59,36987.57
42128.66,36830.82
42128.34,36823.18
42221.91,36893.21
42320.7,36986.73
42298.29,36983.87
42121.59,36824.34
42119.63,36815.76
42213.23,36888.31
42319.09,36985.74
42300.32,36982.93
42122.42,36822.13
42113.77,36809.37
42210.26,36882.28
42314.33,36978.59
42295.98,36976.64
42125.75,36821.12
42120.07,36809.88
42217.93,36882.52
42325.26,36989.05
42303.78,36987.84
42122.2,36824.99
42113.05,36812.61
42212.16,36887.91
42311.71,36980.2
42297.12,36980.67
42123.65,36827.45
42115.63,36815.4
42211.8,36889.41
42315.72,36985.56
42300.88,36983.22
42119.69,36823.52
42115.54,36816.63
42210.2,36889.5
42313.17,36983.44
42303.71,36989.7
42129.68,36830.89
42127.11,36822.69
42220.52,36897.68
42327.86,37002.48
42310.46,37004.43
42133.04,36846.47
42124.23,36829.8
42215.38,36901.34
42323.45,37004.36
42305.35,37000.63
42127.98,36840.23
42117.59,36821.73
42209.55,36892.78
42318.67,36995.45
42302.64,36996.56
42124.97,36838.11
42120.12,36827.71
42219.43,36901.61
42320.39,36995.51
42304.7,36998.62
42133.17,36841.35
42122.64,36824.3
42213.75,36894.21
42321.11,36993.93
42309.7,37000.92
42133.75,36842.04
42124.27,36827.8
42211.63,36893.52
42316.19,36991.0
42310.04,36999.73
42133.71,36845.08
42115.2,36822.66
42211.52,36896.49
42319.96,36998.62
42308.61,37004.07
42129.19,36842.18
42118.6,36826.66
42212.25,36897.34
42315.11,36991.2
42304.74,36997.37
42128.86,36839.68
42112.54,36819.25
42202.3,36886.61
42314.53,36990.57
42305.01,36999.38
42133.73,36847.34
42122.51,36831.25
42214.93,36899.8
42316.16,36994.89
42300.9,36995.91
42122.26,36834.64
42110.64,36817.41
42206.71,36893.61
42308.97,36986.35
42304.45,37000.36
42126.91,36842.0
42111.58,36823.65
42204.16,36894.55
42307.56,36986.75
42300.09,36995.49
42126.69,36838.76
42108.63,36814.98
42200.7,36888.02
42307.13,36985.39
42299.36,36994.37
42120.83,36836.23
42106.28,36816.81
42202.8,36890.57
42302.53,36983.78
42293.9,36992.2
42123.49,36838.96
42114.08,36824.39
42206.82,36893.39
42314.2,36990.32
42309.41,37002.13
42127.07,36839.74
42117.61,36826.64
42216.23,36901.34
42316.95,36993.43
42315.0,37008.96
42138.94,36848.77
42124.16,36828.16
42218.4,36901.3
42324.5,36996.88
42321.93,37011.36
42145.55,36850.76
42125.46,36826.87
42219.38,36901.14
42319.99,36994.84
42317.15,37009.82
42136.48,36847.81
42120.39,36827.61
42212.54,36900.92
42313.73,36995.06
42312.61,37008.0
42132.81,36844.01
42120.39,36827.49
42215.61,36903.71
42318.2,36998.68
42313.62,37010.02
42132.32,36845.57
42114.78,36822.73
42207.09,36892.04
42311.29,36990.14
42311.63,37005.82
42131.79,36844.88
42110.53,36822.98
42204.92,36895.42
42308.95,36994.57
42311.71,37013.95
42136.93,36854.58
42114.53,36828.77
42212.59,36903.78
42319.09,37002.82
42322.67,37019.36
42138.38,36855.03
42113.32,36823.07
42212.48,36897.45
42320.86,36995.24
42324.52,37014.09
42147.45,36855.97
42124.61,36833.5
42214.53,36902.57
42318.89,36995.91
42318.13,37011.45
42136.84,36849.33
42115.22,36825.13
42208.09,36897.68
42311.8,36993.1
42321.53,37018.45
42144.68,36859.05
42123.74,36831.79
42216.39,36902.06
42319.99,36998.15
42327.0,37022.33
42149.71,36864.39
42129.71,36838.63
42221.86,36905.68
42321.46,36994.95
42330.09,37019.7
42161.11,36869.83
42138.74,36844.08
42228.34,36910.04
42329.6,36999.02
42331.32,37019.14
42150.43,36859.61
42118.04,36828.5
42212.72,36900.45
42316.1,36995.38
42325.6,37017.48
42150.07,36862.0
42123.31,36834.2
42219.34,36909.41
42326.18,37007.47
42329.24,37026.25
42147.14,36863.41
42125.68,36839.27
42217.14,36911.31
42314.27,36997.52
42320.7,37018.04
42147.63,36863.48
42123.94,36833.75
42214.8,36905.32
42322.42,37003.13
42335.57,37029.2
42154.74,36866.23
42128.3,36836.95
42223.18,36907.71
42323.12,36997.19
42332.82,37028.19
42153.13,36871.01
42122.66,36837.33
42213.04,36901.63
42325.22,37000.09
42336.21,37024.59
42156.46,36863.19
42124.97,36828.39
42222.31,36905.93
42326.18,37000.47
42341.33,37029.91
42165.36,36876.96
42131.79,36841.89
42222.71,36908.79
42325.06,37002.08
42333.75,37026.29
42155.16,36870.23
42125.86,36841.21
42219.29,36912.03
42320.25,37002.71
42330.47,37027.41
42152.84,36868.84
42120.7,36830.73
42211.13,36900.7
42318.54,37000.81
42337.02,37033.44
42163.61,36878.32
42128.52,36840.52
42223.63,36915.89
42329.75,37009.73
42343.1,37036.82
42161.87,36877.18
42127.05,36839.9
42219.52,36908.61
42324.1,36997.5
42341.4,37028.1
42163.12,36875.15
42131.72,36839.16
42227.23,36911.18
42334.14,37010.51
42350.92,37041.55
42171.91,36882.07
42138.38,36848.26
42229.04,36915.43
42325.95,37000.05
42343.9,37028.77
42160.6,36867.43
42126.06,36828.1
42222.87,36907.2
42331.83,37005.19
42353.34,37042.07
42173.45,36887.15
42139.54,36846.98
42233.38,36910.86
42335.63,37002.15
42352.8,37034.98
42174.93,36881.43
42136.64,36845.48
42226.82,36915.04
42334.79,37009.68
42353.16,37040.39
42177.88,36888.38
42144.01,36853.36
42232.3,36920.86
42330.22,37008.36
42344.57,37038.36
42171.55,36884.49
42136.48,36846.18
42226.87,36912.72
42331.7,37005.17
42351.17,37036.57
42175.48,36881.59
42131.38,36835.02
42221.91,36901.48
42333.6,37002.17
42348.84,37032.32
42172.73,36879.62
42135.63,36841.35
42230.73,36912.25
42329.69,37000.29
42345.56,37030.13
42167.17,36873.22
42130.29,36838.09
42222.38,36913.3
42324.21,37004.61
42352.51,37044.62
42176.36,36888.4
42133.42,36842.78
42225.89,36909.86
42336.1,37005.64
42356.2,37042.41
42183.98,36892.49
42141.84,36849.78
42230.2,36914.42
42331.3,37003.8
42358.48,37040.95
42187.02,36890.61
42155.3,36854.88
42250.23,36925.82
42347.46,37012.34
42364.78,37046.38
42185.96,36891.51
42140.21,36846.07
42228.34,36911.36
42339.1,37009.59
42365.67,37049.22
42187.93,36892.85
42145.09,36847.99
42237.82,36917.26
42338.49,37007.38
42362.95,37046.63
42184.09,36892.54
42140.99,36850.52
42228.99,36913.26
42333.15,37006.78
42354.45,37041.78
42182.66,36889.92
42141.22,36845.02
42230.78,36914.96
42340.21,37015.56
42365.5,37052.51
42182.23,36890.32
42136.19,36842.71
42227.47,36909.19
42325.62,37000.7
42360.82,37051.46
42191.57,36902.46
42141.84,36851.86
42237.46,36922.98
42337.51,37010.8
42359.15,37045.89
42184.87,36893.65
42142.85,36848.97
42230.85,36915.04
42331.27,37004.07
42357.25,37047.23
42185.56,36897.07
42143.18,36853.51
42226.45,36916.39
42331.16,37008.43
42358.97,37049.13
42190.57,36899.22
42139.03,36846.07
42230.71,36915.83
42335.63,37011.83
42368.27,37057.7
42194.1,36899.46
42145.89,36850.22
42233.08,36918.02
42332.06,37005.91
42358.63,37045.42
42190.01,36895.06
42138.54,36840.73
42227.56,36909.43
42333.35,37004.36
42365.34,37047.55
42196.16,36897.86
42141.51,36842.02
42229.95,36910.42
42335.23,37008.14
42367.75,37053.34
42201.34,36907.8
42155.23,36859.3
42238.18,36923.18
42334.63,37007.43
42362.95,37047.66
42194.3,36899.8
42144.39,36850.4
42227.68,36912.56
42337.13,37009.66
42367.11,37053.6
42193.12,36899.53
42140.03,36845.64
42232.86,36917.04
42336.19,37008.36
42369.88,37056.31
42197.05,36906.51
42145.66,36850.63
42240.46,36920.7
42344.8,37009.97
42379.04,37054.34
42206.33,36907.29
42147.36,36849.75
42238.83,36921.23
42338.79,37012.05
42368.04,37054.23
42196.65,36903.11
42143.18,36848.44
42231.45,36916.81
42342.18,37013.06
42382.53,37064.13
42216.83,36921.73
42156.17,36866.12
42241.04,36931.99
42343.41,37021.26
42371.95,37060.35
42199.67,36911.42
42148.21,36858.2
42234.92,36923.7
42335.81,37012.05
42379.33,37065.52
42208.32,36915.16
42143.03,36851.36
42234.4,36922.13
42341.58,37016.59
42377.97,37064.22
42205.52,36909.95
42144.86,36849.78
42230.02,36915.6
42331.05,37003.6
42371.08,37053.8
42202.68,36905.95
42152.21,36857.38
42240.97,36924.41
42344.13,37016.54
42378.53,37063.1
42202.89,36912.96
42147.61,36857.87
42238.76,36923.09
42348.71,37018.18
42388.05,37066.57
42212.77,36915.43
42151.61,36858.36
42235.99,36926.36
42340.75,37015.63
42377.18,37065.47
42207.27,36918.51
42145.69,36861.64
42231.41,36927.25
42337.8,37018.09
42377.88,37069.09
42209.66,36921.35
42148.32,36859.77
42238.67,36929.64
42341.0,37016.63
42387.91,37071.44
42219.0,36924.34
42151.28,36856.3
42234.13,36920.05
42339.88,37013.23
42382.62,37066.59
42212.74,36922.46
42157.76,36867.77
42244.75,36931.29
42344.55,37018.33
42386.5,37069.09
42216.99,36924.07
42149.38,36857.94
42239.18,36923.79
42346.74,37014.49
42383.36,37066.21
42213.1,36919.96
42150.7,36858.45
42235.56,36921.3
42341.11,37011.43
42391.22,37071.57
42221.19,36924.7
42159.05,36862.92
42240.55,36923.89
42346.94,37014.11
42387.22,37062.75
42210.91,36913.43
42148.41,36853.06
42234.85,36918.06
42339.77,37009.95
42390.11,37072.16
42221.75,36923.76
42153.85,36859.12
42238.05,36923.7
42347.64,37017.26
42392.12,37071.77
42223.52,36923.98
42157.91,36863.46
42238.78,36925.28
42344.77,37014.4
42390.48,37072.67
42221.97,36927.92
42148.19,36857.49
42233.82,36923.83
42344.13,37019.54
42393.64,37076.65
42230.18,36937.17
42168.89,36878.34
42249.82,36939.68
42352.71,37022.33
42400.21,37079.91
42227.61,36932.03
42161.54,36866.21
42247.75,36933.82
42351.3,37023.25
42398.75,37081.7
42233.8,36940.01
42164.82,36871.84
42245.29,36932.61
42345.02,37017.68
42391.04,37076.16
42220.97,36929.68
42150.8,36862.9
42235.0,36927.47
42337.22,37015.7
42386.59,37075.2
42219.32,36930.89
42156.86,36873.34
42246.25,36942.2
42341.71,37020.84
42389.16,37076.8
42227.54,36939.7
42157.82,36888.63
42243.99,36962.61
42349.67,37029.6
42400.7,37077.65
42227.92,36938.47
42147.77,36865.67
42235.14,36937.64
42333.93,37029.35
42383.58,37075.8
42212.12,36916.97
42139.88,36852.84
42224.41,36919.63
42325.73,37006.42
42378.86,37072.85
42214.15,36939.14
42143.7,36870.79
42229.77,36929.02
42333.49,37013.97
42386.98,37078.75
42226.36,36939.45
42150.11,36864.15
42232.34,36929.15
42339.81,37022.29
42390.91,37082.32
42231.92,36942.45
42156.75,36872.49
42240.66,36935.38
42342.11,37022.0
42394.95,37087.13
42232.1,36946.89
42161.76,36876.42
42245.2,36939.74
42342.61,37023.2
42397.32,37086.19
42232.91,36948.35
42156.62,36875.53
42239.54,36934.04
42337.58,37017.3
42388.59,37075.91
42232.7,36940.97
42155.34,36865.82
42233.73,36926.58
42335.23,37014.27
42387.24,37075.2
42225.71,36933.64
42150.2,36857.38
42225.93,36919.61
42325.22,37005.57
42382.97,37070.88
42225.77,36934.58
42148.55,36859.9
42227.27,36921.79
42331.97,37011.61
42385.9,37078.17
42224.23,36941.91
42152.17,36871.61
42231.34,36930.91
42327.32,37007.85
42384.18,37072.96
42228.5,36937.31
42156.42,36866.03
42238.4,36928.41
42340.42,37014.22
42399.58,37082.41
42236.37,36942.85
42158.47,36868.06
42243.66,36934.98
42346.56,37021.33
42398.84,37084.96
42239.27,36948.39
42162.25,36872.51
42242.43,36933.55
42341.45,37021.15
42397.3,37091.07
42242.14,36958.41
42164.39,36879.57
42248.95,36944.21
42339.48,37022.0
42388.92,37081.74
42234.2,36949.85
42158.61,36875.17
42234.49,36929.77
42333.78,37015.36
42390.71,37082.17
42234.67,36946.47
42153.46,36865.65
42232.75,36926.78
42335.39,37015.36
42389.93,37082.84
42235.61,36950.2
42155.48,36870.25
42238.56,36936.5
42341.31,37024.14
42396.95,37086.64
42239.07,36950.81
42162.86,36876.33
42242.52,36938.07
42342.5,37022.36
42397.35,37086.71
42243.57,36956.29
42162.65,36878.3
42241.93,36936.82
42346.41,37024.25
42404.41,37089.28
42249.51,36954.43
42163.55,36874.99
42242.65,36936.68
42348.64,37026.2
42404.01,37093.12
42248.11,36958.12
42160.51,36872.24
42246.61,36938.4
42348.69,37024.7
42408.7,37095.42
42251.25,36960.13
42163.1,36874.41
42249.94,36945.38
42349.91,37026.63
42405.93,37094.71
42249.71,36961.54
42161.09,36874.03
42242.83,36937.73
42349.31,37032.73
42411.56,37103.98
42251.64,36961.96
42163.91,36871.17
42244.77,36931.54
42343.7,37014.24
42406.53,37088.18
42250.14,36957.13
42162.12,36869.18
42243.36,36932.66
42342.16,37019.2
42402.84,37090.06
42253.47,36961.69
42163.21,36873.43
42244.21,36936.95
42342.25,37021.21
42408.66,37093.57
42254.56,36963.26
42168.09,36881.67
42248.91,36945.11
42347.23,37025.15
42411.74,37097.88
42255.86,36965.71
42167.41,36878.57
42242.47,36936.28
42341.96,37020.66
42412.41,37097.01
42256.38,36966.7
42169.18,36885.23
42247.32,36942.58
42351.44,37029.31
42411.65,37097.64
42253.22,36963.64
42162.72,36878.54
42245.06,36940.23
42353.38,37029.04
42417.95,37098.71
42269.25,36974.12
42177.0,36889.25
42256.55,36950.74
42354.16,37034.67
42420.3,37108.79
42267.15,36980.13
42175.48,36890.88
42253.8,36950.76
42356.09,37039.39
42417.02,37103.4
42264.93,36976.47
42167.3,36888.09
42242.88,36948.48
42343.1,37032.08
42410.33,37104.52
42253.2,36970.48
42168.42,36890.82
42250.65,36953.6
42349.45,37034.36
42421.29,37113.48
42263.26,36979.33
42164.48,36888.51
42241.42,36944.26
42340.39,37022.55
42417.86,37103.18
42268.67,36977.25
42172.29,36890.08
42245.85,36949.54
42338.88,37026.69
42403.34,37097.73
42253.36,36973.16
42153.8,36884.24
42234.69,36944.88
42336.01,37024.64
42406.93,37100.32
42255.73,36971.04
42158.12,36880.45
42233.64,36939.52
42336.32,37020.88
42411.92,37103.4
42264.44,36978.79
42163.52,36881.52
42244.75,36946.4
42349.29,37033.44
42414.11,37102.64
42262.86,36974.55
42168.71,36886.59
42243.45,36943.99
42349.13,37035.34
42418.85,37111.76
42268.15,36987.09
42167.53,36891.17
42244.8,36944.77
42342.88,37023.12
42411.29,37097.99
42261.09,36972.71
42163.37,36882.7
42242.56,36943.54
42342.18,37027.88
42415.85,37107.96
42271.59,36990.39
42172.62,36894.26
42246.56,36946.61
42341.29,37024.79
42404.9,37095.54
42261.36,36978.9
42162.27,36888.94
42236.39,36945.62
42340.89,37031.45
42413.46,37111.67
42274.79,36997.5
42172.62,36901.23
42249.8,36958.12
42348.11,37036.32
42415.09,37108.52
42269.7,36989.12
42169.87,36896.16
42244.01,36953.45
42347.86,37038.88
42421.11,37116.52
42276.71,36996.5
42174.19,36901.86
42248.95,36958.12
42349.16,37038.88
42421.0,37116.37
42280.51,36999.29
42178.48,36898.46
42247.01,36955.16
42348.29,37040.26
42421.66,37117.8
42276.2,36993.77
42177.25,36898.82
42255.46,36956.69
42356.02,37038.43
42429.06,37119.63
42289.01,37002.75
42188.94,36906.53
42259.3,36956.55
42349.22,37033.35
42424.62,37116.21
42284.76,36996.07
42179.26,36897.61
42250.16,36954.43
42351.19,37038.67
42427.1,37119.94
42284.45,37000.16
42175.28,36895.91
42245.8,36950.23
42342.2,37028.55
42420.32,37107.65
42285.83,36998.73
42179.84,36901.23
42251.75,36955.12
42351.66,37036.21
42429.87,37118.71
42291.8,37005.7
42184.42,36904.74
42250.29,36951.99
42351.88,37035.34
42433.45,37118.02
42290.91,37000.36
42185.88,36902.13
42252.02,36949.54
42351.55,37029.87
42435.14,37119.74
42303.76,37011.78
42192.85,36905.81
42259.28,36956.86
42357.7,37037.93
42430.89,37116.39
42293.34,36999.27
42182.14,36894.3
42260.44,36951.88
42362.68,37038.67
42440.73,37125.98
42302.08,37010.22
42191.0,36904.98
42259.3,36955.9
42353.18,37033.24
42427.07,37112.37
42290.91,37001.08
42180.07,36893.36
42250.34,36944.46
42346.96,37027.03
42416.7,37103.4
42287.64,36993.34
42180.18,36888.96
42254.38,36947.72
42353.58,37030.67
42426.79,37111.45
42289.41,36999.8
42179.44,36896.0
42254.92,36954.09
42353.38,37032.5
42426.14,37111.74
42291.87,36997.46
42182.9,36891.96
42255.32,36947.16
42354.25,37027.72
42434.43,37113.98
42298.77,37004.21
42184.94,36895.26
42252.73,36947.45
42353.8,37027.41
42429.76,37104.79
42294.98,36995.36
42182.95,36892.58
42254.25,36947.45
42349.58,37022.36
42425.42,37105.53
42291.6,36995.71
42179.11,36886.81
42245.06,36937.06
42348.6,37019.94
42422.34,37100.05
42293.48,36996.14
42176.27,36885.92
42241.87,36936.5
42344.44,37019.02
42422.96,37099.49
42290.26,36989.83
42179.28,36890.12
42243.48,36941.75
42344.17,37025.2
42422.67,37104.68
42290.41,36996.7
42176.58,36891.57
42243.39,36942.31
42343.99,37021.59
42425.91,37109.21
42290.04,36997.48
42176.64,36891.93
42248.15,36944.57
42350.47,37028.19
42431.63,37113.98
42298.39,37006.51
42181.41,36899.0
42248.13,36948.39
42346.79,37030.34
42428.48,37116.55
42297.86,37005.97
42182.1,36900.29
42243.41,36947.57
42341.45,37025.26
42430.81,37117.89
42299.22,37009.41
42177.67,36894.5
42242.96,36943.59
42346.47,37029.48
42428.3,37115.25
42295.38,37005.26
42178.93,36895.38
42248.04,36950.7
42344.33,37029.39
42425.73,37113.57
42302.98,37014.06
42179.21,36898.32
42243.21,36941.24
42342.43,37020.7
42423.65,37105.08
42299.58,37003.6
42183.55,36896.27
42251.66,36949.98
42347.28,37024.64
42424.48,37107.2
42297.34,37007.74
42179.37,36898.01
42247.01,36946.54
42345.8,37025.46
42429.4,37111.79
42301.7,37008.27
42182.23,36897.97
42254.59,36953.82
42350.25,37029.69
42429.04,37111.83
42312.21,37014.35
42190.48,36902.41
42252.84,36952.08
42356.87,37036.44
42442.12,37125.15
42318.09,37021.46
42191.93,36902.5
42256.31,36952.06
42348.02,37028.01
42436.13,37120.17
42312.39,37018.09
42189.05,36902.15
42254.72,36951.63
42352.44,37035.57
42438.9,37125.4
42310.91,37022.73
42181.85,36901.57
42243.19,36949.11
42341.42,37024.01
42431.84,37118.36
42309.13,37022.49
42185.86,36909.57
42246.5,36956.26
42344.55,37032.01
42430.43,37122.47
42308.7,37025.3
42179.39,36901.93
42247.48,36952.91
42357.56,37038.85
42440.24,37129.04
42314.82,37029.64
42189.09,36909.17
42254.45,36959.55
42347.7,37037.71
42437.02,37131.86
42314.04,37033.02
42187.53,36914.8
42247.77,36961.49
42345.98,37038.65
42435.63,37126.56
42316.23,37027.36
42193.66,36916.0
42253.49,36964.11
42350.61,37042.09
42431.16,37125.2
42313.26,37031.5
42188.87,36916.45
42250.74,36964.2
42343.21,37036.35
42426.98,37119.14
42314.4,37028.59
42184.27,36905.81
42244.3,36953.09
42344.37,37034.67
42432.8,37128.14
42307.05,37027.0
42178.68,36905.72
42243.61,36952.95
42344.35,37035.48
42430.83,37126.11
42310.46,37030.0
42181.29,36910.35
42243.1,36957.13
42339.88,37033.78
42430.2,37126.98
42315.47,37038.25
42185.74,36917.55
42244.19,36959.48
42347.23,37044.86
42431.3,37132.01
42314.89,37039.63
42190.41,36920.23
42245.8,36959.59
42342.29,37035.88
42433.2,37128.35
42317.84,37036.64
42190.66,36917.48
42244.26,36955.48
42342.18,37035.45
42434.63,37132.01
42316.39,37033.73
42182.88,36905.99
42239.86,36948.77
42340.3,37031.9
42427.88,37125.89
42312.5,37036.35
42183.35,36918.78
42241.91,36965.4
42334.71,37035.34
42429.51,37130.38
42318.8,37039.03
42187.73,36915.94
42240.35,36953.38
42341.54,37034.0
42431.1,37132.41
42314.8,37041.33
42187.98,36921.01
42243.45,36963.46
42335.97,37038.0
42420.21,37126.43
42304.43,37032.91
42176.76,36911.74
42237.38,36959.57
42332.13,37038.71
42426.29,37135.86
42316.95,37049.96
42184.42,36925.13
42234.78,36963.59
42330.11,37039.57
42420.32,37127.23
42314.09,37045.02
42182.12,36924.45
42239.1,36964.22
42339.52,37043.79
42424.37,37130.16
