42390.28,32890.5
42321.64,32897.39
42344.66,32916.83
42433.0,32929.89
42471.49,32928.68
42394.42,32901.41
42327.88,32909.95
42365.29,32937.29
42453.47,32939.83
42466.88,32914.26
42387.49,32894.86
42313.62,32902.73
42338.79,32926.02
42427.88,32937.84
42461.0,32917.43
42389.55,32899.91
42324.57,32920.39
42345.49,32939.12
42431.86,32931.96
42472.09,32918.39
42390.15,32896.0
42316.16,32904.4
42354.39,32936.88
42440.73,32937.84
42466.88,32913.25
42389.03,32896.8
42320.86,32908.7
42341.64,32921.59
42443.23,32933.53
42477.97,32921.08
42388.59,32890.21
42324.9,32905.1
42353.58,32934.16
42439.82,32941.6
42471.44,32923.83
42393.77,32914.3
42321.04,32916.41
42343.16,32928.93
42447.59,32949.78
42484.85,32934.54
42400.5,32906.55
42333.11,32914.71
42364.33,32946.71
42445.0,32939.12
42481.43,32919.63
42398.22,32902.53
42318.31,32912.34
42341.42,32931.07
42442.16,32941.87
42479.33,32923.47
42397.61,32904.43
42319.47,32909.12
42340.89,32934.54
42427.25,32929.68
42470.41,32923.47
42390.62,32905.16
42318.02,32902.48
42338.52,32920.14
42424.46,32937.11
42460.67,32918.15
42386.8,32901.68
42312.59,32910.84
42335.81,32933.46
42432.35,32949.02
42462.3,32922.69
42398.02,32913.75
42327.07,32930.29
42344.28,32950.18
42436.08,32956.15
42462.84,32925.53
42381.88,32899.89
42312.23,32912.83
42335.01,32933.42
42428.28,32942.63
42469.16,32932.19
42390.57,32912.92
42312.61,32910.33
42339.21,32944.28
42430.88,32950.07
42471.78,32929.28
42392.56,32903.53
42311.94,32902.86
42334.79,32926.04
42433.67,32946.2
42466.21,32931.76
42383.71,32906.04
42309.86,32911.49
42335.16,32936.66
42432.37,32951.79
42465.21,32933.13
42390.95,32907.78
42320.21,32920.36
42331.48,32942.43
42424.64,32947.72
42466.64,32937.6
42388.61,32914.26
42318.51,32920.36
42336.82,32937.71
42431.84,32961.11
42468.54,32943.88
42395.71,32918.51
42307.0,32908.54
42331.41,32939.52
42437.64,32964.64
42463.71,32937.48
42385.95,32916.72
42321.11,32932.41
42352.04,32960.62
42451.28,32976.71
42482.08,32948.39
42399.52,32912.34
42325.73,32922.11
42352.48,32953.67
42442.68,32961.74
42477.84,32948.3
42398.48,32919.71
42325.38,32929.46
42340.04,32947.97
42428.39,32967.28
42459.26,32942.18
42378.7,32901.43
42313.48,32914.24
42341.2,32945.15
42439.99,32962.05
42471.87,32940.39
42394.24,32915.82
42330.83,32931.58
42355.28,32957.04
42438.83,32961.25
42473.54,32945.44
42392.03,32923.18
42318.87,32924.34
42346.7,32950.2
42441.96,32967.46
42472.87,32938.69
42400.32,32917.26
42331.21,32935.25
42355.28,32972.02
42451.17,32975.93
42479.42,32939.81
42404.39,32917.84
42325.64,32923.16
42341.2,32942.38
42440.08,32960.26
42468.67,32946.18
42394.08,32932.97
42316.88,32934.18
42342.59,32955.28
42437.91,32965.6
42471.24,32946.07
42396.43,32920.52
42318.54,32927.34
42340.37,32960.2
42435.7,32976.33
42462.66,32946.67
42386.64,32924.75
42304.0,32924.41
42330.38,32956.17
42424.55,32968.82
42468.87,32953.2
42396.86,32929.84
42324.19,32933.91
42353.56,32974.3
42443.03,32981.05
42483.24,32959.23
42415.41,32938.96
42327.52,32939.7
42344.13,32967.01
42433.06,32971.21
42471.84,32950.4
42406.2,32933.82
42327.54,32936.61
42351.48,32972.38
42441.22,32988.25
42476.23,32957.24
42412.79,32942.85
42333.51,32957.15
42348.13,32973.36
42436.3,32965.56
42483.29,32953.8
42412.46,32939.05
42329.71,32945.02
42358.88,32974.68
42447.5,32986.01
42479.18,32958.9
42403.0,32931.02
42317.48,32934.16
42340.15,32966.61
42439.55,32972.8
42476.7,32949.96
42401.73,32926.73
42327.52,32934.71
42343.28,32961.98
42434.79,32974.1
42463.78,32949.78
42402.58,32936.39
42330.61,32946.61
42343.21,32980.36
42438.38,32996.0
42473.86,32962.54
42403.79,32942.27
42320.41,32945.04
42337.33,32967.73
42434.85,32986.32
42477.01,32971.26
42417.66,32946.71
42338.14,32948.79
42346.21,32972.09
42439.1,32987.62
42477.21,32971.68
42412.32,32959.75
42343.55,32977.9
42359.62,33003.45
42454.41,33013.68
42499.18,33003.54
42411.96,32977.41
42333.8,32979.86
42359.53,33012.72
42450.5,33023.96
42487.74,33003.18
42417.22,32977.83
42342.25,32980.98
42355.55,33003.13
42443.7,33016.45
42476.54,33008.38
42412.12,32988.43
42329.84,32971.64
42345.67,32992.29
42437.31,33000.72
42481.16,32989.59
42409.46,32969.74
42338.85,32976.38
42358.61,32997.95
42449.83,33013.97
42500.39,33008.03
42421.2,32974.93
42338.02,32970.36
42357.92,33004.76
42449.07,33012.65
42490.57,32998.3
42421.35,32985.43
42349.94,32984.34
42370.12,33002.42
42450.9,33006.57
42488.59,32990.55
42435.52,32985.34
42357.31,32986.79
42374.35,33016.21
42462.28,33030.87
42486.95,32994.84
42412.25,32963.97
42332.97,32962.7
42350.39,32988.25
42450.01,33012.07
42498.62,33000.02
42421.66,32970.68
42345.36,32978.99
42360.42,32994.55
42451.23,33003.98
42500.28,32999.36
42422.18,32979.73
42338.47,32976.38
42355.73,32996.32
42446.27,33010.35
42491.2,32998.71
42423.09,32978.5
42353.27,32987.8
42357.7,33006.04
42447.84,33018.51
42491.2,32999.55
42421.69,32978.63
42340.77,32982.81
42361.16,33010.87
42451.71,33020.43
42493.73,33001.93
42423.52,32981.88
42351.44,33001.66
42367.42,33016.36
42465.43,33024.39
42514.98,33015.2
42438.38,32991.17
42359.46,33006.15
42378.7,33038.47
42465.92,33035.63
42507.72,33012.59
42427.07,32989.9
42350.05,32999.42
42365.11,33018.75
42450.75,33026.24
42501.26,33023.05
42433.49,32999.27
42357.63,33003.63
42377.74,33039.74
42465.16,33048.13
42505.44,33029.55
42430.23,33002.15
42361.76,33013.93
42376.2,33035.12
42465.09,33043.43
42504.05,33025.15
42430.96,33002.33
42356.18,33016.77
42383.4,33050.47
42465.83,33048.39
42503.2,33026.18
42435.5,33004.23
42362.68,33016.16
42378.7,33038.4
42472.47,33047.97
42506.94,33020.99
42438.72,32997.32
42363.5,33001.81
42372.91,33022.98
42470.37,33043.61
42512.19,33031.61
42445.45,33008.45
42357.58,33008.68
42372.45,33036.35
42468.4,33047.3
42512.75,33030.33
42445.58,33008.21
42355.75,32995.71
42379.69,33028.52
42475.02,33041.8
42500.95,33017.14
42434.5,32999.55
42362.34,33012.3
42369.27,33036.91
42464.8,33060.49
42509.42,33045.45
42435.9,33007.51
42359.44,33009.75
42376.25,33032.7
42469.25,33042.58
42501.93,33016.32
42430.07,32998.21
42356.58,33010.48
42370.84,33026.76
42457.23,33035.86
42505.02,33025.06
42438.99,33008.63
42353.45,32999.46
42368.22,33016.43
42464.6,33033.08
42497.21,33013.32
42428.57,32990.32
42351.39,32998.46
42370.03,33030.58
42457.99,33039.32
42507.83,33037.8
42447.73,33019.63
42366.72,33014.35
42373.07,33027.09
42462.59,33040.37
42511.14,33028.48
42440.11,33003.11
42355.44,33007.29
42369.0,33044.68
42460.87,33055.86
42505.44,33038.92
42445.11,33013.32
42353.34,33007.85
42363.8,33031.47
42452.49,33041.15
42502.76,33028.12
42445.38,33012.99
42369.74,33023.2
42383.0,33049.18
42467.89,33048.35
42508.32,33024.84
42444.87,33011.43
42366.9,33015.11
42379.75,33037.82
42473.95,33057.58
42514.83,33045.64
42438.56,33015.31
42365.27,33018.15
42381.39,33043.9
42467.0,33061.92
42513.75,33036.86
42451.91,33010.04
42372.74,33010.6
42372.18,33031.0
42466.95,33054.74
42523.59,33046.43
42451.8,33015.92
42371.84,33022.93
42385.41,33056.17
42470.97,33056.57
42515.99,33042.2
42442.7,33012.95
42371.48,33025.11
42389.61,33056.64
42480.88,33064.27
42524.55,33046.5
42468.78,33043.39
42380.38,33036.05
42375.96,33040.82
42463.13,33045.93
42516.05,33036.57
42450.9,33016.68
42362.1,33023.18
42357.76,33037.35
42444.33,33028.37
42499.92,33016.99
42443.26,33005.9
42354.48,33004.88
42368.69,33033.75
42468.89,33053.47
42510.2,33029.77
42448.49,33009.64
42378.82,33027.61
42372.74,33040.26
42466.41,33055.99
42504.5,33031.38
42448.78,33017.73
42371.44,33018.35
42377.99,33043.88
42467.71,33049.15
42523.59,33041.64
42453.07,33022.42
42359.13,33016.79
42367.26,33042.36
42471.29,33066.7
42535.95,33070.07
42465.99,33058.7
42388.96,33061.74
42392.23,33063.62
42476.79,33065.79
42518.63,33047.93
42459.51,33035.41
42374.05,33041.09
42378.68,33059.93
42473.99,33075.69
42523.48,33053.91
42458.57,33034.83
42370.43,33036.3
42371.22,33049.09
42471.09,33064.51
42520.32,33048.89
42450.83,33021.62
42360.02,33018.4
42374.17,33044.35
42469.9,33057.29
42526.18,33046.79
42470.01,33033.44
42379.42,33039.1
42393.64,33061.54
42470.79,33047.05
42511.65,33040.86
42444.57,33016.83
42359.64,33003.87
42376.02,33028.5
42454.43,33040.75
42499.07,33024.57
42441.69,33001.7
42358.5,33003.51
42360.31,33026.55
42459.3,33043.52
42503.96,33024.66
42446.7,33004.81
42382.01,33023.34
42381.43,33052.13
42467.71,33056.75
42512.19,33041.91
42442.18,33022.89
42363.57,33011.43
42381.23,33038.07
42469.63,33051.05
42515.34,33040.59
42443.21,33005.7
42365.47,33015.96
42370.5,33040.44
42461.96,33046.09
42515.95,33033.89
42452.46,33009.93
42378.04,33022.53
42376.02,33037.98
42464.0,33048.24
42516.91,33040.14
42461.38,33030.42
42378.7,33026.67
42380.54,33042.8
42471.15,33065.89
42521.2,33055.37
42473.7,33020.86
42380.71,33020.21
42387.36,33056.17
42476.27,33069.41
42515.43,33046.41
42452.38,33026.36
42371.26,33029.06
42376.34,33049.82
42461.32,33055.3
42517.24,33048.24
42454.25,33031.86
42373.83,33039.14
42378.41,33051.77
42468.27,33057.38
42516.05,33043.05
42463.13,33038.4
42384.63,33041.18
42382.41,33052.89
42473.48,33075.13
42525.51,33062.12
42467.42,33037.57
42380.38,33032.75
42378.37,33051.7
42460.07,33065.61
42511.63,33053.87
42446.7,33030.58
42371.73,33037.91
42378.48,33066.63
42467.6,33073.14
42519.34,33061.11
42454.03,33039.25
42376.74,33039.14
42386.19,33063.57
42471.87,33074.19
42516.97,33052.33
42457.27,33038.36
42370.28,33038.85
42374.52,33067.91
42479.2,33088.25
42532.66,33066.3
42450.97,33025.8
42366.34,33031.83
42375.84,33062.52
42459.82,33068.64
42522.38,33056.69
42461.85,33047.25
42367.11,33046.11
42371.55,33053.94
42469.34,33073.72
42519.41,33057.43
42463.78,33030.29
42380.2,33030.67
42374.21,33053.04
42469.23,33075.95
42521.46,33063.64
42454.25,33035.05
42382.55,33057.2
42395.29,33086.3
42488.16,33091.27
42540.93,33073.76
42470.39,33039.81
42375.89,33041.84
42377.48,33062.77
42468.96,33068.49
42526.41,33064.24
42469.68,33044.53
42380.65,33036.95
42387.24,33063.1
42484.85,33079.08
42531.93,33060.38
42479.69,33046.45
42388.03,33043.48
42389.14,33069.98
42485.1,33096.54
42538.59,33082.23
42475.69,33046.02
42395.07,33046.92
42384.36,33083.24
42478.28,33090.39
42530.0,33069.96
42472.8,33047.63
42393.39,33051.3
42385.39,33068.49
42471.2,33078.73
42535.91,33073.96
42472.0,33047.77
42389.28,33059.32
42387.36,33075.73
42480.16,33090.59
42530.18,33075.48
42476.05,33053.07
42400.57,33059.91
42401.46,33083.33
42491.87,33085.12
42538.81,33072.33
42475.27,33051.39
42391.38,33054.0
42393.19,33078.43
42484.77,33100.34
42536.53,33087.8
42472.54,33050.9
42389.57,33049.13
42399.13,33076.8
42486.44,33090.5
42539.26,33073.9
42482.51,33045.89
42393.41,33039.7
42396.07,33071.33
42488.83,33089.95
42536.55,33073.81
42471.96,33043.7
42397.86,33055.26
42395.13,33080.43
42490.96,33097.14
42543.28,33082.1
42489.05,33061.98
42402.13,33057.13
42403.74,33081.95
42492.57,33105.64
42540.06,33094.04
42475.15,33053.47
42391.67,33050.72
42397.44,33078.7
42491.47,33099.16
42543.55,33087.24
42489.84,33074.84
42412.7,33076.38
42398.64,33079.22
42483.16,33089.39
42538.34,33076.13
42487.2,33055.79
42406.42,33056.57
42401.41,33079.6
42496.1,33103.98
42548.6,33089.77
42489.75,33061.54
42403.52,33060.04
42407.09,33090.13
42509.44,33115.11
42552.94,33087.62
42489.3,33058.45
42413.35,33073.99
42413.39,33098.11
42500.14,33105.52
42555.24,33098.2
42506.04,33073.41
42419.65,33066.21
42416.93,33093.52
42513.08,33110.67
42578.02,33105.12
42505.55,33081.81
42417.15,33077.81
42411.94,33091.36
42503.18,33104.48
42566.15,33100.32
42507.68,33072.49
42420.35,33065.14
42420.01,33088.09
42508.12,33106.89
42560.69,33097.34
42501.75,33078.5
42413.51,33076.69
42417.91,33098.77
42506.67,33100.7
42564.27,33085.12
42503.54,33056.17
42416.7,33060.55
42413.39,33085.01
42505.89,33103.22
42565.3,33096.54
42505.95,33068.36
42419.63,33059.73
42401.05,33077.45
42494.98,33101.75
42557.92,33094.19
42507.81,33082.46
42419.0,33083.57
42416.7,33094.75
42504.23,33108.41
42554.25,33093.28
42502.91,33070.93
42422.92,33082.28
42416.77,33108.83
42506.38,33115.67
42557.83,33094.53
42506.89,33073.54
42422.8,33073.72
42415.34,33091.11
42494.66,33095.09
42552.51,33082.3
42502.54,33061.18
42415.88,33065.96
42418.49,33095.8
42505.77,33107.09
42558.91,33089.3
42501.24,33063.88
42421.0,33068.93
42418.83,33088.31
42502.54,33099.18
42563.98,33093.07
42509.62,33078.37
42415.65,33065.63
42409.82,33074.95
42502.55,33093.75
42560.16,33091.93
42496.83,33058.09
42408.84,33051.61
42411.2,33088.02
42497.66,33101.93
42552.71,33080.71
42494.91,33060.2
42405.97,33062.01
42403.67,33080.02
42492.88,33088.23
42552.87,33080.16
42490.44,33048.17
42410.8,33053.98
42399.89,33081.45
42495.63,33104.74
42550.1,33081.45
42494.75,33061.05
42407.94,33057.58
42403.54,33077.09
42492.88,33091.33
42555.17,33087.11
42498.98,33061.52
42411.41,33061.58
42406.49,33082.82
42494.42,33095.96
42552.27,33083.26
42501.37,33061.76
42412.9,33060.0
42409.59,33082.3
42509.75,33102.39
42552.02,33093.01
42494.33,33071.5
42412.75,33064.53
42399.71,33092.74
42489.79,33104.45
42554.28,33085.25
42497.75,33055.12
42408.84,33049.85
42405.97,33075.06
42489.97,33087.64
42557.9,33085.16
42511.59,33065.34
42417.91,33059.73
42417.51,33086.97
42495.74,33090.41
42552.29,33077.18
42503.25,33059.97
42415.85,33065.94
42419.09,33095.91
42503.72,33104.21
42559.71,33088.27
42517.84,33070.66
42431.72,33074.79
42416.25,33094.39
42512.52,33122.98
42574.44,33110.71
42517.84,33078.21
42433.91,33081.72
42419.09,33098.33
42511.59,33123.68
42579.36,33123.07
42528.77,33095.4
42438.77,33096.5
42433.85,33120.99
42529.85,33139.23
42591.58,33133.31
42538.5,33098.21
42453.49,33097.99
42441.58,33120.23
42526.41,33132.75
42588.25,33116.86
42541.92,33096.52
42443.86,33093.79
42438.43,33120.93
42525.85,33131.3
42584.79,33124.12
42532.04,33106.2
42444.02,33093.46
42442.72,33120.01
42530.32,33136.19
42584.07,33123.94
42537.0,33103.89
42461.96,33113.66
42451.41,33133.35
42539.86,33146.36
42596.84,33130.0
42551.51,33113.21
42474.84,33122.67
42461.36,33137.58
42550.66,33153.74
42608.7,33140.37
42546.81,33103.22
42452.31,33091.98
42438.54,33110.29
42535.68,33124.61
42581.21,33100.65
42526.76,33079.78
42448.89,33090.26
42442.95,33118.22
42535.28,33141.29
42594.69,33125.02
42543.95,33095.78
42460.09,33109.1
42449.71,33120.57
42532.62,33127.5
42591.09,33121.33
42539.53,33091.93
42449.85,33085.3
42438.88,33106.04
42532.02,33129.22
42596.41,33127.25
42542.81,33098.53
42461.36,33091.15
42449.43,33113.13
42523.19,33130.11
42592.03,33128.17
42537.18,33083.4
42446.43,33075.64
42435.55,33104.95
42531.41,33123.96
42596.54,33114.64
42543.93,33093.07
42452.2,33091.24
42441.07,33111.16
42530.03,33124.08
42589.19,33112.19
42541.98,33101.05
42450.19,33107.25
42441.07,33119.74
42528.86,33137.29
42592.23,33130.22
42539.08,33104.18
42449.29,33102.15
42437.07,33124.03
42527.41,33147.39
42592.48,33126.27
42544.87,33093.93
42453.43,33092.25
42443.84,33115.2
42526.41,33124.9
42588.99,33115.76
42542.12,33098.98
42462.14,33107.56
42452.4,33126.25
42532.64,33137.46
42589.93,33124.12
42552.07,33106.13
42477.45,33111.18
42457.79,33132.19
42539.93,33147.3
42601.95,33136.41
42549.54,33109.06
42460.2,33104.99
42447.05,33127.63
42534.43,33137.76
42598.49,33114.85
42550.37,33088.61
42463.57,33094.1
42455.71,33121.46
42540.09,33145.04
42603.68,33138.25
42558.19,33103.25
42462.46,33089.23
42461.9,33122.63
42546.07,33136.64
42615.23,33127.21
42577.77,33113.32
42466.52,33100.27
42448.22,33121.04
42535.39,33137.87
42595.25,33127.61
42557.68,33113.73
42469.45,33108.52
42457.59,33134.07
42538.86,33148.11
42602.82,33145.04
42560.09,33122.22
42471.58,33099.89
42460.42,33120.66
42542.14,33134.43
42601.98,33123.23
42561.88,33103.67
42477.45,33105.05
42465.47,33125.3
42547.24,33141.67
42611.68,33129.57
42567.46,33111.38
42476.56,33113.86
42463.38,33137.87
42540.06,33147.25
42599.2,33140.37
42563.0,33121.02
42474.1,33105.52
42460.82,33122.73
42547.93,33143.39
42614.05,33140.66
42569.59,33107.98
42478.59,33099.33
42464.82,33125.35
42554.16,33148.82
42617.02,33137.15
42576.99,33113.39
42476.61,33109.5
42461.23,33131.83
42554.68,33154.45
42615.48,33143.23
42580.16,33126.4
42492.72,33122.58
42472.0,33140.62
42552.09,33149.96
42614.74,33141.63
42563.0,33110.18
42472.25,33101.79
42461.18,33129.02
42547.53,33158.32
42613.64,33146.05
42560.69,33103.02
42481.55,33113.04
42455.93,33129.42
42541.8,33148.02
42597.04,33130.78
42558.95,33107.02
42476.38,33111.38
42460.56,33132.73
42549.96,33149.47
42614.27,33137.02
42569.05,33105.86
42475.87,33108.32
42455.41,33126.47
42549.9,33152.53
42612.35,33150.32
42563.49,33120.03
42484.94,33126.0
42462.48,33135.1
42543.97,33144.37
42608.05,33133.78
42569.48,33116.16
42485.32,33119.05
42464.85,33133.87
42548.02,33150.18
42609.75,33138.96
42565.45,33111.63
42474.37,33104.48
42464.36,33125.48
42552.11,33150.9
42605.75,33138.23
42562.1,33104.32
42475.49,33102.2
42453.36,33116.75
42546.14,33141.42
42606.98,33132.73
42558.97,33098.6
42469.77,33100.7
42452.24,33123.59
42540.35,33128.48
42606.92,33118.67
42569.75,33096.61
42478.17,33098.21
42462.1,33122.89
42538.74,33134.65
42604.95,33125.2
42562.32,33092.18
42471.75,33091.15
42445.92,33111.83
42533.87,33133.4
42598.58,33119.61
42564.83,33104.83
42480.56,33106.75
42464.29,33127.36
42545.29,33149.51
42603.83,33129.0
42557.59,33101.93
42461.21,33095.33
42444.24,33108.88
42534.0,33129.64
42603.86,33124.52
42567.8,33110.29
42479.6,33109.91
42463.91,33125.71
42536.57,33141.82
42598.09,33131.57
42559.89,33103.94
42476.34,33106.82
42451.59,33122.42
42534.07,33136.46
42608.48,33131.72
42564.52,33103.76
42468.04,33094.37
42450.48,33123.88
42542.14,33146.86
42597.24,33119.2
42574.08,33117.1
42477.54,33115.76
42448.58,33120.68
42533.49,33130.92
42603.41,33129.66
42560.04,33103.49
42461.85,33097.03
42441.25,33119.09
42522.85,33135.59
42599.32,33134.29
42556.38,33105.14
42462.3,33100.79
42448.11,33125.69
42534.34,33147.25
42598.36,33134.02
42560.29,33115.23
42475.29,33116.01
42450.97,33120.12
42538.03,33135.88
42599.61,33124.52
42557.23,33109.04
42465.74,33104.79
42452.55,33124.19
42542.01,33146.92
42609.33,33145.42
42562.66,33114.82
42468.49,33102.2
42446.12,33119.16
42527.25,33137.55
42598.24,33134.54
42560.71,33113.41
42468.13,33109.01
42456.11,33123.12
42543.3,33130.61
42600.77,33125.02
42562.08,33108.66
42475.78,33108.9
42457.83,33131.95
42543.23,33152.22
42602.22,33130.85
42555.57,33091.4
42462.79,33085.52
42440.57,33109.95
42525.4,33134.54
42591.76,33123.83
42557.43,33107.07
42465.61,33099.56
42446.21,33117.33
42531.32,33133.4
42600.25,33124.43
42561.36,33115.61
42472.09,33116.99
42449.27,33116.03
42534.9,33129.29
42593.06,33118.64
42555.02,33094.91
42465.83,33091.29
42443.61,33113.8
42527.1,33133.2
42592.99,33123.03
42563.11,33106.66
42475.2,33105.77
42454.48,33126.98
42527.7,33139.5
42589.1,33125.38
42556.8,33104.32
42470.97,33098.91
42448.96,33121.24
42528.46,33139.12
42600.97,33135.43
42566.13,33114.46
42477.45,33107.56
42442.74,33131.7
42521.49,33144.98
42583.98,33120.32
42553.41,33098.11
42466.3,33104.96
42443.68,33129.42
42521.33,33129.44
42590.64,33117.1
42552.42,33093.41
42463.08,33087.91
42445.76,33106.57
42525.6,33124.75
42585.66,33114.15
42551.21,33093.46
42465.74,33095.8
42442.05,33116.12
42529.13,33140.39
42603.74,33136.93
42569.72,33113.06
42475.29,33094.86
42437.54,33110.51
42516.26,33132.7
42592.1,33130.49
42558.48,33101.34
42462.08,33089.19
42443.12,33115.2
42537.38,33150.0
42602.51,33131.23
42564.38,33102.95
42473.07,33097.57
42454.43,33120.97
42528.73,33134.02
42588.43,33113.41
42562.66,33100.54
42465.92,33094.8
42436.24,33097.61
42518.8,33113.53
42591.0,33111.4
42560.16,33087.09
42471.51,33077.36
42453.47,33096.85
42534.34,33128.04
42587.7,33108.92
42553.41,33083.17
42459.46,33070.32
42433.29,33084.67
42512.17,33108.41
42579.82,33108.66
42549.25,33073.43
42463.53,33066.52
42444.2,33092.85
42525.67,33114.27
42594.85,33107.69
42570.75,33089.16
42471.02,33078.41
42432.68,33087.02
42516.59,33105.75
42597.24,33111.49
42558.1,33082.46
42466.14,33074.57
42444.93,33103.07
42535.01,33141.91
42599.99,33111.29
42564.63,33074.3
42468.4,33071.33
42435.81,33084.71
42525.13,33109.62
42594.36,33107.36
42558.43,33076.89
42470.13,33078.7
42443.52,33096.38
42525.13,33112.05
42590.29,33100.81
42563.26,33080.94
42476.94,33079.33
42450.66,33102.22
42529.73,33119.34
42599.32,33109.95
42565.07,33076.85
42474.59,33066.75
42441.67,33079.62
42524.66,33103.29
42603.32,33099.18
42568.76,33078.17
42473.79,33074.97
42448.55,33092.34
42533.67,33117.66
42601.86,33122.47
42562.73,33083.69
42477.45,33070.28
42458.81,33098.6
42540.6,33126.04
42607.68,33119.38
42578.93,33101.79
42478.73,33075.82
42449.94,33090.15
42526.92,33112.19
42599.76,33101.75
42563.57,33072.42
42469.36,33069.05
42446.61,33094.53
42521.93,33105.3
42601.64,33107.02
42569.25,33082.35
42473.43,33072.11
42444.71,33093.66
42531.77,33121.98
42594.71,33110.09
42562.05,33084.07
42470.79,33077.29
42444.8,33098.37
42525.54,33120.86
42601.3,33124.1
42571.33,33097.61
42476.72,33084.43
42448.96,33102.48
42525.73,33113.06
42599.59,33105.59
42562.37,33075.6
42470.23,33074.75
42446.14,33097.7
42523.77,33117.71
42600.3,33106.82
42571.27,33084.67
42466.73,33082.28
42439.39,33101.95
42530.94,33136.37
42596.79,33118.38
42566.01,33083.64
42475.2,33075.3
42448.06,33094.84
42524.37,33115.81
42600.1,33121.8
42575.89,33092.45
42482.35,33078.08
42456.04,33099.49
42527.23,33118.18
42596.61,33113.66
42572.32,33093.72
42481.52,33084.78
42453.67,33105.82
42530.77,33127.41
42607.61,33125.38
42574.68,33099.22
42481.59,33090.48
42460.02,33117.55
42530.77,33127.61
42593.5,33112.61
42566.68,33095.8
42479.15,33092.36
42448.84,33105.82
42530.43,33130.96
42605.57,33120.14
42580.61,33099.31
42491.85,33100.38
42463.42,33121.93
42543.55,33138.76
42612.71,33120.88
42577.34,33106.02
42483.2,33096.7
42451.66,33105.79
42529.11,33126.0
42597.19,33118.22
42572.83,33100.0
42482.06,33095.69
42446.27,33113.66
42524.37,33137.87
42592.86,33128.5
42560.98,33104.68
42476.23,33101.41
42445.45,33115.47
42517.51,33129.48
42597.82,33125.78
42583.45,33113.48
42475.87,33109.06
42437.11,33113.68
42517.22,33133.46
42596.19,33133.29
42565.66,33102.42
42479.13,33100.88
42458.66,33122.18
42539.04,33142.14
42614.8,33139.21
42575.8,33106.75
42477.93,33102.98
42451.53,33126.38
42530.07,33144.98
42594.0,33123.36
42573.77,33103.54
42482.42,33093.05
42434.0,33103.18
42516.39,33131.81
42600.3,33137.31
42575.73,33113.77
42474.84,33093.52
42444.35,33111.56
42520.64,33134.18
42597.77,33139.23
42567.51,33102.33
42475.93,33091.22
42443.14,33120.39
42522.88,33153.07
42586.46,33121.33
42575.0,33104.99
42478.66,33097.19
42437.58,33103.69
42527.7,33131.66
42614.25,33129.51
42572.72,33099.82
42474.64,33090.26
42441.11,33109.59
42520.32,33129.6
42599.47,33123.74
42576.23,33104.79
42489.97,33105.75
42466.48,33134.47
42536.55,33146.14
42611.57,33138.83
42578.13,33104.45
42491.22,33100.38
42467.46,33135.79
42544.11,33145.27
42603.0,33126.76
42570.33,33097.75
42474.57,33088.31
42447.1,33108.63
42529.07,33129.6
42608.1,33122.8
42583.67,33098.91
42488.52,33091.42
42456.45,33109.04
42540.89,33140.1
42607.09,33128.23
42583.38,33103.0
42488.99,33094.86
42453.92,33111.8
42528.91,33135.66
42590.04,33118.0
42567.02,33096.07
42478.41,33092.83
42450.54,33115.09
42518.94,33130.18
42589.77,33122.22
42572.34,33103.8
42476.05,33098.55
42456.45,33141.71
42534.0,33153.05
42609.44,33137.67
42586.15,33121.17
42490.91,33110.89
42455.08,33120.9
42528.02,33136.57
42601.29,33130.94
42577.05,33106.38
42484.56,33100.23
42462.32,33126.69
42530.65,33147.7
42596.97,33138.27
42576.12,33114.0
42494.55,33110.84
42460.04,33126.85
42524.48,33138.76
42598.4,33132.08
42579.27,33109.44
42485.28,33098.39
42448.71,33112.86
42530.07,33137.36
42608.53,33137.49
42576.52,33106.0
42478.08,33091.55
42447.66,33110.09
42531.25,33138.11
42599.03,33124.68
42573.9,33105.68
42494.15,33119.52
42455.71,33121.55
42533.65,33131.7
42609.71,33130.11
42577.46,33099.54
42489.46,33094.44
42463.66,33120.23
42533.04,33136.77
42610.71,33133.98
42588.07,33107.8
42487.11,33103.56
42466.23,33133.87
42529.04,33136.91
42598.71,33129.93
42575.8,33109.17
42482.57,33097.88
42450.39,33111.76
42530.85,33137.09
42605.46,33134.25
42581.17,33115.65
42485.46,33104.25
42453.09,33122.04
42529.8,33147.64
42610.87,33143.05
42585.88,33112.48
42475.78,33105.37
42444.35,33127.47
42523.7,33141.64
42601.37,33131.79
42578.8,33101.61
42487.36,33095.76
42456.94,33117.66
42537.78,33141.69
42611.21,33134.92
42584.95,33110.71
42492.32,33100.99
42457.23,33117.02
42527.86,33135.9
42614.38,33142.65
42586.0,33109.5
42492.36,33098.42
42464.82,33124.14
42533.94,33143.28
42609.98,33132.86
42585.53,33108.05
42490.31,33103.09
42449.74,33128.82
42531.23,33148.84
42607.09,33132.35
42592.12,33111.94
42510.47,33121.13
42465.59,33131.57
42534.36,33136.93
42614.27,33137.49
42597.46,33110.84
42497.08,33098.98
42458.57,33120.16
42530.77,33140.35
42608.3,33137.0
42588.16,33115.83
42496.14,33109.04
42471.87,33133.42
42545.74,33144.82
42613.33,33128.7
42587.02,33103.31
42504.59,33109.7
42473.86,33134.4
42547.39,33151.05
42632.15,33146.41
42604.14,33121.73
42499.23,33113.46
42461.56,33129.6
42531.75,33144.2
42617.15,33138.98
42597.33,33125.69
42500.07,33115.34
42455.98,33116.48
42529.13,33133.35
42610.27,33134.11
42585.73,33108.21
42497.13,33105.7
42468.45,33128.28
42533.13,33148.17
42604.52,33141.31
42584.56,33116.03
42499.32,33110.49
42453.49,33111.96
42530.77,33137.71
42601.66,33131.18
42584.63,33112.52
42497.13,33116.25
42453.98,33133.06
42522.2,33141.69
42596.3,33137.53
42584.3,33118.27
42505.39,33118.82
42457.2,33131.99
42519.21,33147.12
42597.8,33149.96
42586.2,33131.43
42491.09,33106.82
42449.0,33113.95
42530.99,33149.91
42608.66,33151.91
42589.32,33121.2
42488.83,33104.52
42457.94,33133.38
42527.93,33143.72
42605.31,33137.04
42592.81,33122.78
42499.79,33115.56
42452.64,33118.13
42525.04,33136.32
42594.58,33132.17
42570.64,33101.01
42475.42,33088.56
42443.64,33114.36
42513.04,33129.4
42597.04,33133.69
42573.93,33105.86
42474.73,33089.39
42440.66,33110.38
42520.15,33137.24
42597.53,33132.5
42575.71,33109.06
42481.61,33108.23
42457.32,33142.65
42530.65,33154.65
42602.42,33136.3
42580.34,33106.69
42487.16,33103.49
42453.52,33127.81
42518.58,33134.71
42592.68,33122.2
42572.56,33096.41
42477.77,33088.05
42437.64,33108.9
42513.33,33135.86
42595.09,33134.31
42577.59,33109.41
42482.42,33099.67
42448.46,33127.88
42510.65,33140.44
42582.71,33130.09
42575.18,33113.35
42481.9,33104.41
42441.22,33120.48
42517.22,33144.91
42587.98,33134.25
42574.98,33116.93
42485.17,33102.46
42437.16,33106.87
42503.83,33126.2
42582.82,33131.07
42573.57,33120.48
42496.16,33106.6
42438.25,33113.64
42510.13,33133.69
42592.79,33120.99
42569.21,33095.96
42473.83,33088.58
42443.75,33107.78
42512.3,33128.21
42596.48,33135.59
42581.55,33107.29
42488.61,33099.04
42449.36,33119.79
42513.46,33133.02
42603.86,33136.3
42578.69,33108.7
42493.3,33104.07
42456.49,33115.23
42522.36,33135.54
42603.86,33141.11
42585.86,33118.67
42493.7,33098.6
42454.07,33109.21
42521.98,33132.86
42597.42,33128.19
42582.24,33104.54
42493.48,33101.55
42458.81,33115.23
42526.07,33126.8
42598.87,33123.29
42581.59,33096.76
42493.77,33082.26
42461.47,33107.58
42516.08,33121.02
42601.77,33131.72
42595.14,33120.48
42503.02,33094.24
42461.21,33100.86
42524.75,33118.91
42595.38,33110.78
42582.73,33087.09
42498.44,33083.66
42463.55,33100.36
42516.7,33112.84
42588.45,33105.17
42587.63,33095.51
42490.96,33083.66
42445.22,33094.73
42510.36,33118.87
42595.9,33123.81
42584.41,33087.06
42486.06,33075.98
42436.08,33080.83
42513.2,33111.07
42586.55,33101.43
42574.24,33069.54
42487.11,33073.76
42444.42,33097.08
42506.27,33117.82
42587.02,33115.09
42573.63,33092.94
42480.83,33080.38
42437.94,33094.75
42507.81,33120.61
42590.64,33119.61
42581.03,33106.91
42492.5,33092.47
42447.32,33097.81
42517.02,33124.03
42588.52,33119.61
42576.96,33100.07
42476.11,33093.54
42442.95,33109.77
42518.52,33124.79
42593.17,33120.75
42584.9,33105.57
42492.99,33094.28
42446.12,33106.46
42514.65,33130.22
42592.03,33134.47
42586.96,33115.54
42496.34,33095.42
42453.14,33106.04
42517.62,33126.6
42601.95,33124.64
42581.59,33102.39
42485.03,33094.57
42440.69,33112.12
42509.04,33128.1
42590.71,33121.77
42587.02,33107.05
42492.09,33092.67
42439.03,33100.52
42503.88,33124.77
42593.97,33136.32
42582.33,33096.83
42486.53,33079.71
42462.01,33125.46
42531.57,33141.46
42607.88,33125.93
42583.76,33098.33
42483.8,33079.84
42441.31,33094.73
42512.12,33124.9
42591.4,33123.34
42582.95,33097.41
42485.66,33083.66
42431.16,33091.46
42497.48,33112.5
42580.9,33109.59
42574.68,33085.36
42492.48,33077.77
42441.78,33097.61
42507.03,33128.48
42588.83,33125.64
42576.45,33088.67
42484.9,33075.91
42441.34,33093.23
42500.21,33115.61
42583.52,33128.48
42582.91,33102.39
42485.79,33075.82
42449.27,33094.21
42509.42,33114.04
42582.17,33112.16
42582.04,33091.04
42493.13,33081.9
42453.11,33101.23
42516.32,33119.45
42593.89,33114.98
42596.9,33108.59
42505.86,33090.88
42451.86,33095.22
42517.84,33116.66
42601.26,33118.38
42595.36,33102.95
42499.47,33088.05
42448.26,33091.73
42509.57,33107.98
42602.82,33111.71
42578.3,33086.19
42483.91,33081.0
42441.09,33099.78
42504.68,33123.81
42586.2,33114.67
42578.21,33101.12
42484.38,33086.93
42446.21,33106.42
42523.01,33140.06
42589.64,33120.57
42584.95,33099.67
42510.74,33102.24
42476.05,33127.05
42527.7,33145.67
42596.79,33130.96
42585.19,33100.14
42490.91,33083.33
42448.98,33098.95
42513.26,33124.84
42590.22,33126.29
42582.62,33108.14
42486.04,33081.95
42444.15,33093.99
42511.65,33116.88
42589.59,33115.61
42584.83,33097.61
42504.12,33097.52
42443.75,33115.32
42507.94,33128.44
42590.73,33119.29
42591.85,33097.81
42501.86,33097.55
42449.2,33111.89
42516.01,33129.4
42599.18,33125.6
42589.97,33100.0
42498.87,33092.7
42457.81,33115.07
42517.84,33132.23
42595.54,33123.43
42600.55,33103.67
42505.95,33095.09
42444.44,33107.74
42515.09,33144.13
42594.6,33140.19
42591.27,33109.32
42495.76,33089.28
42446.86,33104.18
42510.25,33128.68
42594.78,33126.94
42592.88,33110.18
42495.0,33096.27
42452.4,33113.48
42512.79,33128.04
42602.69,33124.97
42590.04,33099.0
42495.94,33094.13
42451.64,33114.8
42514.67,33143.64
42598.64,33136.68
42596.7,33115.65
42499.47,33098.44
42455.35,33110.67
42518.11,33132.62
42600.08,33130.43
42585.08,33101.05
42488.14,33076.98
42442.81,33093.46
42518.36,33131.16
42609.93,33136.39
42602.34,33110.49
42509.95,33101.32
42463.15,33111.52
42519.23,33127.39
42600.55,33129.22
42595.43,33103.34
42504.25,33097.5
42462.41,33116.25
42517.35,33134.7
42587.7,33131.52
42587.4,33114.36
42502.6,33103.09
42454.48,33106.4
42510.87,33125.73
42585.79,33122.82
42593.66,33109.73
42502.15,33098.62
42451.8,33112.79
42510.76,33128.26
42604.48,33136.82
42599.59,33115.43
42506.16,33097.25
42462.25,33116.95
42520.23,33149.74
42597.93,33141.76
42593.75,33114.96
42512.3,33112.95
42463.71,33130.89
42519.97,33152.08
42593.66,33128.91
42590.06,33102.55
42502.87,33097.14
42450.86,33106.38
42515.95,33133.15
42601.98,33141.54
42607.65,33114.09
42507.96,33095.76
42457.0,33114.4
42521.18,33137.89
42597.51,33127.56
42596.54,33107.16
42503.76,33090.91
42454.66,33111.83
42515.09,33123.7
42598.09,33109.48
42611.21,33097.21
42522.27,33096.96
42459.35,33106.6
42501.37,33110.84
42586.15,33109.91
42589.08,33095.24
42498.4,33085.9
42443.08,33083.0
42501.84,33098.6
42582.26,33085.63
42588.97,33075.21
42497.91,33067.93
42446.45,33078.3
42499.94,33095.8
42583.0,33097.12
42595.14,33093.54
42509.57,33078.88
42461.34,33092.43
42510.34,33116.63
42596.81,33120.23
42597.59,33104.36
42503.2,33076.13
42454.03,33090.01
42513.38,33114.8
42599.27,33117.08
42594.87,33088.38
42511.65,33081.74
42468.16,33101.14
42526.9,33119.38
42606.78,33114.67
42611.27,33094.46
42514.78,33084.69
42469.57,33106.06
42517.4,33112.86
42594.36,33105.48
42597.04,33079.53
42513.35,33081.65
42459.77,33097.1
42513.78,33106.71
42601.33,33111.34
42604.12,33081.54
42515.21,33065.09
42456.45,33075.57
42515.61,33102.64
42589.48,33097.37
42590.6,33078.73
42507.56,33066.86
42453.65,33081.21
42506.42,33117.1
42590.33,33112.05
42588.48,33079.75
42497.84,33067.19
42452.55,33082.57
42508.25,33098.86
42595.16,33101.97
42596.23,33081.83
42508.61,33074.72
42451.91,33090.1
42508.28,33100.34
42595.52,33103.09
42598.69,33079.87
42518.63,33070.99
42457.29,33083.66
42512.39,33107.65
42590.87,33103.43
42591.2,33083.4
42508.1,33069.14
42455.26,33081.32
42508.7,33112.01
42589.19,33104.3
42597.33,33083.11
42507.32,33074.3
42456.67,33086.84
42512.35,33104.43
42596.75,33098.48
42606.8,33077.21
42516.32,33071.5
42453.79,33084.78
42512.32,33108.95
42599.41,33109.39
42597.44,33089.66
42502.96,33071.26
42453.94,33084.71
42508.12,33102.57
42595.74,33105.46
42601.04,33090.73
42502.4,33066.86
42446.32,33074.01
42502.51,33097.93
42591.16,33106.04
42600.99,33079.93
42512.97,33066.81
42447.28,33081.39
42503.67,33101.61
42586.35,33099.2
42589.53,33075.37
42505.66,33064.64
42456.51,33077.86
42512.99,33110.06
42586.93,33102.8
42590.44,33078.41
42507.99,33072.13
42458.68,33088.05
42515.03,33117.68
42602.11,33113.91
42610.61,33082.21
42512.64,33072.78
42460.73,33090.21
42500.86,33101.73
42576.7,33091.0
42591.83,33076.6
42501.37,33060.82
42450.43,33078.52
42500.12,33090.21
42583.11,33086.23
42588.36,33068.09
42500.37,33056.84
42458.41,33078.08
42504.84,33094.06
42591.36,33101.03
42600.48,33078.23
42509.17,33061.85
42454.52,33081.9
42507.18,33113.06
42594.58,33106.48
42592.84,33074.9
42507.47,33062.7
42443.12,33059.5
42493.97,33079.89
42584.83,33092.67
42599.88,33078.1
42507.85,33060.82
42461.5,33082.1
42508.41,33101.03
42588.41,33095.2
42596.63,33074.23
42507.07,33058.92
42444.31,33067.04
42501.93,33092.05
42603.09,33104.79
42598.98,33078.19
42510.18,33063.28
42454.84,33085.25
42508.25,33100.05
42593.55,33091.49
42593.55,33064.49
42499.52,33043.43
42448.82,33058.92
42498.55,33081.86
42588.5,33087.24
42595.7,33064.4
42503.41,33049.69
42446.03,33061.7
42504.7,33093.39
42588.1,33093.63
42591.23,33066.61
42500.03,33047.3
42446.25,33066.63
42488.18,33088.31
42571.85,33084.85
42577.61,33065.94
42488.27,33053.47
42434.96,33055.79
42487.07,33077.77
42575.13,33084.18
42579.16,33066.52
42489.12,33057.45
42433.58,33059.91
42500.07,33095.31
42587.78,33097.64
42583.94,33070.25
42490.31,33056.2
42439.84,33073.29
42499.7,33108.36
42577.77,33092.72
42583.16,33069.65
42497.23,33062.66
42437.76,33073.85
42484.38,33097.23
42572.54,33094.75
42585.55,33081.56
42496.95,33066.48
42435.61,33064.69
42479.45,33082.55
42574.8,33094.5
42581.1,33069.58
42491.85,33051.43
42438.99,33068.29
42479.15,33094.95
42568.88,33103.04
42575.4,33065.63
42478.84,33037.35
42425.82,33054.72
42474.73,33075.86
42563.84,33082.23
42578.17,33064.58
42478.89,33038.34
42429.87,33060.06
42477.23,33082.19
42562.41,33083.11
42569.81,33058.03
42484.14,33046.14
42436.6,33067.19
42497.66,33087.78
42568.72,33082.19
42571.15,33062.43
42487.89,33054.23
42433.76,33059.32
42482.57,33082.04
42571.38,33088.23
42579.76,33062.66
42492.0,33050.92
42431.9,33060.15
42474.08,33074.08
42559.87,33074.19
42568.54,33056.3
42480.85,33045.09
42421.11,33053.94
42459.8,33066.03
42554.28,33089.05
42574.42,33083.04
42480.7,33047.3
42408.88,33045.73
42462.97,33071.62
42558.05,33079.35
42577.93,33067.32
42480.81,33048.15
42420.37,33062.79
42476.23,33091.96
42572.45,33102.8
42578.24,33073.32
42487.91,33056.84
42429.06,33071.73
42477.16,33093.48
42563.82,33092.63
42571.8,33066.25
42486.24,33056.24
42438.88,33077.09
42480.56,33103.34
42576.83,33109.66
42603.94,33097.14
42507.85,33073.63
42452.15,33089.57
42499.79,33121.48
42593.89,33119.59
42602.38,33088.31
42510.69,33068.6
42448.51,33072.6
42500.37,33102.33
42588.43,33107.13
42600.88,33087.53
42514.83,33074.48
42449.2,33073.25
42497.41,33103.78
42586.91,33118.87
42601.06,33103.31
42510.8,33071.26
42446.77,33074.08
42495.98,33101.01
42594.78,33110.49
42591.88,33089.63
42503.79,33082.97
42443.52,33090.75
42489.39,33110.15
42576.74,33114.8
42594.51,33098.21
42500.14,33076.47
42442.3,33092.72
42489.48,33123.41
42583.29,33138.16
42592.66,33102.57
42504.57,33074.66
42446.43,33086.97
42494.33,33113.8
42581.05,33119.5
42602.31,33113.24
42502.55,33085.59
42442.59,33091.96
42492.32,33112.9
42577.55,33121.06
42583.69,33097.97
42491.18,33076.58
42436.04,33088.56
42487.96,33115.7
42578.11,33117.82
42593.06,33094.39
42500.88,33076.8
42426.0,33079.35
42473.48,33105.01
42573.66,33121.39
42586.42,33100.18
42498.91,33081.45
42440.57,33109.37
42490.02,33128.32
42578.69,33106.15
42597.19,33087.27
42498.73,33075.2
42437.42,33087.84
42481.19,33109.21
42567.96,33111.09
42592.72,33101.43
42509.44,33092.81
42442.21,33094.91
42487.89,33112.01
42579.4,33114.67
42591.18,33096.88
42502.71,33088.25
42444.96,33104.14
42491.45,33130.16
42581.37,33133.04
42597.95,33103.25
42512.19,33086.86
42453.2,33102.93
42510.54,33137.91
42581.61,33139.61
42596.07,33111.02
42505.04,33088.09
42449.09,33106.48
42500.95,33134.54
42589.21,33130.61
42597.26,33102.02
42508.68,33085.92
42456.55,33109.93
42505.66,33136.39
42593.82,33147.61
42611.23,33121.55
42514.76,33085.54
42447.55,33097.99
42486.82,33115.29
42581.7,33123.86
42608.93,33106.71
42514.98,33093.77
42444.82,33108.14
42487.29,33118.09
42577.08,33112.5
42598.38,33112.14
42506.36,33093.97
42445.22,33094.37
42495.2,33127.36
42580.72,33126.13
42602.27,33115.52
42516.97,33096.92
42456.45,33107.89
42510.04,33134.92
42589.57,33135.14
42592.81,33111.83
42502.06,33085.7
42445.49,33098.26
42485.84,33116.39
42573.93,33123.83
42594.36,33113.01
42510.87,33095.29
42445.87,33100.65
42488.56,33134.45
42577.28,33141.36
42604.7,33133.2
42505.08,33101.43
42437.63,33103.07
42490.69,33133.09
42571.11,33126.76
42593.64,33107.2
42513.93,33089.36
42444.08,33107.52
42486.62,33134.2
42578.48,33140.84
42594.02,33112.14
42513.04,33103.16
42445.2,33108.79
42488.09,33131.12
42585.19,33140.57
42594.78,33109.5
42508.68,33102.69
42447.14,33117.21
42484.29,33122.78
42581.82,33136.13
42596.77,33114.24
42502.98,33085.59
42447.17,33103.02
42492.48,33135.45
42581.05,33150.27
42601.44,33115.16
42511.43,33089.57
42448.09,33105.35
42486.53,33130.52
42580.43,33137.29
42600.1,33120.21
42507.16,33100.61
42444.29,33102.55
42494.51,33132.79
42583.38,33136.53
42605.02,33127.14
42513.66,33101.9
42445.76,33098.2
42482.82,33122.87
42583.07,33138.49
42597.48,33113.62
42507.5,33090.5
42449.05,33099.76
42496.95,33131.3
42583.74,33134.29
42594.91,33102.3
42505.44,33087.91
42450.86,33121.71
42481.43,33131.39
42568.07,33119.23
42587.07,33097.99
42494.93,33076.58
42439.48,33096.63
42487.22,33127.18
42573.19,33128.14
42587.58,33110.82
42500.12,33095.54
42437.04,33104.45
42481.07,33135.41
42570.89,33136.1
42588.39,33111.07
42502.36,33086.62
42443.17,33106.15
42482.95,33136.3
42561.72,33131.72
42584.16,33111.61
42497.84,33087.46
42427.88,33091.96
42470.04,33117.59
42569.93,33131.63
42580.56,33103.02
42493.53,33085.63
42443.1,33108.88
42473.5,33124.26
42567.13,33127.72
42582.82,33105.68
42497.21,33090.48
42433.82,33101.7
42469.54,33125.55
42563.91,33137.2
42582.11,33109.06
42489.08,33078.17
42425.89,33085.18
42477.28,33119.05
42561.63,33110.0
42577.84,33091.06
42495.89,33076.76
42435.23,33086.46
42468.83,33108.72
42560.83,33114.33
42580.21,33088.02
42494.09,33071.55
42430.34,33090.26
42476.16,33130.56
42573.95,33135.52
42600.46,33110.93
42513.66,33095.94
42440.17,33091.73
42469.39,33105.82
42561.05,33119.29
42582.31,33091.96
42497.68,33067.55
42429.0,33076.38
42464.74,33106.48
42555.53,33108.43
42588.43,33098.28
42497.39,33084.45
42436.24,33098.17
42476.32,33116.52
42564.02,33115.98
42583.11,33094.53
42502.31,33085.9
42433.76,33091.15
42477.28,33112.27
42562.93,33121.62
42580.79,33091.93
42510.89,33074.32
42432.3,33085.18
42471.75,33114.62
42557.07,33115.41
42582.95,33098.13
42503.02,33079.75
42441.0,33088.54
42476.65,33109.97
42561.96,33103.56
42585.1,33087.09
42506.29,33084.76
42443.46,33089.72
42483.36,33109.55
42564.67,33110.53
42589.3,33098.02
42499.8,33077.12
42433.78,33086.86
42471.93,33110.82
42562.3,33121.28
42582.46,33109.5
42507.0,33081.43
42436.86,33083.96
42469.95,33105.59
42557.59,33106.98
42581.79,33088.31
42496.72,33074.61
42433.49,33091.71
42470.57,33122.11
42553.9,33118.76
42581.48,33102.53
42509.17,33091.55
42438.83,33094.02
42473.19,33114.87
42555.24,33123.5
42580.92,33104.81
42502.58,33085.79
42441.16,33101.73
42478.35,33141.0
42571.31,33151.5
42588.74,33126.67
42499.4,33094.57
42430.85,33096.07
42460.8,33112.75
42552.89,33120.61
42595.14,33116.63
42508.17,33089.72
42438.77,33088.83
42478.82,33120.72
42556.63,33127.07
42578.46,33105.46
42500.79,33085.81
42437.85,33099.58
42470.66,33124.12
42558.59,33123.7
42580.25,33100.86
42505.66,33101.95
42440.62,33106.57
42462.28,33109.06
42551.64,33113.24
42584.54,33101.79
42506.38,33092.98
42441.69,33108.77
42464.4,33109.82
42547.26,33106.08
42573.21,33088.92
42491.11,33069.76
42429.29,33078.59
42451.57,33095.54
42547.91,33101.21
42577.79,33085.88
42497.15,33076.42
42436.75,33101.28
42469.12,33117.66
42559.48,33118.04
42581.55,33101.21
42500.9,33083.57
42432.98,33089.01
42471.29,33118.29
42564.49,33129.46
42580.99,33106.08
42495.16,33082.1
42423.25,33093.63
42459.57,33112.01
42556.47,33110.55
42576.0,33098.62
42489.35,33085.01
42421.62,33082.14
42455.44,33103.74
42546.79,33108.59
42577.64,33095.13
42491.76,33068.78
42423.65,33076.29
42458.77,33106.75
42541.09,33099.25
42566.13,33075.75
42489.75,33058.21
42430.74,33079.89
42464.87,33110.04
42558.26,33120.9
42585.39,33103.56
42498.73,33075.08
42435.66,33088.38
42465.61,33100.34
42550.32,33105.59
42580.38,33087.8
42501.19,33065.85
42437.0,33078.32
42462.95,33096.54
42549.0,33100.38
42574.19,33088.52
42488.03,33063.77
42420.55,33066.86
42456.89,33092.85
42558.19,33111.65
42585.23,33097.34
42497.15,33070.77
42432.64,33081.16
42457.79,33101.28
42552.18,33108.74
42585.84,33089.92
42494.8,33068.93
42414.82,33074.5
42442.03,33097.86
42541.47,33115.54
42573.66,33091.85
42493.21,33069.14
42408.45,33070.12
42435.3,33097.25
42538.68,33118.87
42580.61,33106.69
42500.19,33074.95
42436.75,33085.3
42467.38,33110.6
42551.37,33114.2
42578.93,33097.93
42498.4,33079.26
42423.36,33086.26
42454.32,33104.68
42552.67,33116.32
42578.26,33103.56
42491.54,33077.29
42416.1,33075.84
42448.78,33101.55
42538.97,33114.24
42573.99,33104.56
42500.59,33081.86
42422.0,33075.42
42446.99,33094.35
42542.48,33104.68
42565.75,33082.05
42487.76,33064.44
42421.53,33072.63
42442.39,33092.89
42537.36,33106.02
42570.86,33086.59
42498.67,33070.54
42427.01,33075.35
42465.81,33106.04
42545.29,33107.07
42574.06,33085.57
42501.57,33073.61
42421.22,33069.25
42446.16,33089.81
42544.67,33109.21
42575.33,33082.52
42499.34,33064.29
42428.95,33071.21
42449.85,33095.76
42541.27,33109.37
42568.7,33075.02
42494.84,33057.09
42416.59,33062.03
42443.35,33080.89
42545.32,33099.51
42574.91,33077.54
42501.37,33060.49
42429.55,33074.16
42452.98,33103.34
42546.36,33119.9
42570.89,33081.36
42495.83,33054.79
42421.96,33065.89
42455.41,33100.92
42546.01,33105.32
42575.8,33082.79
42498.15,33064.87
42423.54,33076.33
42449.8,33112.36
42542.81,33123.56
42573.61,33087.51
42491.52,33060.0
42427.39,33082.77
42445.54,33098.89
42545.43,33109.32
42573.01,33080.6
42487.11,33057.58
42409.53,33064.73
42443.48,33096.85
42538.23,33107.31
42574.11,33093.97
42498.82,33078.64
42425.38,33084.02
42451.86,33106.15
42539.48,33110.53
42578.13,33097.75
42507.52,33077.59
42426.36,33078.32
42462.75,33118.94
42553.94,33123.47
42590.11,33095.2
42519.45,33085.72
42440.75,33091.4
42451.97,33095.29
42540.29,33101.34
42571.64,33083.4
42493.77,33061.2
42418.91,33064.13
42438.65,33088.36
42537.34,33107.18
42571.27,33085.81
42488.96,33057.09
42404.14,33052.77
42415.52,33061.96
42509.08,33069.67
42546.9,33057.51
42481.23,33045.89
42405.37,33040.68
42437.6,33076.16
42519.77,33082.84
42555.26,33061.49
42474.19,33040.97
42391.94,33049.6
42409.55,33054.63
42506.51,33060.87
42547.35,33046.63
42476.32,33033.51
42398.89,33043.23
42419.74,33071.15
42512.35,33084.96
42549.81,33070.63
42472.22,33035.61
42401.13,33034.31
42428.08,33065.65
42506.45,33072.94
42535.57,33047.88
42465.36,33029.77
42400.63,33046.83
42418.0,33062.23
42510.54,33069.27
42551.33,33056.64
42476.72,33050.16
42398.38,33052.69
42420.84,33064.35
42510.31,33066.54
42558.91,33058.25
42488.65,33043.57
42394.53,33034.0
42415.14,33053.8
42506.33,33058.14
42544.18,33037.98
42481.37,33032.48
42393.75,33026.63
42399.54,33036.73
42493.5,33047.68
42519.36,33022.18
42441.4,33000.25
42363.44,33010.02
42386.89,33030.38
42466.1,33031.14
42499.02,33021.06
42423.86,32996.74
42354.61,33011.09
42376.71,33047.59
42465.0,33039.57
42505.75,33013.66
42438.47,32995.78
42367.08,33007.36
42380.76,33032.12
42480.79,33048.5
42518.14,33024.79
42439.1,33009.99
42361.72,33012.88
42381.23,33030.58
42476.2,33040.79
42523.28,33028.19
42447.88,33010.15
42368.71,33015.05
42398.6,33051.59
42494.06,33067.91
42522.79,33034.34
42450.92,33008.14
42374.39,33020.9
42395.27,33055.01
42489.46,33065.89
42529.69,33032.99
42456.49,33016.45
42382.28,33030.2
42393.48,33043.34
42484.34,33052.46
42524.5,33038.45
42452.02,33021.06
42371.95,33023.45
42388.67,33040.32
42482.48,33053.11
42517.91,33039.86
42447.1,33015.36
42377.03,33026.91
42393.95,33046.02
42483.8,33047.61
42530.14,33044.06
42450.68,33028.1
42370.12,33026.55
42381.59,33041.93
42472.09,33048.93
42514.34,33038.92
42442.83,33025.06
42363.71,33028.93
42385.07,33055.08
42478.86,33069.05
42519.72,33055.08
42455.3,33049.54
42374.08,33040.21
42396.99,33056.13
42495.71,33076.02
42535.88,33061.13
42460.91,33036.35
42373.56,33035.12
42394.46,33059.59
42493.86,33074.16
42533.25,33056.93
42458.34,33037.13
42378.97,33040.68
42388.63,33054.81
42496.45,33074.5
42540.15,33061.13
42470.19,33045.55
42400.45,33056.51
42406.69,33066.57
42502.4,33081.43
42537.98,33066.92
42464.11,33043.14
42384.11,33040.19
42405.01,33068.38
42499.74,33091.49
42544.29,33076.63
42470.59,33043.88
42384.11,33039.74
42404.34,33064.46
42495.11,33072.6
42532.37,33055.55
42461.68,33033.11
42392.38,33041.53
42413.84,33066.32
42508.23,33079.57
42535.28,33062.23
42468.43,33046.58
42388.29,33038.34
42403.07,33056.84
42491.8,33070.07
42535.64,33057.36
42455.44,33026.89
42380.29,33041.44
42398.02,33066.05
42489.08,33064.38
42523.59,33041.15
42455.35,33027.18
42383.62,33038.0
42401.13,33079.51
42498.06,33089.5
42544.49,33057.51
42472.11,33041.49
42383.51,33047.68
42397.23,33066.72
42486.71,33074.14
42532.44,33061.31
42461.36,33034.31
42386.62,33046.76
42403.02,33076.58
42500.75,33097.48
42541.58,33077.59
42462.05,33038.16
42384.47,33039.7
42407.14,33067.06
42499.58,33080.11
42532.46,33066.68
42465.99,33045.27
42396.7,33057.96
42409.48,33078.95
42503.09,33088.02
42546.77,33065.92
42486.29,33051.99
42396.3,33049.38
42401.01,33067.04
42498.84,33084.05
42544.22,33072.13
42474.15,33044.46
42388.14,33042.11
42409.19,33073.11
42507.9,33100.92
42546.01,33087.84
42478.1,33058.68
42395.11,33040.37
42408.61,33062.5
42508.43,33081.68
42544.67,33056.82
42471.98,33033.29
42398.33,33040.97
42410.11,33065.47
42494.15,33070.97
42538.25,33053.6
42479.13,33043.66
42397.05,33042.4
42413.46,33066.28
42502.82,33078.7
42537.4,33058.61
42481.07,33047.03
42404.59,33055.01
42415.25,33083.91
42510.36,33091.93
42564.38,33081.52
42495.05,33055.73
42406.27,33058.65
42406.46,33063.46
42501.21,33074.68
42549.41,33066.32
42478.01,33039.99
42399.34,33043.57
42412.41,33070.61
42498.0,33071.33
42552.56,33061.38
42486.48,33043.36
42405.46,33048.91
42405.62,33070.3
42506.85,33089.9
42550.21,33058.21
42475.62,33025.89
42395.18,33034.74
42411.56,33061.22
42504.1,33068.31
42545.16,33057.98
42484.52,33037.09
42406.02,33030.87
42415.09,33050.32
42507.94,33068.49
42549.94,33053.36
42482.26,33026.76
42404.45,33031.43
42424.93,33061.61
42506.54,33075.08
42542.66,33043.97
42484.92,33025.46
42401.23,33026.73
42410.31,33052.95
42507.99,33076.4
42551.08,33059.77
42490.66,33042.94
42408.54,33037.26
42410.4,33058.63
42511.7,33091.0
42560.11,33073.45
42477.28,33032.99
42400.01,33037.29
42420.17,33070.61
42520.01,33087.2
42566.75,33070.28
42500.97,33059.66
42413.91,33064.8
42414.22,33061.52
42511.03,33077.5
42554.12,33062.86
42489.57,33041.67
42405.26,33043.21
42414.94,33061.58
42512.77,33070.23
42559.13,33066.03
42489.21,33047.68
42407.02,33041.09
42396.65,33047.48
42496.21,33075.17
42543.86,33064.27
42475.11,33037.26
42394.29,33037.13
42409.48,33076.91
42501.04,33079.82
42549.88,33056.8
42483.69,33039.74
42399.38,33044.64
42404.59,33061.8
42496.66,33068.2
42546.86,33060.49
42490.84,33050.99
42403.92,33047.12
42405.04,33061.34
42496.83,33074.32
42547.35,33053.78
42490.35,33032.37
42403.47,33034.16
42393.64,33052.33
42484.74,33061.56
42537.87,33059.26
42484.27,33037.62
42401.5,33031.56
42407.76,33053.98
42496.03,33067.1
42544.73,33049.63
42484.94,33034.6
42405.97,33044.32
42409.37,33064.29
42507.0,33076.18
42545.29,33059.08
42479.58,33040.55
42394.39,33041.42
42400.61,33058.09
42503.09,33071.95
42550.1,33055.37
42487.91,33038.38
42408.79,33046.67
42408.5,33069.83
42505.98,33087.49
42555.51,33058.81
42494.6,33033.89
42401.44,33043.28
42401.35,33068.31
42490.06,33065.14
42541.65,33047.61
42480.56,33029.98
42402.55,33038.87
42416.21,33072.96
42501.55,33085.18
42544.62,33062.83
42475.6,33027.56
42394.84,33027.56
42401.88,33047.46
42492.3,33059.59
42539.01,33045.42
42480.16,33030.2
42386.42,33025.46
42396.88,33056.39
42494.89,33073.2
42539.75,33050.99
42482.8,33029.75
42393.12,33022.31
42404.7,33051.68
42494.87,33064.35
42541.36,33045.89
42483.04,33028.19
42397.59,33026.73
42394.24,33048.44
42496.7,33081.77
42549.29,33065.16
42477.45,33022.13
42386.59,33030.6
42382.84,33045.51
42481.07,33059.26
42523.32,33039.1
42458.61,33018.11
42388.43,33040.41
42385.54,33057.09
42472.58,33062.95
42523.3,33048.95
42468.96,33031.54
42380.65,33033.69
42387.63,33055.68
42481.88,33062.5
42531.68,33059.17
42463.95,33032.93
42380.4,33029.51
42385.03,33062.61
42476.47,33083.84
42527.07,33055.34
42469.68,33034.11
42391.78,33034.16
42387.64,33043.99
42476.98,33059.48
42526.45,33049.09
42474.91,33028.1
42383.67,33025.68
42381.43,33051.37
42479.38,33073.68
42528.08,33053.63
42458.79,33022.89
42386.93,33035.72
42391.56,33061.83
42489.61,33090.93
42537.65,33069.05
42469.72,33025.57
42394.33,33031.56
42409.06,33067.8
42491.78,33074.41
42555.89,33072.33
42493.66,33056.38
42399.43,33052.98
42400.99,33075.69
42479.76,33078.55
42528.28,33061.05
42473.19,33041.06
42400.05,33051.81
42399.2,33075.53
42485.73,33082.84
42546.34,33076.65
42487.07,33041.33
42384.54,33019.52
42381.92,33044.57
42467.93,33065.85
42526.47,33056.64
42459.21,33011.47
42377.92,33011.63
42380.61,33042.61
42474.59,33051.84
42521.73,33033.29
42460.8,33010.53
42382.41,33004.45
42388.32,33029.8
42471.15,33040.97
42527.25,33035.09
42470.1,33009.86
42388.07,33006.91
42388.9,33033.33
42481.14,33054.3
42536.24,33039.14
42489.03,33022.93
42390.68,33023.29
42382.75,33050.2
42467.38,33058.79
42529.07,33032.61
42471.44,33001.97
42382.95,33007.04
42381.01,33034.65
42470.28,33054.38
42526.81,33045.85
42466.93,33024.21
42384.25,33016.52
42380.31,33031.27
42468.78,33048.53
42527.55,33045.91
42475.4,33015.98
42372.96,33004.16
42371.53,33025.42
42466.64,33039.81
42526.05,33036.23
42469.07,33014.53
42383.78,33004.85
42383.11,33028.57
42467.44,33036.26
42523.95,33022.04
42472.25,33005.32
42394.57,33020.95
42398.33,33048.59
42486.62,33053.67
42532.29,33029.24
42479.36,33000.76
42394.8,33004.2
42385.7,33026.2
42474.64,33037.96
42534.63,33029.21
42481.16,33011.52
42403.52,33021.66
42394.39,33046.9
42485.88,33063.32
42553.47,33058.81
42487.71,33023.61
42399.94,33019.09
42390.37,33042.89
42481.34,33055.95
42535.21,33036.5
42487.67,33019.58
42405.08,33022.89
42400.61,33044.13
42492.99,33061.31
42543.93,33053.56
42490.06,33025.19
42401.57,33023.61
42403.07,33047.41
42485.93,33059.17
42536.17,33052.21
42471.09,33012.48
42389.79,33005.43
42383.22,33024.34
42474.66,33049.29
42527.01,33028.9
42467.51,32999.87
42389.93,33013.39
42385.34,33034.07
42480.27,33054.36
42530.43,33040.28
42482.68,33020.75
42391.56,33015.76
42377.39,33041.89
42471.24,33058.39
42528.11,33044.84
42479.4,33031.81
42387.27,33020.54
42386.46,33039.72
42482.15,33058.41
42541.71,33050.18
42498.33,33041.33
42405.06,33035.27
42407.47,33061.87
42508.01,33092.61
42567.53,33084.69
42517.71,33055.34
42434.81,33060.8
42430.05,33076.65
42518.07,33088.63
42585.17,33086.68
42535.28,33068.15
42458.66,33077.9
42449.16,33092.98
42541.71,33109.32
42598.8,33094.77
42556.36,33080.58
42474.48,33082.01
42470.95,33096.81
42564.38,33109.97
42608.26,33093.72
42558.41,33071.26
42472.67,33072.89
42465.12,33115.36
42557.09,33130.87
42611.83,33094.98
42561.03,33072.82
42472.27,33073.83
42463.93,33085.3
42549.38,33094.24
42611.68,33090.39
42559.87,33070.5
42469.39,33066.72
42465.32,33092.96
42556.36,33109.28
42613.93,33093.97
42562.61,33068.62
42475.36,33068.51
42469.74,33094.02
42558.91,33106.46
42619.32,33099.22
42566.88,33081.05
42481.75,33084.74
42470.93,33095.36
42556.76,33108.03
42612.35,33094.28
42562.61,33072.4
42478.33,33079.78
42470.08,33099.56
42562.66,33112.84
42625.25,33103.09
42562.7,33084.16
42474.93,33076.42
42463.98,33088.36
42546.16,33096.96
42601.44,33085.09
42547.71,33059.88
42461.38,33058.92
42459.62,33095.36
42536.33,33097.59
42591.76,33087.04
42543.32,33063.62
42457.5,33060.13
42446.21,33082.44
42533.2,33104.34
42589.75,33090.13
42543.93,33065.65
42457.41,33063.04
42444.6,33090.39
42532.75,33097.66
42596.7,33085.95
42539.46,33066.14
42436.33,33055.84
42420.66,33063.39
42503.98,33073.11
42562.44,33054.23
42499.92,33024.66
42404.81,33025.28
42383.91,33031.74
42465.68,33041.31
42516.77,33023.09
42472.4,33012.48
42379.75,33006.89
42377.3,33033.46
42463.91,33049.58
42517.11,33041.22
42467.0,33012.59
42380.54,33003.94
42367.62,33031.99
42459.66,33061.76
42519.34,33042.45
42476.65,33024.46
42383.0,33023.45
42374.21,33045.89
42463.95,33063.35
42519.27,33054.68
42472.98,33030.65
42389.66,33033.35
42386.24,33055.84
42471.69,33067.55
42531.77,33057.34
42484.72,33033.08
42393.7,33030.56
42391.18,33058.99
42482.44,33081.61
42548.69,33078.41
42495.0,33057.29
42400.43,33042.61
42387.55,33060.6
42476.63,33087.6
42542.81,33066.14
42505.37,33043.01
42401.97,33038.18
42388.16,33060.71
42476.38,33079.06
42539.48,33069.16
42496.66,33043.92
42416.21,33050.25
42402.22,33068.29
42486.17,33085.43
42547.64,33073.07
42504.68,33057.13
42417.55,33053.56
42410.55,33082.68
42488.59,33100.23
42543.3,33067.75
42493.44,33034.2
42405.71,33036.75
42394.13,33059.55
42487.11,33081.77
42544.0,33066.86
42500.52,33044.71
42419.56,33046.94
42397.44,33064.69
42485.1,33079.38
42549.18,33069.2
42499.96,33041.69
42411.38,33038.47
42402.66,33058.5
42491.94,33081.23
42553.25,33066.52
42506.38,33045.04
42410.91,33040.04
42394.17,33062.36
42485.61,33074.55
42549.61,33059.82
42521.31,33049.49
42432.06,33053.73
42411.14,33069.58
42495.92,33082.97
42562.17,33080.25
42517.26,33058.5
42425.64,33050.61
42415.83,33072.85
42501.01,33090.77
42562.88,33079.82
42512.86,33059.88
42423.86,33053.4
42393.14,33054.56
42477.43,33066.72
42546.99,33060.06
42503.65,33039.41
42417.8,33051.46
42408.97,33076.22
42488.83,33082.95
42544.69,33058.79
42499.32,33028.81
42414.27,33032.59
42398.44,33056.75
42484.5,33069.65
42542.39,33064.69
42496.88,33036.17
42419.32,33037.91
42407.43,33066.41
42483.18,33072.89
42542.07,33058.81
42500.52,33044.41
42413.17,33046.0
42406.02,33071.04
42494.49,33094.53
42553.76,33073.34
42505.15,33052.33
42419.77,33050.92
42396.47,33046.9
42475.36,33063.82
42538.39,33062.86
42494.78,33034.18
42409.33,33030.29
42396.63,33050.99
42481.07,33072.82
42541.58,33069.07
42499.11,33041.78
42410.27,33034.04
42392.38,33059.44
42475.27,33072.4
42541.38,33062.25
42507.45,33051.25
42423.92,33040.84
42410.0,33060.13
42483.2,33084.45
42542.41,33083.44
42500.41,33059.08
42410.0,33047.48
42396.14,33067.41
42488.23,33089.95
42550.07,33079.15
42507.7,33050.47
42418.18,33050.68
42401.66,33074.03
42490.26,33089.61
42557.92,33078.14
42513.15,33049.22
42423.07,33046.74
42402.69,33065.58
42492.9,33091.33
42564.0,33085.7
42501.93,33042.38
42408.5,33036.14
42399.18,33068.49
42484.12,33088.63
42553.45,33077.5
42510.16,33041.04
42426.09,33038.16
42404.52,33053.04
42489.5,33069.85
42555.6,33064.4
42517.96,33043.57
42424.3,33037.29
42405.82,33057.02
42494.69,33077.21
42558.59,33066.86
42507.56,33060.4
42413.39,33044.01
42399.27,33054.74
42487.6,33073.94
42558.03,33062.41
42514.0,33035.3
42429.51,33039.54
42405.3,33055.08
42491.92,33080.38
42558.48,33076.87
42517.71,33048.8
42428.08,33041.02
42405.64,33058.72
42493.26,33082.01
42555.39,33067.64
42510.11,33043.32
42417.8,33034.74
42394.78,33052.84
42481.59,33071.8
42547.95,33059.59
42517.11,33058.14
42426.58,33069.2
42404.77,33066.03
42494.78,33076.73
42549.07,33058.63
42512.26,33036.46
42423.95,33034.27
42399.38,33054.74
42476.16,33074.95
42546.39,33065.74
42512.77,33042.89
42425.71,33038.25
42406.76,33053.6
42489.79,33074.61
42559.38,33069.74
42517.04,33040.71
42425.2,33036.48
42413.44,33067.75
42492.52,33080.67
42546.95,33069.25
42518.58,33051.68
42430.2,33040.08
42404.03,33064.69
42482.57,33080.96
42556.45,33071.95
42510.91,33046.43
42416.37,33038.52
42399.58,33048.64
42484.23,33069.36
42557.47,33072.47
42517.55,33042.98
42426.98,33040.82
42412.61,33067.08
42509.02,33094.5
42578.69,33083.51
42549.07,33064.91
42457.45,33064.46
42428.59,33081.72
42512.21,33103.49
42582.48,33090.1
42540.09,33055.32
42452.38,33057.29
42424.55,33070.1
42503.47,33089.75
42575.11,33088.09
42548.06,33071.13
42454.07,33065.56
42426.76,33083.82
42515.88,33109.77
42586.69,33107.8
42551.71,33083.69
42462.21,33076.09
42437.2,33090.37
42512.3,33105.14
42580.96,33103.22
42550.99,33076.13
42452.2,33064.98
42432.64,33083.0
42515.7,33095.87
42580.88,33092.76
42548.73,33071.1
42456.82,33063.84
42438.45,33088.8
42520.66,33107.38
42585.91,33098.64
42558.14,33078.26
42464.69,33070.14
42423.99,33076.65
42508.41,33099.91
42585.39,33098.57
42552.42,33075.6
42463.13,33062.01
42442.27,33079.66
42534.34,33110.38
42595.14,33097.21
42551.98,33064.15
42457.23,33057.31
42433.85,33072.87
42516.93,33097.12
42590.58,33094.3
42561.27,33073.79
42473.3,33076.54
42449.38,33091.96
42522.61,33097.23
42592.5,33090.28
42557.61,33067.77
42470.73,33070.48
42450.72,33086.08
42523.5,33104.96
42587.4,33095.87
42559.75,33065.74
42446.39,33053.16
42416.19,33072.78
42503.47,33099.91
42572.11,33078.08
42534.83,33044.24
42437.02,33038.98
42402.6,33047.84
42487.67,33074.55
42565.41,33069.98
42534.05,33044.1
42446.5,33044.66
42415.12,33066.81
42496.23,33090.39
42571.24,33078.32
42540.02,33056.24
42440.46,33056.15
42413.46,33065.52
42489.05,33076.2
42564.27,33070.93
42527.61,33039.52
42434.76,33035.07
42405.17,33058.18
42482.73,33073.34
42559.24,33061.54
42531.75,33037.06
42446.21,33044.64
42419.79,33063.04
42499.34,33081.0
42557.52,33070.34
42523.68,33037.33
42426.61,33023.88
42402.0,33052.15
42491.09,33069.5
42559.84,33056.48
42533.16,33041.67
42445.76,33036.97
42416.82,33057.98
42498.96,33081.18
42574.51,33075.66
42537.45,33044.86
42448.82,33047.93
42415.85,33068.71
42500.52,33088.8
42577.97,33081.83
42549.52,33056.26
42456.89,33045.73
42424.13,33061.07
42493.23,33081.36
42563.84,33065.61
42534.68,33040.97
42444.87,33037.84
42420.5,33066.05
42504.28,33081.41
42577.01,33069.94
42553.94,33053.13
42450.27,33037.04
42414.76,33043.79
42488.86,33059.19
42564.63,33059.3
42530.92,33035.81
42446.43,33044.62
42420.86,33055.95
42499.96,33075.2
42568.0,33070.95
42545.7,33051.25
42456.09,33045.46
42417.02,33053.25
42488.05,33071.89
42556.6,33052.55
42535.79,33031.54
42442.5,33022.29
42406.04,33037.75
42489.01,33057.45
42568.72,33051.88
42537.31,33028.41
42438.14,33027.7
42405.01,33043.16
42480.99,33050.5
42553.09,33043.95
42533.04,33024.1
42434.25,33011.76
42410.06,33037.4
42494.55,33061.38
42564.22,33052.55
42537.83,33036.46
42448.49,33026.69
42421.26,33029.48
42496.07,33053.63
42548.8,33043.7
42527.5,33024.28
42447.95,33029.57
42413.89,33053.22
42483.58,33069.02
42562.1,33062.5
42545.02,33042.65
42454.41,33033.53
42426.18,33054.41
42499.63,33078.79
42565.75,33065.67
42541.61,33042.96
42447.19,33034.83
42427.86,33066.99
42504.25,33079.33
42563.42,33069.61
42537.16,33044.13
42447.93,33031.83
42409.71,33044.93
42488.0,33070.48
42565.16,33063.77
42541.71,33041.02
42447.77,33030.8
42428.53,33060.44
42503.88,33082.32
42577.12,33079.38
42551.24,33056.57
42453.85,33040.88
42417.44,33053.0
42494.4,33070.07
42566.46,33062.32
42534.32,33046.23
42438.16,33029.24
42410.63,33047.34
42490.73,33077.09
42562.61,33069.81
42535.84,33043.54
42440.44,33036.3
42412.32,33066.36
42484.2,33083.29
42560.83,33068.33
42544.06,33046.11
42446.88,33037.35
42420.43,33061.2
42496.03,33079.71
42562.05,33071.24
42539.97,33041.78
42448.93,33030.31
42409.98,33041.84
42485.93,33066.1
42567.4,33066.86
42544.29,33040.28
42447.61,33027.14
42417.42,33051.14
42499.16,33081.54
42571.02,33078.55
42549.88,33047.99
42455.57,33035.5
42412.72,33057.29
42487.07,33081.77
42566.91,33073.96
42545.38,33045.73
42456.31,33052.15
42424.13,33081.27
42502.89,33081.5
42578.53,33076.58
42550.55,33052.02
