41172.38,64253.35
40116.71,63077.76
39869.03,62965.71
40973.96,64246.6
41559.54,64784.76
41170.01,64254.96
40122.7,63083.19
39878.21,62968.66
40974.43,64244.14
41554.15,64773.92
41163.17,64243.32
40116.71,63073.67
39863.53,62954.85
40964.93,64241.35
41557.61,64786.42
41163.24,64251.72
40129.09,63090.61
39872.02,62965.8
40963.13,64236.21
41554.55,64779.33
41169.25,64253.57
40122.32,63081.49
39859.8,62951.59
40957.04,64229.34
41557.57,64774.48
41182.11,64257.26
40145.61,63107.89
39883.29,62978.23
40968.98,64244.41
41574.45,64796.41
41185.17,64272.57
40144.02,63106.93
39885.64,62975.28
40958.23,64228.94
41551.11,64770.35
41167.8,64235.27
40114.14,63055.45
39833.18,62913.54
40930.2,64185.34
41528.67,64728.53
41142.54,64203.42
40093.89,63029.08
39819.79,62886.54
40914.33,64160.61
41521.0,64716.3
41157.23,64211.29
40113.47,63043.23
39832.06,62898.54
40915.87,64164.64
41518.74,64724.52
41146.72,64210.28
40106.27,63041.93
39825.87,62889.71
40916.3,64158.67
41517.31,64714.47
41149.2,64209.16
40107.57,63035.85
39818.76,62883.25
40916.01,64161.98
41533.18,64731.92
41155.15,64217.3
40113.69,63047.88
39832.91,62901.59
40924.16,64179.66
41535.55,64744.3
41158.72,64223.33
40107.84,63042.45
39823.05,62888.11
40921.68,64169.2
41540.05,64744.13
41165.88,64232.68
40126.63,63065.31
39834.52,62897.94
40923.38,64169.57
41529.74,64730.49
41160.94,64221.72
40126.27,63058.2
39831.25,62894.1
40922.76,64173.84
41542.21,64745.07
41178.48,64249.71
40147.6,63087.28
39843.86,62908.45
40926.0,64175.79
41534.68,64737.89
41166.52,64230.11
40138.77,63070.77
39835.61,62896.76
40921.1,64168.14
41542.59,64745.91
41172.98,64244.57
40133.83,63080.78
39831.59,62907.17
40919.58,64174.56
41543.35,64749.25
41184.0,64249.28
40137.29,63076.42
39826.85,62898.72
40916.39,64172.68
41552.61,64758.28
41179.8,64248.66
40134.68,63083.41
39824.88,62894.95
40907.98,64162.65
41538.97,64750.12
41183.18,64255.25
40134.1,63078.97
39812.88,62882.27
40899.42,64147.45
41538.59,64742.07
41178.48,64241.79
40138.93,63078.72
39825.42,62887.39
40903.22,64142.96
41537.63,64734.43
41178.3,64244.14
40132.96,63078.21
39811.05,62872.39
40897.86,64132.14
41532.54,64728.62
41180.36,64246.02
40136.8,63080.67
39814.31,62876.04
40905.1,64144.88
41535.38,64736.93
41182.62,64254.69
40145.3,63095.6
39825.69,62889.54
40900.63,64138.6
41529.74,64723.72
41192.12,64256.61
40164.88,63107.82
39836.51,62899.24
40908.68,64153.26
41542.55,64745.6
41193.39,64260.55
40148.36,63097.81
39822.09,62889.0
40898.8,64137.19
41540.47,64745.2
41193.13,64265.8
40151.98,63097.59
39819.92,62880.11
40899.45,64135.94
41542.17,64741.76
41197.97,64264.21
40166.11,63111.96
39831.7,62893.25
40903.49,64142.93
41542.41,64744.26
41191.98,64258.22
40157.16,63103.29
39825.31,62884.82
40902.11,64132.65
41548.52,64741.27
41200.39,64262.63
40162.64,63118.71
39822.2,62892.09
40902.26,64144.39
41547.85,64749.22
41198.36,64265.42
40166.75,63109.12
39824.66,62883.3
40897.07,64132.7
41547.58,64745.58
41199.14,64267.48
40164.83,63108.25
39812.61,62869.24
40891.62,64130.41
41544.65,64742.79
41201.59,64271.68
40167.74,63114.93
39814.73,62871.25
40889.27,64122.75
41542.79,64738.52
41197.97,64264.01
40165.73,63107.46
39806.76,62863.63
40879.24,64113.38
41534.7,64729.51
41196.41,64262.67
40157.41,63096.4
39802.89,62851.14
40877.85,64106.79
41537.9,64731.68
41200.57,64261.8
40166.38,63098.14
39805.15,62851.63
40876.6,64103.82
41543.6,64730.36
41207.59,64256.99
40177.86,63104.52
39812.37,62859.05
40875.73,64104.62
41533.74,64726.56
41204.61,64260.13
40173.06,63103.18
39806.51,62854.33
40866.97,64101.09
41536.74,64725.69
41211.79,64261.4
40178.51,63108.0
39794.42,62837.1
40862.21,64090.12
41536.11,64732.26
41201.19,64263.68
40166.11,63100.63
39791.58,62834.73
40858.96,64092.48
41531.71,64726.27
41209.44,64263.7
40185.29,63107.22
39800.3,62835.87
40864.13,64090.68
41536.45,64728.41
41210.87,64264.23
40180.39,63097.77
39799.38,62834.75
40860.82,64081.31
41531.51,64723.0
41216.3,64272.06
40186.58,63106.86
39799.09,62832.14
40854.79,64076.66
41534.86,64722.94
41208.97,64259.79
40186.89,63109.77
39794.57,62830.57
40850.67,64073.69
41534.05,64719.79
41215.61,64265.58
40185.75,63100.89
39800.5,62823.44
40856.2,64065.04
41538.14,64716.59
41214.13,64266.0
40198.63,63114.02
39808.99,62833.28
40858.5,64074.78
41542.5,64719.52
41219.83,64263.01
40192.88,63099.55
39792.5,62811.44
40851.79,64067.72
41553.7,64731.95
41238.59,64279.46
40211.26,63114.73
39815.81,62829.05
40854.92,64063.32
41536.04,64708.72
41224.24,64261.78
40194.05,63093.0
39795.43,62808.82
40847.59,64051.4
41525.23,64700.72
41216.19,64258.71
40195.16,63100.16
39788.14,62799.32
40837.29,64041.46
41532.31,64707.25
41231.01,64267.75
40204.17,63100.38
39792.0,62803.48
40843.9,64049.41
41536.69,64706.53
41224.71,64264.08
40190.85,63098.59
39792.34,62804.24
40838.29,64041.64
41539.11,64705.48
41229.49,64265.38
40202.76,63112.96
39794.29,62806.1
40836.17,64041.79
41527.89,64701.32
41234.63,64266.52
40214.21,63109.66
39797.66,62805.52
40835.83,64034.37
41535.6,64709.59
41228.71,64276.8
40207.3,63127.83
39792.86,62822.08
40835.16,64058.73
41546.1,64733.42
41247.37,64296.4
40213.34,63134.54
39791.11,62821.34
40835.79,64054.64
41542.3,64728.08
41241.34,64299.06
40219.79,63147.21
39793.32,62826.59
40834.31,64055.4
41541.34,64727.03
41232.75,64288.4
40207.57,63134.29
39786.91,62813.85
40833.42,64050.24
41538.23,64726.58
41248.62,64302.7
40236.25,63160.37
39803.2,62828.36
40836.7,64048.03
41534.66,64724.19
41234.18,64289.02
40223.37,63148.77
39792.81,62823.71
40836.43,64052.01
41542.13,64730.61
41252.96,64306.86
40233.34,63153.38
39789.41,62810.28
40827.27,64038.3
41533.21,64724.61
41240.04,64302.17
40227.57,63155.68
39787.51,62813.27
40825.48,64035.31
41535.15,64719.61
41245.58,64303.26
40233.83,63158.63
39790.26,62813.34
40832.03,64040.81
41544.14,64727.57
41249.23,64306.52
40227.64,63163.66
39791.04,62820.11
40822.13,64042.3
41539.57,64734.98
41252.29,64316.14
40240.02,63172.58
39793.17,62825.03
40824.21,64040.67
41537.34,64725.82
41251.42,64316.56
40231.55,63169.92
39778.53,62810.57
40814.98,64031.22
41540.56,64729.82
41249.09,64314.59
40235.15,63169.16
39785.77,62816.69
40814.86,64033.57
41541.48,64735.77
41255.29,64323.49
40247.11,63183.11
39786.86,62817.05
40811.96,64036.2
41536.02,64737.29
41258.86,64332.12
40255.36,63199.51
39789.68,62825.3
40814.66,64038.46
41537.21,64740.71
41261.7,64337.91
40251.78,63190.97
39768.4,62798.32
40779.59,63997.76
41502.47,64697.61
41207.63,64267.21
40188.19,63112.79
39722.16,62745.03
40737.42,63949.32
41472.9,64657.43
41181.12,64232.21
40156.45,63072.84
39691.96,62701.11
40711.29,63911.73
41453.14,64630.09
41172.71,64222.17
40159.04,63077.58
39691.54,62701.69
40717.3,63916.44
41454.53,64627.86
41174.15,64222.55
40159.71,63077.52
39683.78,62695.39
40707.44,63908.3
41450.04,64623.38
41171.33,64215.13
40164.99,63078.83
39686.5,62694.23
40705.9,63909.34
41450.26,64632.48
41177.1,64230.37
40163.76,63079.59
39685.54,62689.06
40694.23,63893.11
41439.42,64611.0
41154.54,64196.87
40145.05,63056.3
39658.16,62658.66
40659.63,63849.61
41392.55,64559.01
41111.54,64153.04
40104.37,63004.07
39601.16,62587.3
40600.45,63778.04
41348.45,64502.13
41087.71,64108.27
40086.98,62974.34
39587.46,62565.91
40586.9,63766.33
41325.87,64481.45
41053.52,64076.91
40054.73,62935.65
39567.46,62536.04
40577.18,63748.13
41328.66,64475.37
41074.97,64089.78
40076.25,62949.95
39580.0,62544.11
40604.67,63761.99
41367.24,64499.73
41111.2,64121.41
40114.74,62987.79
39625.44,62588.48
40638.11,63793.64
41401.53,64532.34
41148.91,64159.79
40151.24,63029.21
39653.8,62622.01
40656.57,63820.4
41417.51,64561.29
41161.16,64174.72
40153.99,63030.93
39661.49,62632.92
40670.29,63839.91
41424.69,64577.14
41165.45,64188.57
40176.77,63064.42
39673.59,62647.69
40672.66,63846.26
41430.16,64582.57
41179.69,64196.62
40189.04,63069.09
39675.89,62646.84
40679.1,63851.2
41441.99,64599.64
41198.93,64229.14
40202.58,63094.99
39684.7,62662.96
40688.27,63858.53
41454.53,64605.08
41200.19,64225.01
40197.15,63079.68
39686.84,62651.69
40682.83,63854.21
41458.3,64616.66
41223.72,64248.72
40231.89,63116.32
39716.99,62684.1
40698.28,63863.96
41450.53,64605.41
41207.54,64233.68
40218.14,63110.46
39699.4,62678.34
40688.29,63864.39
41452.74,64613.62
41209.53,64241.66
40212.8,63104.45
39690.64,62668.12
40674.94,63849.07
41448.22,64600.12
41212.7,64240.27
40223.93,63118.64
39691.45,62667.41
40681.65,63848.74
41454.62,64599.96
41211.95,64232.34
40223.48,63108.36
39692.02,62662.84
40675.66,63842.97
41449.59,64601.37
41212.43,64237.86
40213.45,63100.74
39685.21,62650.55
40673.65,63837.34
41449.81,64604.21
41203.41,64233.41
40220.2,63108.5
39689.81,62654.69
40673.82,63830.5
41448.02,64587.31
41213.15,64232.72
40221.54,63106.35
39692.36,62660.79
40676.17,63842.23
41449.25,64596.34
41218.56,64238.71
40230.52,63109.05
39696.77,62657.37
40677.6,63834.61
41452.7,64599.33
41217.42,64246.76
40233.99,63129.68
39699.29,62670.42
40674.05,63839.39
41449.45,64598.66
41224.24,64245.68
40244.31,63128.61
39700.36,62664.21
40675.41,63833.18
41457.3,64600.72
41227.25,64246.33
40230.1,63112.18
39687.51,62651.45
40671.95,63826.86
41462.26,64601.25
41233.02,64243.63
40254.06,63128.72
39705.17,62660.54
40680.26,63833.07
41463.56,64604.3
41235.21,64248.43
40252.38,63122.84
39700.23,62646.75
40665.2,63808.98
41451.96,64577.83
41231.88,64237.37
40248.32,63126.75
39698.2,62654.02
40668.75,63815.99
41456.0,64589.97
41234.03,64244.81
40253.08,63123.63
39690.3,62639.29
40669.94,63815.99
41452.63,64587.06
41238.48,64245.01
40249.41,63120.59
39682.46,62626.99
40658.4,63798.56
41453.63,64582.86
41232.33,64242.73
40242.13,63122.55
39684.79,62634.68
40658.65,63799.99
41450.23,64584.31
41233.04,64242.67
40253.66,63123.4
39685.32,62632.34
40647.52,63793.13
41442.5,64583.46
41226.88,64242.89
40253.84,63128.16
39685.32,62632.96
40654.27,63799.01
41451.0,64585.14
41238.39,64247.43
40255.04,63127.43
39680.8,62627.24
40643.09,63788.16
41439.11,64580.51
41227.63,64242.49
40254.53,63128.01
39679.02,62629.34
40635.87,63788.34
41439.42,64575.39
41237.4,64253.75
40261.14,63146.87
39686.04,62642.13
40641.04,63791.34
41441.9,64584.27
41233.8,64254.78
40253.52,63136.1
39674.7,62631.64
40623.69,63783.85
41420.98,64574.16
41217.31,64243.14
40240.05,63119.38
39646.02,62592.84
40585.38,63733.0
41387.56,64521.37
41183.71,64188.02
40205.64,63071.41
39610.96,62555.07
40562.52,63706.52
41364.23,64501.39
41148.24,64163.61
40165.55,63032.81
39569.67,62503.48
40509.54,63643.98
41312.35,64435.79
41112.66,64112.36
40130.88,62989.34
39539.07,62468.16
40491.17,63632.8
41304.66,64438.85
41094.42,64104.55
40129.96,62996.11
39545.53,62470.06
40502.66,63636.89
41325.56,64454.92
41124.82,64127.22
40172.41,63033.37
39580.76,62514.0
40527.49,63669.05
41347.84,64476.04
41151.82,64150.82
40195.57,63060.28
39605.23,62539.96
40546.49,63689.24
41364.11,64500.61
41172.76,64181.13
40211.7,63081.56
39615.8,62550.39
40554.09,63695.52
41379.78,64519.85
41193.41,64206.05
40235.66,63106.77
39633.71,62568.41
40570.45,63711.37
41403.9,64549.33
41219.39,64231.8
40255.98,63125.55
39653.45,62594.36
40576.15,63721.94
41396.3,64543.25
41212.91,64230.26
40249.66,63121.44
39640.23,62578.64
40572.26,63721.4
41396.64,64540.55
41207.74,64227.87
40249.19,63122.84
39642.18,62589.93
40579.43,63736.87
41416.91,64568.29
41224.73,64248.99
40263.92,63147.03
39647.55,62598.98
40576.33,63730.36
41404.86,64558.96
41216.13,64250.07
40259.76,63144.5
39645.69,62595.25
40582.03,63736.02
41415.75,64562.63
41228.08,64250.18
40268.48,63157.55
39654.39,62608.93
40582.34,63737.7
41415.34,64568.51
41231.39,64259.63
40273.37,63160.57
39649.89,62597.87
40577.87,63735.28
41421.27,64582.21
41235.32,64267.43
40283.16,63164.04
39656.64,62607.86
40581.63,63734.86
41415.61,64563.86
41239.48,64275.32
40294.56,63182.52
39666.16,62614.05
40583.37,63735.06
41419.1,64570.1
41244.44,64269.85
40296.35,63176.67
39672.07,62616.55
40583.93,63733.05
41421.25,64572.22
41246.54,64274.05
40294.23,63179.3
39666.32,62609.04
40581.47,63729.09
41433.85,64584.71
41269.66,64295.53
40324.29,63207.96
39682.23,62629.36
40586.32,63741.16
41428.67,64584.89
41263.38,64290.75
40306.9,63193.39
39672.31,62620.45
40591.86,63741.72
41434.61,64584.78
41262.04,64284.02
40306.54,63189.81
39670.07,62612.42
40587.84,63738.75
41441.65,64593.48
41273.46,64296.82
40320.4,63203.82
39679.17,62632.96
40593.38,63747.93
41436.87,64592.29
41267.46,64299.44
40317.79,63211.25
39670.9,62618.36
40581.74,63725.36
41435.68,64589.7
41268.61,64300.18
40320.18,63212.27
39673.74,62625.72
40581.02,63728.49
41433.47,64582.35
41266.41,64293.67
40323.53,63220.12
39678.88,62634.26
40587.19,63740.49
41439.46,64589.45
41276.05,64305.9
40327.11,63215.34
39679.46,62622.99
40585.69,63738.3
41442.34,64601.25
41266.71,64313.21
40321.29,63223.34
39680.47,62635.8
40579.41,63735.35
41435.84,64597.7
41279.11,64319.47
40332.74,63224.28
39681.97,62632.2
40581.29,63735.66
41443.17,64597.61
41283.31,64311.64
40332.87,63226.8
39678.1,62625.79
40576.51,63721.69
41434.43,64590.3
41285.3,64319.29
40349.48,63239.59
39688.34,62639.44
40580.66,63732.6
41446.52,64596.2
41287.83,64320.9
40336.76,63231.23
39671.86,62620.42
40572.46,63721.45
41432.09,64585.23
41284.5,64315.89
40348.72,63237.35
39679.42,62623.19
40573.06,63722.5
41442.14,64593.21
41284.45,64318.62
40340.47,63229.75
39681.72,62620.38
40565.35,63706.65
41439.13,64585.18
41302.36,64323.8
40356.7,63236.08
39689.66,62624.2
40578.96,63719.03
41442.34,64592.32
41291.85,64318.59
40353.12,63229.37
39679.78,62614.61
40569.84,63712.5
41439.82,64588.54
41294.15,64318.91
40352.36,63232.01
39681.0,62611.08
40574.81,63713.71
41455.45,64594.28
41302.96,64319.24
40368.12,63245.31
39687.27,62623.73
40567.25,63708.82
41441.9,64585.65
41298.94,64317.52
40364.21,63239.03
39681.83,62605.22
40570.52,63703.68
41443.98,64583.17
41295.88,64317.34
40369.24,63241.87
39681.74,62603.68
40561.75,63690.06
41442.59,64580.36
41298.29,64315.18
40370.4,63240.53
39682.75,62608.02
40551.05,63690.0
41444.27,64584.34
41312.84,64325.32
40390.74,63254.68
39693.59,62605.74
40561.84,63687.43
41449.43,64591.38
41308.08,64328.9
40369.75,63242.54
39679.17,62602.81
40550.96,63687.29
41436.96,64579.29
41311.18,64325.03
40377.62,63250.41
39684.31,62605.69
40547.43,63673.25
41431.1,64570.03
41302.56,64318.57
40378.02,63241.62
39686.44,62605.31
40549.33,63678.13
41439.91,64579.98
41303.47,64320.11
40383.41,63257.98
39678.48,62599.5
40542.33,63673.03
41433.74,64575.28
41304.64,64321.75
40381.91,63259.3
39677.36,62604.69
40542.73,63678.73
41429.92,64576.67
41302.04,64324.5
40382.52,63251.5
39677.77,62592.68
40537.26,63668.0
41431.1,64569.38
41307.95,64325.77
40376.93,63246.83
39674.43,62590.31
40533.46,63656.22
41426.34,64561.85
41304.59,64318.55
40385.0,63249.85
39677.05,62592.71
40528.47,63658.66
41426.16,64568.15
41303.72,64326.84
40388.66,63268.96
39677.27,62599.59
40526.97,63660.18
41424.46,64568.22
41317.91,64336.39
40405.16,63279.17
39688.07,62610.79
40537.01,63674.71
41427.13,64579.75
41314.27,64344.72
40398.88,63278.46
39685.88,62608.6
40536.38,63667.67
41431.57,64572.46
41310.89,64330.78
40392.68,63275.26
39673.56,62600.73
40521.5,63656.67
41422.79,64570.9
41313.62,64341.42
40393.78,63277.14
39684.52,62604.86
40530.11,63660.98
41429.49,64580.25
41320.28,64350.49
40399.61,63283.73
39682.59,62604.44
40526.8,63659.0
41432.62,64582.41
41316.33,64344.79
40401.09,63288.54
39676.98,62613.52
40517.5,63662.88
41426.23,64580.69
41312.79,64345.2
40398.07,63291.4
39677.5,62606.3
40515.29,63651.08
41416.82,64571.01
41309.04,64348.46
40393.58,63288.36
39674.59,62599.93
40504.73,63642.41
41411.01,64570.16
41303.25,64344.23
40387.95,63280.6
39661.92,62593.0
40502.61,63643.5
41414.68,64575.46
41309.06,64354.16
40397.36,63293.79
39670.1,62601.51
40500.46,63643.42
41408.86,64565.25
41309.24,64343.7
40407.01,63301.32
39674.81,62618.21
40502.79,63653.65
41418.74,64585.83
41317.15,64361.93
40403.57,63301.68
39664.84,62597.38
40496.78,63635.26
41419.23,64578.81
41317.91,64368.8
40408.64,63316.14
39666.37,62609.31
40498.21,63647.04
41412.62,64579.57
41304.75,64354.05
40406.99,63311.22
39673.47,62615.59
40494.54,63642.63
41408.3,64576.04
41304.48,64354.56
40404.33,63313.39
39669.41,62616.49
40493.67,63648.98
41406.23,64581.81
41316.15,64367.97
40410.48,63317.15
39662.68,62610.36
40490.65,63648.78
41411.21,64584.29
41314.83,64371.59
40420.74,63332.95
39677.21,62624.98
40496.29,63645.85
41409.51,64580.16
41318.27,64371.37
40418.37,63328.52
39668.46,62613.49
40480.48,63632.06
41408.06,64579.95
41315.93,64370.14
40420.29,63324.68
39666.86,62606.81
40478.7,63631.05
41405.96,64572.58
41322.2,64369.22
40424.0,63326.8
39664.76,62597.38
40476.8,63618.56
41399.54,64564.29
41322.29,64367.81
40431.02,63335.7
39684.83,62623.28
40485.02,63631.08
41400.93,64567.39
41318.38,64366.43
40422.77,63320.5
39665.72,62588.19
40475.5,63611.5
41406.14,64561.69
41319.68,64363.72
40421.47,63322.02
39666.84,62591.81
40470.27,63602.65
41399.9,64558.83
41320.59,64366.05
40428.45,63321.04
39673.74,62593.84
40467.59,63598.67
41400.13,64559.17
41319.23,64357.51
40430.13,63318.29
39672.45,62592.88
40471.92,63608.23
41395.07,64552.08
41315.39,64352.97
40422.19,63313.06
39663.28,62586.54
40466.4,63594.87
41395.52,64547.1
41312.97,64351.63
40436.54,63323.36
39672.98,62587.83
40461.57,63590.84
41395.03,64551.12
41311.45,64351.5
40424.69,63319.07
39661.98,62583.72
40462.67,63593.06
41406.34,64562.32
41331.64,64369.11
40444.0,63331.77
39675.35,62595.48
40459.18,63595.07
41398.6,64555.79
41325.98,64368.95
40433.32,63325.13
39668.29,62589.62
40456.9,63592.23
41396.5,64553.67
41330.48,64372.29
40450.26,63345.36
39678.23,62605.76
40454.44,63597.06
41391.32,64552.93
41323.66,64365.04
40444.03,63341.6
39676.11,62597.76
40460.34,63596.86
41395.07,64558.56
41329.02,64370.92
40447.34,63340.95
39676.38,62601.51
40456.21,63585.44
41394.07,64552.44
41327.52,64368.95
40436.61,63330.6
39661.65,62584.57
40440.74,63574.71
41381.14,64543.59
41318.02,64361.15
40434.93,63327.25
39651.01,62576.95
40432.29,63578.55
41387.09,64553.31
41326.83,64376.35
40449.13,63353.43
39666.28,62597.06
40440.36,63581.1
41385.19,64547.99
41330.48,64378.74
40458.4,63362.01
39667.73,62602.92
40442.33,63586.42
41392.75,64563.97
41324.57,64382.14
40453.75,63363.24
39668.04,62601.27
40439.11,63581.12
41389.06,64560.17
41341.85,64398.52
40462.67,63379.62
39668.15,62610.88
40441.59,63594.09
41399.99,64586.66
41332.49,64402.14
40460.48,63380.18
39674.08,62614.36
40436.27,63586.44
41395.14,64573.16
41345.81,64414.71
40473.89,63394.93
39681.97,62623.24
40438.77,63586.48
41395.9,64572.2
41355.73,64417.57
40478.43,63391.63
39691.71,62632.89
40440.47,63593.28
41390.55,64569.56
41348.82,64411.15
40482.79,63396.63
39687.67,62619.64
40439.29,63580.52
41400.79,64569.58
41346.3,64406.24
40474.85,63388.32
39684.02,62619.21
40439.4,63583.78
41396.3,64567.75
41347.84,64406.55
40479.01,63390.86
39685.83,62621.38
40429.3,63570.46
41392.79,64565.22
41347.24,64408.92
40483.03,63400.03
39682.14,62615.5
40432.43,63567.33
41395.94,64562.59
41351.57,64399.31
40485.4,63383.09
39683.13,62599.1
40434.77,63563.78
41398.18,64556.53
41352.22,64400.98
40487.7,63391.33
39689.14,62606.88
40435.8,63562.08
41402.56,64564.4
41358.68,64410.64
40498.21,63402.73
39691.54,62613.89
40426.23,63553.9
41392.66,64555.88
41348.29,64399.57
40488.24,63393.48
39678.12,62603.48
40417.92,63549.65
41385.89,64549.91
41359.51,64403.69
40508.56,63404.59
39681.68,62603.86
40416.45,63551.55
41392.1,64559.84
41364.76,64422.2
40512.85,63424.61
39696.29,62621.38
40422.3,63547.04
41392.9,64546.25
41359.36,64395.38
40498.1,63383.76
39684.31,62584.35
40418.66,63532.98
41391.96,64537.89
41359.8,64394.88
40502.63,63387.22
39683.31,62583.03
40413.11,63520.21
41394.54,64532.01
41367.69,64389.63
40514.73,63395.49
39687.62,62587.32
40411.93,63518.78
41398.74,64540.41
41375.34,64400.65
40513.88,63392.65
39690.8,62582.34
40415.82,63524.48
41399.45,64539.41
41378.4,64406.5
40529.3,63415.2
39700.45,62599.16
40421.96,63536.11
41402.94,64551.63
41382.11,64408.74
40523.24,63403.85
39694.44,62589.2
40412.31,63518.27
41397.29,64541.93
41374.13,64405.72
40527.27,63408.45
39695.63,62590.7
40412.82,63519.88
41400.32,64542.2
41386.06,64412.9
40531.78,63402.91
39688.74,62574.09
40408.46,63515.39
41392.81,64539.95
41385.46,64411.09
40539.43,63410.29
39703.54,62586.74
40410.03,63505.98
41403.36,64531.96
41388.34,64408.29
40536.43,63412.75
39697.23,62579.16
40406.19,63496.3
41397.66,64523.49
41381.08,64395.51
40537.88,63405.21
39702.24,62583.72
40403.97,63497.01
41395.3,64530.31
41388.07,64412.99
40543.34,63416.61
39698.82,62578.22
40398.5,63490.73
41385.33,64519.94
41374.38,64395.39
40542.29,63416.1
39697.01,62578.96
40400.42,63493.86
41394.8,64532.57
41385.93,64406.1
40547.74,63417.48
39702.8,62580.39
40397.67,63491.0
41387.38,64518.31
41375.45,64394.5
40536.86,63411.23
39687.93,62574.67
40387.48,63486.55
41391.25,64528.05
41379.54,64400.16
40536.59,63404.9
39692.96,62573.35
40381.35,63475.13
41380.88,64519.85
41387.98,64416.63
40553.17,63425.44
39695.98,62575.72
40383.86,63478.64
41380.61,64520.86
41377.21,64407.02
40534.15,63410.91
39671.62,62563.16
40356.79,63461.79
41368.68,64508.7
41374.95,64405.7
40545.35,63429.02
39695.33,62575.81
40370.73,63463.98
41370.04,64516.59
41370.24,64403.33
40540.54,63425.04
39687.96,62577.02
40368.52,63471.71
41368.7,64513.48
41367.85,64399.31
40537.48,63421.46
39689.5,62581.44
40361.35,63465.47
41357.23,64510.04
41369.21,64404.07
40547.76,63427.92
39694.53,62578.76
40366.04,63459.48
41364.61,64501.61
41365.66,64393.05
40538.8,63421.39
39687.84,62578.07
40358.93,63458.03
41356.11,64499.18
41374.95,64405.86
40545.62,63427.45
39680.96,62564.77
40350.35,63449.76
41357.05,64510.29
41366.84,64405.52
40546.13,63434.61
39688.8,62580.95
40353.14,63447.97
41356.0,64493.41
41368.36,64397.3
40556.19,63444.91
39692.47,62579.81
40354.48,63450.81
41355.38,64505.5
41366.17,64405.07
40547.05,63434.43
39692.41,62580.19
40358.6,63456.13
41352.8,64496.36
41371.87,64406.62
40552.7,63437.67
39676.71,62565.66
40346.75,63445.78
41356.45,64501.86
41369.32,64404.45
40548.66,63439.86
39677.92,62570.15
40344.09,63440.3
41362.3,64499.58
41376.21,64410.93
40566.8,63457.02
39702.82,62591.83
40348.99,63450.61
41363.54,64513.26
41380.07,64419.04
40565.78,63457.38
39693.59,62590.67
40343.94,63448.75
41355.98,64511.45
41374.24,64423.07
40560.73,63455.89
39696.25,62588.91
40342.59,63446.95
41354.55,64507.02
41381.75,64425.19
40570.67,63464.58
39694.75,62586.85
40342.98,63441.76
41355.84,64500.18
41384.28,64423.67
40569.11,63473.61
39696.34,62594.58
40338.15,63442.96
41357.75,64512.52
41389.62,64432.16
40575.66,63466.28
39695.22,62580.77
40336.54,63430.7
41346.99,64491.91
41383.18,64416.81
40574.09,63462.37
39700.56,62587.14
40334.97,63434.5
41346.39,64494.61
41388.7,64425.55
40584.15,63474.79
39695.78,62576.5
40328.0,63413.15
41348.76,64487.57
41394.96,64425.75
40585.98,63466.75
39701.79,62580.16
40332.56,63415.68
41351.78,64488.49
41389.24,64417.41
40580.3,63461.76
39698.53,62570.0
40329.27,63412.55
41353.18,64491.4
41403.61,64432.12
40603.04,63481.77
39719.63,62594.09
40344.7,63434.05
41353.96,64494.59
41392.12,64419.29
40591.35,63471.09
39702.98,62574.11
40330.77,63407.8
41353.65,64490.05
41397.38,64430.78
40590.72,63472.56
39705.5,62575.45
40323.73,63399.76
41350.37,64484.6
41383.67,64410.21
40588.06,63468.18
39697.77,62576.43
40323.8,63404.48
41359.96,64494.1
41400.59,64427.63
40594.81,63468.92
39700.09,62566.55
40314.88,63392.7
41346.46,64486.46
41398.69,64431.29
40591.08,63479.33
39705.53,62585.29
40320.4,63406.24
41344.8,64485.63
41398.45,64431.85
40604.98,63485.9
39706.33,62577.24
40311.79,63392.9
41338.54,64481.5
41391.81,64428.01
40595.86,63485.25
39706.6,62579.65
40312.44,63392.18
41346.34,64483.89
41400.01,64428.1
40601.79,63480.58
39701.05,62577.42
40315.8,63404.7
41349.56,64495.09
41397.89,64433.28
40610.28,63492.54
39699.67,62567.07
40295.77,63373.05
41349.27,64483.42
41403.68,64435.79
40613.54,63497.23
39701.55,62572.84
40299.77,63382.79
41351.15,64487.93
41424.29,64446.92
40641.08,63516.7
39726.07,62588.46
40311.23,63383.91
41342.81,64478.28
41407.01,64436.1
40621.75,63498.13
39710.09,62568.45
40300.3,63370.64
41339.62,64469.94
41411.59,64434.55
40620.74,63497.44
39709.46,62567.22
40299.1,63366.68
41342.1,64468.64
41412.21,64429.21
40623.09,63494.53
39707.54,62561.59
40301.6,63362.23
41357.03,64474.05
41430.28,64446.54
40639.52,63520.26
39718.71,62583.68
40303.46,63376.83
41349.12,64478.99
41425.8,64446.09
40632.3,63502.38
39721.38,62576.46
40301.76,63367.51
41349.34,64485.52
41427.5,64454.56
40649.44,63523.86
39728.82,62588.37
40306.81,63377.07
41356.96,64489.0
41429.45,64452.91
40639.8,63508.5
39725.91,62584.48
40308.55,63380.92
41362.26,64487.78
41433.92,64457.09
40640.97,63515.56
39728.39,62588.55
40307.44,63374.55
41361.1,64486.48
41435.84,64453.22
40654.56,63523.95
39736.21,62591.97
40303.12,63367.51
41356.38,64484.82
41444.13,64462.38
40681.13,63545.11
39758.77,62607.99
40315.13,63377.95
41361.41,64483.93
41442.61,64460.21
40666.16,63535.19
39747.08,62598.11
40313.7,63370.73
41363.2,64479.33
41446.12,64459.57
40674.7,63538.99
39752.69,62603.88
40318.03,63370.64
41375.13,64491.24
41457.77,64474.63
40684.11,63549.16
39758.68,62602.2
40309.65,63371.84
41364.07,64489.88
41454.06,64469.34
40687.5,63555.84
39761.05,62611.35
40309.71,63365.36
41360.92,64478.99
41456.52,64470.61
40692.22,63561.68
39760.24,62605.47
40308.98,63363.91
41362.86,64479.71
41458.17,64470.43
40688.98,63548.93
39752.66,62597.27
40306.03,63360.44
41363.82,64482.3
41461.23,64472.6
40689.85,63550.43
39754.1,62602.07
40297.2,63352.29
41358.1,64480.62
41452.89,64480.71
40683.77,63558.14
39749.13,62601.78
40292.28,63351.35
41358.84,64483.3
41457.41,64476.24
40683.28,63559.11
39750.36,62602.29
40298.09,63355.46
41359.24,64485.54
41458.15,64482.21
40705.81,63582.51
39767.73,62623.62
40299.34,63353.96
41359.62,64482.03
41456.5,64478.03
40694.32,63569.32
39755.59,62607.43
40290.88,63344.06
41355.73,64477.94
41455.36,64476.93
40694.19,63572.23
39752.93,62604.2
40285.51,63339.86
41345.99,64475.13
41450.84,64476.09
40695.11,63568.54
39756.46,62609.87
40288.84,63343.95
41356.29,64481.45
41453.39,64478.37
40705.95,63580.86
39757.07,62603.68
40286.2,63337.55
41351.2,64477.89
41450.39,64475.75
40697.09,63568.38
39757.43,62605.96
40277.02,63334.98
41340.38,64469.96
41446.7,64469.76
40694.61,63568.74
39757.74,62615.15
40277.82,63340.95
41343.53,64467.21
41451.24,64472.0
40695.35,63570.55
39754.05,62601.8
40271.98,63328.28
41341.29,64476.58
41454.5,64483.84
40701.14,63578.84
39753.92,62603.97
40268.43,63325.2
41334.83,64464.6
41458.71,64479.53
40706.93,63579.29
39758.84,62609.02
40270.24,63333.82
41334.32,64468.57
41464.25,64492.27
40719.13,63593.44
39776.89,62620.11
40283.34,63339.32
41343.86,64468.42
41459.4,64487.2
40707.75,63591.58
39762.61,62617.58
40268.43,63332.08
41343.46,64474.68
41460.09,64486.66
40713.16,63592.75
39760.04,62612.71
40268.03,63332.05
41347.51,64484.78
41465.59,64496.83
40712.89,63590.06
39763.33,62612.69
40266.49,63321.66
41340.02,64474.81
41461.88,64495.13
40718.24,63601.68
39765.85,62621.18
40263.36,63329.55
41339.46,64479.02
41463.0,64499.78
40723.25,63611.34
39770.01,62626.12
40261.48,63319.27
41345.99,64474.25
41468.18,64496.14
40726.4,63606.11
39767.8,62619.33
40259.47,63321.39
41344.56,64482.84
41472.63,64504.72
40726.82,63606.36
39769.86,62613.29
40250.53,63301.81
41336.33,64468.0
41474.71,64504.92
40740.21,63615.81
39776.85,62619.95
40252.16,63302.02
41330.0,64453.31
41464.81,64483.73
40734.29,63608.88
39771.98,62619.26
40249.41,63302.55
41336.6,64457.91
41479.65,64501.84
40735.25,63613.13
39778.68,62623.93
40257.52,63313.15
41337.56,64465.54
41485.82,64505.57
40755.48,63628.53
39794.24,62625.0
40261.44,63304.45
41343.13,64466.03
41481.5,64498.62
40740.1,63609.84
39774.88,62609.04
40255.8,63297.3
41340.96,64460.51
41481.3,64495.82
40748.48,63621.04
39782.66,62624.13
40245.9,63294.8
41326.43,64452.28
41475.92,64499.29
40743.41,63615.9
39780.74,62614.75
40256.36,63290.13
41336.76,64451.39
41476.99,64493.9
40748.55,63624.51
39774.86,62617.94
40243.44,63289.07
41329.2,64450.87
41473.95,64491.02
40746.25,63609.11
39784.52,62614.03
40242.14,63280.2
41325.89,64440.9
41471.85,64483.6
40747.21,63611.86
39773.54,62608.42
40228.18,63265.89
41331.66,64445.91
41486.0,64508.18
40755.01,63626.96
39779.2,62612.62
40242.28,63273.07
41338.7,64449.91
41494.31,64510.02
40762.16,63631.59
39787.85,62619.86
40241.23,63275.73
41335.66,64447.7
41492.46,64506.53
40760.06,63630.12
39783.78,62615.08
40234.01,63267.48
41331.3,64448.86
41488.43,64502.84
40774.61,63643.21
39790.39,62623.75
40237.59,63274.25
41327.43,64443.63
41484.14,64503.13
40765.96,63637.29
39779.53,62621.76
40221.65,63265.09
41324.02,64442.34
41482.76,64506.71
40763.72,63637.96
39783.89,62619.39
40222.63,63261.09
41319.99,64442.96
41480.21,64509.23
40763.95,63640.91
39782.75,62616.24
40221.65,63257.96
41319.68,64437.33
41482.04,64501.99
40766.74,63641.58
39777.07,62615.37
40220.87,63255.97
41321.2,64445.82
41484.75,64512.92
40770.14,63647.95
39782.04,62621.43
40211.86,63254.5
41311.86,64433.55
41476.03,64504.14
40768.62,63648.94
39786.35,62625.07
40212.82,63252.11
41309.02,64432.05
41485.98,64508.56
40773.67,63649.92
39780.2,62612.62
40209.02,63246.89
41306.22,64433.08
41481.84,64508.85
40777.36,63654.86
39781.77,62620.18
40209.96,63245.22
41313.64,64436.59
41496.04,64523.38
40781.11,63661.88
39790.75,62630.1
40210.14,63252.86
41320.84,64445.08
41500.46,64528.32
40785.81,63665.9
39798.42,62638.93
40213.98,63253.82
41315.99,64445.24
41497.49,64523.8
40800.71,63681.44
39813.13,62647.18
40222.5,63255.88
41325.58,64443.72
41503.43,64533.06
40802.44,63687.41
39806.36,62648.65
40213.94,63251.93
41325.09,64447.5
41503.34,64530.56
40800.0,63679.4
39807.25,62638.73
40217.67,63248.75
41326.5,64439.52
41512.46,64536.3
40804.76,63682.26
39807.09,62634.59
40219.82,63244.73
41324.53,64439.79
41501.11,64519.2
40800.02,63670.62
39803.67,62634.48
40207.5,63236.88
41317.94,64434.69
41510.99,64544.93
40811.04,63696.39
39811.79,62645.12
40202.14,63230.91
41310.87,64429.55
41509.45,64536.08
40813.66,63694.11
39811.43,62645.61
40204.71,63239.01
41309.06,64437.08
41499.61,64533.57
40805.5,63690.09
39799.94,62631.35
40189.42,63227.85
41305.71,64435.16
41493.69,64528.32
40810.39,63699.03
39811.27,62650.57
40191.79,63232.88
41307.57,64439.77
41504.39,64537.93
40812.03,63701.33
39815.88,62654.87
40201.46,63236.84
41296.84,64423.78
41497.73,64528.84
40815.63,63696.5
39823.01,62655.31
40198.56,63237.84
41308.17,64438.51
41507.41,64540.57
40818.64,63705.53
39819.48,62656.81
40191.21,63225.21
41296.5,64420.05
41501.46,64535.03
40816.83,63703.65
39813.62,62646.82
40185.6,63219.92
41298.11,64425.79
41497.96,64529.57
40821.53,63703.0
39817.53,62651.87
40186.45,63220.99
41301.69,64430.71
41509.89,64541.26
40831.18,63716.53
39814.78,62650.37
40176.84,63212.16
41299.03,64425.79
41509.8,64540.59
40828.95,63715.25
39826.76,62652.99
40189.02,63213.05
41302.42,64420.03
41510.96,64535.77
40833.17,63714.79
39820.82,62652.88
40171.71,63195.64
41295.59,64417.41
41512.62,64544.59
40838.85,63718.2
39827.52,62655.2
40179.07,63208.03
41295.16,64423.47
41508.33,64541.2
40833.24,63716.53
39827.66,62655.76
40174.96,63201.75
41293.71,64421.1
41514.09,64550.9
40845.35,63731.82
39830.94,62660.86
40172.83,63201.03
41289.3,64418.2
41508.37,64545.91
40842.02,63728.04
39835.55,62666.13
40171.2,63198.77
41289.32,64418.33
41514.81,64549.58
40844.04,63726.59
39836.06,62670.2
40172.99,63205.34
41292.1,64421.08
41521.96,64555.37
40852.64,63741.65
39836.55,62673.73
40174.2,63200.43
41298.22,64421.39
41522.57,64562.48
40850.74,63742.46
39831.28,62662.2
40164.83,63192.02
41286.2,64410.39
41518.09,64547.19
40851.12,63731.71
39838.38,62663.25
40171.18,63194.17
41297.02,64414.98
41521.8,64550.56
40853.36,63736.02
39833.8,62664.66
40167.4,63188.07
41300.41,64420.63
41531.75,64562.97
40860.91,63750.04
39836.53,62671.03
40164.61,63188.58
41297.51,64422.8
41527.84,64563.75
40862.88,63748.92
39854.07,62684.91
40170.62,63189.63
41299.96,64417.55
41541.03,64566.3
40865.94,63752.11
39845.52,62676.37
40165.01,63185.05
41296.72,64409.37
41540.02,64565.05
40872.55,63759.15
39848.09,62676.14
40166.57,63183.46
41300.79,64419.31
41534.08,64565.27
40880.27,63764.03
39852.36,62678.63
40157.19,63177.07
41291.74,64411.31
41531.86,64562.48
40876.38,63755.51
39857.43,62678.58
40171.85,63187.46
41297.82,64408.83
41553.55,64583.51
40906.89,63791.16
39882.37,62708.11
40175.89,63192.11
41297.24,64409.52
41543.71,64564.04
40889.74,63770.38
39864.25,62685.22
40170.06,63186.61
41299.38,64418.66
41547.4,64573.36
40898.46,63779.89
39866.28,62694.61
40160.25,63178.84
41293.33,64411.11
41548.92,64573.11
40893.25,63775.8
39862.97,62684.86
40160.74,63170.88
41299.29,64409.41
41554.04,64575.75
40899.46,63778.89
39872.74,62689.45
40167.78,63179.06
41303.65,64415.91
41558.6,64579.15
40908.68,63784.68
39881.68,62692.3
40167.8,63167.61
41297.06,64402.32
41565.53,64587.44
40914.04,63791.96
39887.94,62700.95
40166.95,63167.41
41296.14,64404.79
41552.61,64580.45
40906.73,63787.16
39879.33,62695.72
40163.51,63170.68
41296.75,64409.39
41555.07,64583.15
40914.91,63795.92
39889.12,62710.86
40163.18,63173.2
41299.23,64412.18
41552.7,64578.17
40912.61,63795.41
39888.27,62701.87
40164.09,63166.27
41291.07,64406.68
41560.27,64582.95
40932.01,63802.45
39900.07,62711.17
40161.68,63175.21
41294.22,64410.39
41559.96,64583.33
40915.94,63791.41
39881.55,62691.68
40152.79,63156.55
41288.1,64402.17
41553.03,64579.86
40918.67,63802.58
39884.7,62703.77
40149.72,63158.85
41278.98,64396.78
41547.09,64575.42
40905.43,63784.59
39872.02,62686.58
40140.87,63146.38
41283.89,64401.7
41558.13,64592.29
40908.47,63798.54
39874.75,62698.43
40142.35,63153.49
41280.79,64400.87
41551.67,64589.97
40916.83,63809.09
39886.39,62712.8
40144.43,63158.14
41276.18,64399.55
41553.07,64585.23
40917.37,63801.98
39879.0,62700.17
40139.02,63151.19
41275.98,64395.55
41557.34,64587.44
40922.73,63808.48
39883.87,62702.63
40139.6,63146.76
41271.58,64393.74
41550.95,64583.13
40923.34,63812.98
39886.71,62710.9
40133.72,63145.46
41278.3,64395.69
41555.65,64593.45
40929.13,63818.9
39890.22,62713.79
40130.66,63148.35
41265.57,64395.11
41543.93,64589.7
40913.26,63809.33
39877.95,62706.39
40122.74,63146.49
41256.2,64391.46
41537.25,64585.99
40927.7,63823.48
39895.49,62729.81
40130.37,63152.37
41260.22,64388.63
41547.31,64590.75
40935.41,63829.14
39893.04,62720.85
40118.43,63135.25
41253.65,64377.29
41543.46,64578.66
40928.17,63822.14
39892.07,62720.87
40119.91,63136.68
41261.79,64385.54
41550.89,64585.45
40927.43,63824.67
39890.62,62713.61
40114.12,63124.57
41262.1,64390.75
41556.63,64596.18
40942.43,63834.68
39898.18,62721.41
40118.03,63127.54
41253.47,64376.2
41553.14,64585.83
40940.84,63829.41
39904.52,62721.54
40118.68,63129.28
41257.3,64378.45
41557.43,64592.96
40944.93,63838.55
39902.18,62720.2
40119.68,63128.3
41259.02,64383.35
41561.08,64593.39
40948.15,63838.21
39907.07,62724.31
40122.79,63123.65
41262.61,64378.03
41567.71,64595.67
40949.82,63836.29
39900.77,62719.3
40107.61,63112.56
41255.42,64374.43
41550.8,64589.14
40948.46,63847.15
39909.89,62733.66
40106.72,63114.04
41245.65,64370.65
41557.55,64595.0
40949.49,63844.25
39912.14,62736.45
40105.78,63108.92
41237.92,64355.32
41544.52,64585.23
40939.14,63829.45
39890.29,62701.45
40080.21,63073.4
41221.6,64329.21
41529.41,64558.32
40917.3,63800.26
39867.2,62673.84
40052.27,63034.33
41194.35,64295.86
41500.39,64523.32
40904.56,63785.84
39852.46,62666.76
40024.8,63022.17
41162.17,64269.71
41487.56,64508.72
40882.37,63763.0
39833.29,62643.24
40022.27,63007.89
41171.73,64279.39
41496.77,64520.52
40901.88,63778.13
39853.85,62652.12
40037.83,63017.75
41178.66,64276.24
41499.23,64519.58
40905.99,63781.21
39853.56,62659.16
40030.54,63022.73
41179.51,64288.06
41512.51,64532.79
40919.58,63800.28
39870.19,62684.19
40046.68,63043.5
41185.93,64298.41
41512.98,64545.13
40932.01,63818.65
39881.79,62692.66
40060.72,63044.81
41201.42,64310.23
41529.65,64565.76
40942.89,63834.66
39892.59,62703.46
40057.99,63050.02
41207.99,64324.86
41541.18,64574.84
40951.03,63835.89
39902.24,62707.88
40060.41,63051.88
41213.73,64327.85
41541.39,64572.94
40957.36,63844.2
39905.98,62713.65
40074.64,63061.36
41221.06,64327.87
41550.84,64576.54
40960.13,63840.89
39918.96,62722.1
40064.47,63053.0
41206.76,64322.11
41539.73,64576.87
40955.01,63847.0
39907.23,62712.45
40060.67,63043.27
41206.69,64309.7
41554.95,64586.68
40970.37,63861.46
39904.01,62716.91
40053.65,63042.8
41206.78,64319.4
41551.73,64583.26
40967.1,63852.27
39916.17,62724.91
40055.96,63048.43
41208.75,64320.59
41549.95,64587.31
40969.09,63858.53
39914.92,62722.99
40054.05,63036.34
41202.85,64311.29
41556.68,64587.17
40978.7,63858.62
39917.67,62717.07
40053.07,63032.36
41205.64,64310.28
41554.3,64579.98
40974.19,63860.56
39924.08,62733.81
40052.89,63043.63
41205.95,64323.78
41549.57,64582.26
40973.63,63857.9
39924.68,62731.78
40054.05,63036.68
41196.43,64303.48
41546.88,64578.17
40974.84,63862.6
39920.01,62729.25
40049.27,63036.45
41197.71,64305.5
41548.16,64581.54
40976.31,63865.91
39922.88,62729.52
40037.88,63020.61
41185.01,64294.32
41544.25,64574.99
40970.37,63855.33
39910.69,62711.04
40030.14,63006.57
41162.97,64263.59
41516.2,64536.82
40953.0,63828.06
39891.58,62685.67
39997.75,62966.45
41140.87,64237.04
41492.88,64503.36
40939.63,63800.35
39880.92,62666.6
39973.75,62934.78
41108.12,64190.54
41464.96,64469.71
40903.85,63770.02
39838.47,62624.64
39940.51,62897.65
41084.92,64166.96
41458.33,64464.84
40899.29,63762.66
39834.81,62611.66
39945.05,62895.77
41094.71,64177.09
41460.32,64466.32
40895.71,63756.85
39848.93,62621.11
39958.04,62902.93
41112.43,64186.34
41485.77,64491.73
40928.25,63795.14
39866.82,62644.61
39969.86,62927.85
41125.6,64218.1
41501.02,64512.74
40938.38,63809.85
39893.68,62685.42
39995.56,62963.57
41140.82,64233.46
41508.39,64522.2
40957.34,63834.75
39902.63,62701.0
40003.65,62972.55
41156.45,64253.46
41534.37,64553.18
40978.66,63857.05
39916.17,62712.98
40013.73,62983.88
41166.3,64272.82
41550.35,64581.88
40993.75,63878.45
39933.56,62732.94
40029.83,62999.64
41185.03,64284.42
41564.74,64590.68
41007.7,63892.93
39946.21,62749.26
40027.03,63006.28
41184.72,64292.8
41570.42,64600.68
41022.0,63912.6
39959.62,62765.02
40038.23,63015.98
41184.05,64290.57
41572.75,64602.11
41026.69,63917.74
39962.62,62764.88
40039.57,63012.4
41194.24,64299.06
41579.59,64615.63
41026.83,63923.93
39967.46,62772.84
40044.45,63015.2
41186.73,64294.46
41579.14,64616.12
41038.45,63934.73
39970.19,62775.01
40044.69,63016.56
41191.67,64301.07
41579.5,64618.62
41030.47,63921.41
39972.52,62776.06
40047.15,63021.19
41188.05,64296.98
41583.52,64623.45
41042.81,63938.13
39982.93,62791.39
40048.45,63025.57
41195.56,64302.41
41588.39,64622.4
41052.91,63941.19
39985.77,62786.74
40045.47,63018.44
41192.5,64300.91
41579.43,64614.91
41039.01,63928.98
39988.41,62783.81
40044.22,63010.88
41191.27,64292.91
41593.98,64622.71
41057.71,63945.39
39991.83,62785.73
40055.26,63020.47
41191.11,64297.56
41586.04,64619.36
41039.63,63927.29
39972.83,62765.6
40030.16,62994.43
41183.78,64291.73
41584.95,64619.18
41046.21,63938.39
39986.69,62787.61
40033.22,63007.33
41178.62,64283.41
41579.14,64609.59
41040.68,63928.36
39988.97,62786.16
40034.19,63004.4
41182.57,64287.93
41589.53,64615.52
41067.51,63950.77
40006.63,62813.27
40047.29,63022.51
41184.61,64294.21
41592.71,64630.0
41059.93,63956.65
39997.04,62798.59
40033.52,63003.95
41182.48,64287.62
41588.59,64615.58
41051.95,63942.68
39999.83,62799.66
40032.78,62998.46
41176.07,64284.4
41597.42,64635.01
41064.76,63961.73
40001.66,62800.62
40030.88,62993.76
41173.88,64278.41
41589.2,64624.01
41058.59,63955.85
40003.27,62804.49
40031.93,62998.99
41171.55,64282.03
41585.29,64622.24
41061.23,63953.77
39989.84,62787.05
40022.65,62983.1
41174.24,64271.61
41597.45,64634.98
41063.8,63962.18
39998.89,62800.04
40026.39,62990.36
41173.66,64278.5
41598.14,64631.05
41066.1,63960.03
40003.09,62803.64
40028.29,62994.57
41175.58,64283.79
41597.13,64632.55
41065.5,63962.38
40006.22,62813.79
40026.86,62995.93
41168.18,64278.59
41592.66,64628.14
41064.82,63960.54
40008.26,62813.52
40026.41,62995.39
41168.31,64277.67
41594.83,64632.1
41079.06,63971.63
40017.76,62815.8
40022.09,62986.48
41162.84,64271.72
41586.78,64628.97
41072.45,63970.78
40012.37,62809.14
40016.19,62980.13
41160.2,64270.07
41586.76,64623.99
41069.61,63959.54
40009.02,62806.21
40016.91,62985.4
41167.84,64271.66
41596.66,64632.05
41074.41,63973.21
40011.77,62811.46
40020.73,62980.8
41164.04,64264.19
41596.77,64627.03
41084.47,63980.66
40012.48,62812.73
40011.97,62972.71
41161.09,64265.49
41595.05,64626.36
41082.64,63968.66
40020.06,62805.05
40018.81,62970.14
41160.38,64257.82
41601.36,64624.93
41087.91,63971.79
40023.43,62814.39
40017.06,62972.84
41160.56,64259.99
41599.14,64626.63
41091.54,63980.93
40033.49,62829.72
40020.26,62977.58
41159.8,64267.32
41595.77,64633.87
41086.37,63979.23
40033.34,62829.14
40020.68,62975.9
41154.48,64249.21
41598.79,64633.62
41090.93,63984.13
40022.43,62817.03
40005.8,62964.39
41157.47,64255.81
41591.21,64625.11
41089.86,63986.87
40037.7,62834.39
40026.9,62982.23
41163.39,64265.24
41602.43,64638.7
41100.01,63991.16
40033.61,62825.01
40016.28,62973.0
41161.77,64257.82
41597.78,64627.9
41088.63,63977.04
40027.68,62821.05
40005.46,62964.95
41159.75,64256.37
41611.64,64637.71
41105.75,63995.23
40035.46,62826.35
40013.15,62964.17
41155.17,64247.65
41606.18,64633.6
41101.14,63990.89
40037.45,62829.54
40006.96,62960.01
41151.1,64243.89
41601.09,64631.32
41105.73,64003.82
40045.07,62838.89
40005.51,62958.4
41142.39,64238.8
41590.11,64622.55
41099.47,63988.17
40041.65,62831.4
40009.24,62957.39
41145.16,64236.07
41593.98,64619.88
41102.62,63998.94
40048.29,62840.9
40005.66,62955.16
41143.7,64234.66
41601.09,64628.14
41104.41,63992.68
40045.92,62835.27
39998.18,62944.75
41144.55,64237.55
41598.72,64627.79
41104.88,63991.72
40044.71,62833.5
39998.58,62947.94
41139.55,64231.89
41607.55,64629.24
41116.79,64000.53
40046.66,62831.78
39999.81,62943.98
41140.93,64241.75
41603.66,64636.41
41125.51,64010.45
40069.93,62852.19
40008.37,62948.57
41150.52,64240.66
41613.49,64640.97
41117.91,64004.96
40052.87,62839.94
39993.37,62936.79
41133.91,64225.3
41605.69,64630.47
41118.83,64005.96
40058.59,62846.0
39998.36,62941.28
41143.77,64237.7
41609.94,64641.4
41126.0,64014.37
40059.69,62840.72
39998.13,62939.07
41145.34,64239.98
41616.8,64641.31
41126.49,64016.8
40055.51,62843.16
39995.83,62934.64
41133.45,64222.73
41595.79,64622.91
41119.12,63995.55
40061.45,62829.28
39982.15,62921.63
41112.43,64210.14
41588.13,64613.91
41112.12,63993.73
40040.54,62810.05
39967.31,62896.38
41107.96,64191.59
41579.59,64597.75
41099.25,63980.14
40038.59,62819.08
39964.79,62895.66
41092.36,64174.45
41567.71,64590.41
41084.09,63964.9
40011.81,62790.43
39928.86,62861.51
41059.21,64145.46
41528.02,64554.34
41034.11,63921.23
39964.54,62753.44
39867.33,62815.35
40994.57,64091.41
41471.63,64505.84
40988.49,63883.56
39911.63,62697.09
39829.67,62760.93
40971.55,64063.67
41449.48,64485.16
40968.54,63874.27
39909.29,62706.86
39822.0,62771.12
40959.48,64060.07
41457.25,64499.27
40996.54,63904.73
39938.27,62741.37
39851.21,62810.37
40984.09,64089.18
41479.25,64516.77
41013.77,63913.0
39948.91,62746.8
39856.71,62811.66
40996.68,64104.44
41494.49,64534.11
41033.29,63933.88
39972.96,62768.57
39871.71,62829.52
41017.08,64131.69
41514.07,64556.69
41051.21,63959.22
39992.48,62797.71
39888.77,62836.07
41025.33,64125.57
41526.25,64576.82
41055.17,63974.6
39993.68,62801.16
39883.67,62835.8
41008.83,64114.57
41505.47,64552.71
41048.89,63957.44
39976.32,62785.2
39873.68,62824.14
41003.13,64109.85
41490.74,64539.57
41020.43,63930.12
39943.04,62744.03
39828.01,62777.46
40955.82,64060.25
41449.45,64485.05
40980.4,63876.99
39912.52,62708.11
39797.41,62739.8
40923.45,64025.56
41435.62,64484.73
40973.7,63882.85
39906.11,62698.72
39786.84,62720.13
40919.96,64007.53
41427.14,64451.36
40965.74,63855.31
39902.33,62682.92
39775.33,62699.61
40918.09,64004.31
41427.23,64451.48
40973.83,63859.13
39914.49,62694.32
39784.11,62706.48
40908.61,63983.57
41412.24,64429.66
40972.15,63846.79
39915.16,62683.03
39775.96,62689.51
40903.09,63971.54
41411.01,64416.05
40962.21,63833.41
39912.41,62674.16
39786.26,62694.43
40911.83,63980.39
41428.71,64444.82
40975.8,63852.05
39908.61,62674.45
39779.04,62690.79
40916.92,63981.69
41433.54,64443.5
40986.53,63856.03
39923.77,62682.54
39796.56,62707.75
40929.69,63997.36
41446.91,64455.23
41003.36,63874.24
39941.02,62699.75
39819.63,62724.18
40960.87,64025.43
41485.93,64498.8
41046.07,63919.48
39983.98,62742.86
39846.41,62760.97
40985.03,64059.72
41513.69,64524.05
41063.19,63935.06
40006.58,62769.24
39870.57,62779.57
41008.66,64077.44
41533.65,64546.56
41088.18,63971.63
40027.3,62797.18
39892.27,62810.48
41028.93,64110.81
41553.01,64580.65
41110.27,64000.6
40055.11,62835.63
39904.23,62825.97
41041.04,64124.94
41572.88,64601.46
41137.4,64029.63
40088.75,62870.31
39930.14,62860.55
41054.66,64143.71
41582.0,64612.95
41146.23,64037.97
40094.56,62868.26
39940.46,62854.18
41072.4,64152.95
41608.46,64635.27
41174.88,64063.85
40115.61,62896.53
39948.63,62872.15
41069.34,64157.19
41606.77,64636.53
41173.81,64065.3
40114.34,62899.59
39952.87,62877.04
41082.77,64168.82
41614.14,64644.37
41186.02,64077.15
40133.23,62917.34
39965.88,62888.71
41089.75,64178.02
41626.5,64657.71
41190.82,64081.13
40134.86,62918.91
39970.53,62894.63
41090.24,64171.92
41632.76,64660.49
41204.52,64098.52
40144.31,62927.71
39967.58,62897.0
41100.36,64186.07
41645.97,64672.94
41218.07,64108.55
40149.16,62929.64
39972.36,62890.3
41095.45,64174.29
41641.28,64668.36
41215.48,64103.19
40154.73,62929.46
39968.41,62882.07
41088.09,64163.95
41635.84,64656.02
41209.38,64101.92
40145.05,62921.28
39964.61,62868.19
41096.83,64163.72
41652.95,64678.75
41233.67,64118.39
40181.8,62954.2
39994.22,62914.3
41115.61,64207.04
41674.09,64705.59
41259.78,64143.89
40203.95,62971.9
40002.83,62914.32
41126.09,64199.13
41691.9,64720.17
41280.03,64176.91
40221.23,63000.94
40018.2,62941.95
41142.9,64235.94
41705.18,64746.81
41293.8,64194.57
40235.44,63020.83
40034.1,62959.52
41150.75,64242.64
41711.75,64756.27
41294.73,64205.81
40238.41,63030.87
40041.05,62967.61
41167.73,64259.0
41723.39,64762.75
41308.21,64209.95
40242.57,63032.72
40035.5,62958.07
41155.19,64241.77
41714.19,64749.31
41300.57,64200.27
40247.51,63027.92
40042.05,62958.11
41157.52,64242.33
41723.84,64759.59
41309.93,64212.31
40245.63,63036.3
40030.43,62951.65
41156.13,64240.57
41727.8,64761.2
41311.83,64212.76
40253.16,63037.08
40034.39,62950.64
41154.66,64235.8
41725.81,64754.88
41312.37,64203.17
40256.3,63035.67
40035.73,62950.09
41148.78,64229.64
41726.5,64757.96
41308.84,64207.84
40245.63,63026.24
40024.44,62933.88
41158.32,64239.2
41731.09,64765.36
41329.45,64231.51
40276.66,63064.91
40047.57,62967.86
41158.9,64241.79
41726.39,64758.79
41320.84,64211.89
40260.99,63043.0
40032.49,62948.14
41155.02,64236.09
41725.48,64756.38
41319.19,64211.2
40261.73,63037.86
40021.87,62933.03
41148.6,64228.34
41727.15,64757.41
41320.64,64221.79
40260.83,63034.02
40025.74,62930.33
41154.86,64234.02
41742.91,64767.13
41342.03,64231.27
40269.97,63040.86
40026.45,62923.0
41147.91,64215.02
41728.74,64745.47
41328.38,64210.35
40261.66,63031.65
40022.34,62920.56
41150.7,64213.43
41737.37,64758.7
41335.1,64226.68
40271.9,63039.34
40025.29,62922.62
41150.66,64220.79
41736.14,64753.65
41342.07,64213.61
40294.09,63045.21
40039.53,62941.73
41138.34,64216.25
41720.02,64751.64
41311.7,64210.61
40231.26,63015.36
39973.59,62880.11
41101.44,64181.6
41694.81,64726.56
41287.54,64179.81
40217.61,62993.38
39955.26,62863.5
41084.16,64155.96
41689.13,64714.64
41294.04,64190.54
40226.34,63005.34
39971.67,62872.73
41099.4,64175.03
41698.96,64734.32
41300.17,64196.29
40246.24,63025.79
39991.07,62901.76
41112.93,64197.0
41716.73,64751.95
41318.74,64213.95
40247.2,63022.06
39981.04,62879.57
41109.82,64187.48
41714.05,64746.05
41322.74,64215.93
40256.47,63031.94
39982.71,62887.77
41103.16,64182.25
41722.05,64755.01
41327.21,64223.2
40255.58,63034.69
39983.49,62889.85
41111.76,64179.3
41728.94,64755.48
41337.96,64238.09
40263.13,63042.73
39983.78,62888.38
41105.06,64177.96
41712.64,64741.13
41333.43,64227.24
40267.67,63036.48
39985.14,62878.2
41100.07,64173.4
41717.14,64748.31
41327.95,64224.36
40256.16,63031.11
39981.26,62874.94
41105.86,64175.72
41721.16,64754.48
41332.55,64233.23
40266.58,63041.44
39980.39,62878.23
41098.29,64167.23
41713.09,64740.02
41326.59,64220.88
40265.5,63050.13
39984.39,62893.67
41100.14,64174.94
41704.62,64737.89
41321.85,64217.45
40254.3,63025.91
39958.28,62851.61
41084.36,64156.37
41716.13,64750.63
41333.94,64235.8
40259.98,63039.88
39970.48,62869.69
41085.72,64160.37
41710.05,64742.25
41336.93,64233.23
40283.63,63060.21
39985.44,62883.48
41089.79,64167.59
41704.29,64742.38
41328.84,64230.39
40269.19,63043.43
39972.63,62867.59
41080.63,64155.27
41706.66,64735.1
41336.18,64232.43
40275.85,63050.45
39974.6,62870.61
41081.12,64151.56
41704.75,64733.09
41331.1,64223.73
40271.5,63044.84
39961.23,62853.17
41075.0,64143.25
41709.85,64738.83
41338.39,64232.63
40276.28,63045.02
39970.66,62863.47
41071.3,64141.55
41705.98,64738.23
41339.62,64235.4
40280.57,63052.32
39964.43,62858.71
41066.5,64137.46
41693.91,64728.95
41320.59,64222.53
40266.44,63039.47
39957.27,62846.71
41063.35,64134.89
41701.43,64740.11
41336.67,64241.13
40271.9,63050.43
39948.22,62847.36
41053.98,64128.47
41699.55,64731.48
41330.74,64229.37
40265.88,63044.39
