34277.54,32804.45
34315.31,32794.34
34190.52,32669.93
34138.29,32669.38
34213.68,32768.06
34269.83,32799.2
34315.27,32797.9
34205.95,32689.65
34150.83,32687.79
34224.01,32781.8
34278.12,32813.5
34317.77,32803.22
34203.89,32686.88
34147.05,32682.12
34216.0,32774.25
34275.91,32810.75
34320.61,32799.04
34204.11,32679.32
34148.46,32679.66
34215.58,32771.59
34276.76,32803.84
34318.82,32797.29
34205.68,32683.64
34152.82,32682.29
34224.18,32779.08
34282.25,32807.87
34325.62,32803.48
34205.86,32688.33
34146.63,32684.98
34214.82,32776.55
34279.24,32810.97
34321.75,32802.88
34205.43,32684.98
34150.85,32681.04
34218.29,32775.39
34277.32,32809.59
34325.21,32809.03
34210.77,32692.2
34154.83,32688.06
34226.8,32784.4
34283.17,32814.62
34332.95,32809.63
34217.05,32686.86
34159.95,32683.93
34229.8,32780.35
34288.45,32814.15
34332.41,32809.59
34219.16,32690.83
34161.15,32685.02
34227.7,32775.95
34289.5,32810.35
34337.6,32807.38
34221.7,32688.6
34161.82,32682.5
34229.77,32782.61
34287.42,32818.17
34336.66,32814.66
34226.75,32700.2
34166.79,32692.64
34229.71,32784.87
34289.43,32816.61
34331.07,32809.75
34223.11,32695.08
34159.79,32684.46
34226.55,32776.48
34288.47,32813.9
34341.8,32816.96
34234.31,32700.09
34175.23,32696.04
34242.43,32793.54
34301.61,32830.96
34346.23,32829.19
34238.71,32713.81
34178.83,32709.03
34245.53,32800.29
34303.87,32835.74
34346.72,32831.09
34236.23,32712.07
34167.3,32695.93
34232.68,32789.29
34292.85,32822.84
34349.22,32824.41
34241.39,32709.9
34175.08,32697.16
34234.27,32786.92
34292.52,32822.42
34342.14,32824.56
34237.69,32711.04
34167.79,32693.45
34234.13,32786.32
34288.67,32819.38
34342.58,32821.17
34238.45,32706.86
34166.72,32689.11
34231.56,32779.66
34290.73,32817.93
34341.0,32817.5
34232.54,32698.05
34164.39,32685.42
34230.27,32780.96
34283.44,32816.92
34337.0,32820.25
34240.17,32709.12
34170.43,32693.36
34235.34,32790.12
34287.78,32823.94
34333.86,32819.2
34233.06,32708.67
34157.91,32687.01
34216.65,32772.68
34277.85,32812.94
34327.38,32812.36
34227.52,32700.47
34157.84,32683.44
34220.43,32775.95
34279.24,32815.46
34333.98,32821.46
34228.07,32702.59
34155.12,32682.12
34223.31,32780.06
34282.16,32817.68
34335.47,32815.51
34235.96,32701.7
34156.79,32677.33
34218.39,32771.3
34279.44,32814.39
34334.65,32817.01
34232.21,32703.42
34155.92,32680.28
34216.47,32769.31
34282.14,32813.19
34337.02,32814.02
34238.09,32703.89
34156.66,32677.13
34217.88,32770.99
34278.07,32814.04
34326.98,32814.33
34230.33,32705.36
34152.17,32677.98
34214.46,32766.36
34274.57,32806.3
34329.28,32812.38
34232.57,32704.31
34155.66,32680.44
34219.13,32772.93
34285.41,32819.09
34342.74,32827.67
34249.98,32721.9
34168.95,32692.15
34231.54,32785.38
34290.73,32830.29
34348.73,32835.25
34250.16,32720.4
34165.63,32688.17
34221.59,32772.57
34284.51,32816.74
34342.65,32823.04
34242.63,32708.45
34162.92,32680.87
34225.21,32774.34
34284.54,32817.32
34335.32,32818.64
34241.24,32708.8
34156.39,32678.63
34212.81,32766.54
34277.58,32814.62
34333.8,32821.9
34244.35,32718.48
34159.03,32688.06
34219.94,32782.41
34283.73,32829.66
34341.02,32830.4
34244.91,32717.88
34160.15,32684.71
34222.22,32778.61
34283.35,32822.22
34339.5,32824.21
34246.83,32710.53
34163.23,32677.38
34219.74,32766.03
34279.86,32808.85
34337.98,32818.75
34251.52,32713.03
34164.66,32677.45
34215.8,32762.89
34277.72,32809.54
34333.15,32813.01
34243.07,32704.38
34151.63,32665.38
34207.55,32753.89
34267.55,32801.3
34321.15,32803.02
34233.11,32694.14
34146.27,32653.8
34205.5,32746.58
34268.0,32796.11
34333.91,32812.94
34251.05,32712.13
34162.52,32673.31
34218.71,32760.75
34278.28,32809.52
34329.35,32810.53
34242.07,32708.29
34152.37,32670.0
34205.63,32755.09
34270.36,32804.76
34331.23,32816.72
34246.02,32713.83
34154.54,32673.69
34210.48,32763.16
34271.26,32809.81
34331.25,32817.05
34251.1,32712.54
34159.7,32672.26
34213.55,32760.26
34272.49,32804.47
34330.67,32811.09
34250.7,32712.69
34158.74,32674.74
34212.0,32760.12
34272.46,32808.83
34329.71,32812.25
34244.46,32704.47
34149.17,32657.95
34203.91,32746.11
34266.36,32794.95
34327.14,32805.39
34245.42,32702.81
34150.58,32659.25
34207.24,32751.5
34268.96,32797.9
34327.96,32803.48
34251.88,32707.55
34153.71,32663.36
34204.11,32747.9
34269.54,32805.14
34329.89,32817.07
34253.55,32720.0
34156.08,32674.7
34208.27,32761.49
34273.7,32812.98
34335.12,32822.04
34256.06,32720.18
34156.06,32672.08
34206.95,32758.67
34269.43,32810.84
34335.65,32822.15
34258.38,32717.86
34162.47,32672.53
34213.55,32758.89
34278.5,32812.43
34341.87,32824.18
34262.12,32724.81
34162.94,32676.46
34217.34,32766.94
34280.94,32823.16
34336.41,32826.98
34261.71,32726.28
34158.79,32671.07
34205.99,32752.48
34268.22,32804.52
34326.89,32815.85
34253.51,32721.95
34152.32,32671.32
34205.63,32760.93
34275.37,32818.89
34331.65,32825.73
34260.37,32731.42
34159.63,32677.78
34206.33,32762.47
34272.02,32820.03
34334.69,32831.34
34263.77,32736.65
34162.88,32684.82
34209.63,32769.46
34272.73,32822.8
34329.55,32827.11
34261.38,32732.14
34155.66,32675.66
34204.56,32760.01
34269.29,32813.79
34330.89,32824.41
34264.17,32732.07
34156.06,32674.2
34203.49,32761.69
34271.17,32821.9
34331.54,32829.04
34269.2,32738.96
34159.86,32678.41
34200.7,32755.52
34266.54,32812.2
34325.64,32819.22
34263.03,32728.83
34156.5,32671.68
34200.36,32750.13
34266.88,32811.09
34326.89,32821.95
34259.03,32730.51
34154.16,32673.35
34191.2,32744.77
34257.29,32802.39
34320.14,32814.06
34254.52,32721.5
34148.39,32661.91
34193.0,32744.46
34255.52,32803.24
34317.06,32817.12
34256.06,32728.5
34149.6,32668.26
34190.14,32747.61
34254.83,32806.28
34317.19,32815.09
34251.7,32718.95
34142.54,32654.65
34189.14,32738.35
34254.74,32797.07
34316.57,32808.47
34259.05,32724.65
34146.8,32659.5
34186.41,32735.71
34250.89,32797.21
34312.0,32808.18
34256.1,32724.14
34148.61,32661.49
34190.59,32740.03
34259.41,32803.78
34319.52,32815.27
34262.72,32729.79
34146.36,32659.07
34187.19,32739.81
34257.31,32805.3
34319.67,32815.04
34264.55,32732.92
34145.15,32659.14
34192.38,32739.22
34255.68,32795.75
34315.74,32806.59
34265.78,32725.52
34157.55,32658.04
34197.48,32735.43
34263.73,32801.47
34324.77,32814.64
34273.0,32733.57
34156.01,32661.44
34193.23,32735.96
34258.27,32797.72
34320.23,32809.25
34268.06,32728.65
34148.73,32654.09
34184.67,32726.06
34245.2,32782.61
34303.54,32789.2
34256.8,32711.17
34142.73,32641.57
34186.12,32723.06
34257.2,32793.36
34317.68,32809.25
34268.17,32730.84
34151.3,32657.22
34188.15,32730.75
34256.98,32794.68
34319.47,32806.73
34273.89,32729.9
34156.13,32654.31
34190.25,32729.57
34255.48,32796.73
34317.75,32811.36
34263.64,32722.64
34147.34,32645.12
34183.28,32720.18
34251.48,32786.77
34314.93,32801.05
34265.47,32722.26
34144.77,32642.46
34176.84,32714.77
34247.45,32787.28
34306.53,32798.34
34259.68,32718.13
34143.2,32641.17
34176.69,32714.15
34239.96,32778.43
34302.62,32794.9
34259.95,32720.61
34139.45,32642.8
34178.01,32720.63
34255.23,32797.16
34317.88,32811.0
34276.53,32732.47
34159.12,32657.42
34189.65,32728.59
34256.62,32798.52
34313.93,32807.69
34272.55,32731.49
34146.76,32650.02
34177.8,32723.53
34246.98,32791.86
34310.73,32804.0
34272.51,32729.97
34150.36,32648.19
34184.49,32722.97
34252.26,32792.31
34310.98,32799.6
34273.89,32728.83
34150.45,32648.05
34178.36,32716.81
34250.76,32790.84
34318.27,32810.21
34281.09,32741.06
34153.33,32653.97
34181.25,32724.81
34250.92,32798.08
34311.74,32809.5
34276.02,32738.02
34153.87,32655.58
34182.07,32726.24
34253.85,32800.29
34312.23,32813.25
34274.34,32740.43
34150.85,32657.48
34176.62,32725.81
34243.43,32793.47
34305.59,32807.2
34270.7,32737.82
34146.09,32648.52
34170.77,32714.24
34238.82,32786.79
34297.92,32798.43
34268.24,32731.69
34147.27,32647.47
34175.05,32718.5
34246.09,32795.33
34302.55,32803.75
34273.0,32737.06
34146.22,32647.45
34168.51,32710.46
34241.57,32787.88
34305.88,32802.75
34277.72,32735.98
34154.25,32651.11
34175.91,32715.31
34244.97,32787.39
34307.07,32802.14
34278.01,32734.06
34152.44,32644.36
34174.21,32708.04
34243.34,32780.44
34304.23,32793.74
34267.5,32719.38
34146.82,32635.42
34167.41,32699.04
34234.42,32772.62
34298.08,32789.36
34272.2,32724.47
34144.88,32636.03
34163.5,32704.63
34231.65,32779.17
34293.52,32791.93
34267.14,32731.13
34140.7,32641.68
34158.7,32702.81
34228.48,32781.89
34288.96,32797.05
34268.55,32733.73
34142.27,32642.89
34160.53,32703.6
34236.34,32785.36
34299.96,32802.1
34278.61,32741.79
34147.18,32645.5
34165.45,32704.94
34233.28,32778.74
34296.63,32796.45
34278.01,32739.4
34150.11,32644.74
34171.41,32706.32
34235.32,32777.22
34294.14,32789.85
34274.52,32732.47
34146.96,32641.12
34162.05,32698.52
34237.73,32777.13
34299.62,32792.0
34276.38,32730.02
34148.48,32638.66
34162.81,32697.65
34235.38,32775.73
34293.83,32788.13
34276.55,32730.57
34148.75,32634.08
34157.89,32686.94
34231.88,32768.39
34293.32,32785.89
34271.53,32725.32
34141.15,32629.37
34153.46,32687.82
34217.39,32761.6
34279.13,32778.81
34265.43,32727.15
34135.67,32633.17
34146.04,32691.39
34218.73,32771.46
34279.5,32784.89
34266.03,32732.18
34140.12,32635.4
34152.01,32689.18
34231.83,32777.43
34288.87,32788.89
34273.4,32730.69
34144.25,32634.06
34157.13,32692.0
34230.93,32774.45
34292.89,32788.89
34284.02,32737.79
34156.57,32641.35
34162.67,32693.98
34232.88,32776.57
34289.56,32789.83
34278.25,32738.13
34150.47,32638.15
34154.94,32687.95
34226.91,32772.53
34287.71,32789.34
34275.26,32733.66
34144.81,32635.58
34150.85,32689.85
34220.74,32768.53
34280.96,32781.38
34276.22,32731.07
34145.82,32631.73
34150.56,32682.74
34221.55,32761.8
34284.96,32781.56
34276.82,32731.54
34147.45,32627.87
34151.99,32678.49
34229.01,32767.99
34289.32,32786.72
34278.68,32734.11
34145.26,32629.88
34147.5,32677.56
34217.73,32757.26
34282.28,32780.75
34275.06,32732.65
34145.39,32629.23
34150.02,32682.38
34225.28,32767.57
34283.73,32784.18
34274.63,32732.14
34140.97,32625.23
34141.59,32674.36
34216.83,32759.79
34281.76,32778.59
34280.27,32732.65
34150.29,32630.8
34154.47,32682.61
34229.84,32770.65
34289.74,32788.87
34291.62,32746.22
34158.36,32636.65
34160.04,32683.88
34234.63,32771.61
34293.95,32789.72
34292.38,32746.31
34160.82,32640.9
34151.77,32680.04
34230.04,32767.43
34292.4,32787.13
34297.16,32749.57
34167.28,32643.34
34161.6,32687.84
34234.33,32771.48
34294.14,32788.42
34302.39,32754.74
34171.77,32649.64
34165.02,32691.37
34242.04,32780.15
34304.03,32797.81
34303.42,32752.77
34176.06,32650.27
34173.78,32694.79
34240.5,32775.08
34297.03,32789.96
34303.49,32751.29
34169.76,32644.9
34163.59,32689.65
34234.36,32771.34
34299.33,32793.54
34307.98,32760.37
34169.36,32646.89
34158.36,32686.32
34226.96,32771.16
34286.99,32788.33
34299.58,32753.08
34169.31,32644.63
34162.72,32686.65
34239.7,32777.69
34302.06,32799.95
34308.07,32759.9
34176.06,32648.43
34170.03,32694.81
34242.49,32780.53
34302.53,32798.43
34310.08,32762.65
34169.16,32644.16
34160.24,32686.09
34236.66,32778.54
34299.53,32800.45
34308.43,32761.49
34173.83,32647.45
34164.44,32686.68
34240.52,32774.83
34295.87,32789.7
34308.56,32757.69
34176.84,32646.15
34165.29,32684.37
34230.96,32768.39
34289.74,32788.69
34306.39,32762.47
34172.13,32647.0
34160.97,32685.31
34232.46,32773.54
34291.17,32790.59
34302.35,32755.94
34173.04,32646.2
34158.47,32680.62
34227.36,32765.91
34289.95,32791.75
34304.07,32761.42
34173.02,32649.17
34162.34,32685.63
34236.97,32774.23
34297.7,32797.52
34312.68,32766.67
34182.36,32653.84
34166.68,32684.4
34245.24,32778.3
34305.86,32802.3
34318.38,32770.56
34188.69,32657.22
34170.5,32686.77
34241.89,32773.63
34302.08,32798.19
34321.66,32772.95
34190.01,32657.91
34170.81,32689.56
34245.62,32779.7
34301.34,32799.2
34316.36,32770.2
34188.29,32656.28
34169.13,32687.66
34246.54,32780.31
34304.5,32797.14
34326.73,32772.37
34193.07,32654.58
34164.93,32678.23
34238.85,32771.05
34297.28,32791.53
34314.51,32762.94
34184.76,32644.68
34157.02,32668.39
34231.47,32761.04
34292.07,32786.52
34310.11,32758.4
34181.36,32647.0
34157.06,32674.11
34231.0,32768.39
34289.18,32791.24
34309.61,32760.75
34180.58,32642.73
34157.8,32669.6
34236.19,32765.49
34294.79,32788.82
34317.26,32766.61
34187.28,32651.79
34161.58,32679.72
34234.85,32769.02
34287.33,32785.05
34312.36,32763.63
34189.14,32651.05
34163.03,32677.2
34233.84,32766.16
34291.62,32786.52
34320.61,32770.36
34190.7,32653.66
34163.05,32678.76
34233.39,32769.71
34290.04,32789.65
34316.14,32765.33
34188.18,32650.29
34155.41,32670.27
34226.42,32757.24
34281.27,32779.86
34308.34,32758.11
34181.92,32641.1
34153.42,32667.39
34228.25,32764.79
34283.86,32788.53
34313.95,32772.17
34190.93,32656.7
34157.73,32676.15
34225.5,32767.34
34281.54,32789.89
34311.22,32771.21
34181.8,32652.77
34149.96,32671.01
34221.52,32762.63
34278.7,32785.18
34304.85,32762.13
34178.34,32645.97
34147.07,32664.53
34216.47,32753.46
34274.57,32778.68
34304.76,32760.82
34178.39,32639.65
34142.18,32654.13
34213.99,32744.72
34271.32,32768.86
34300.54,32752.14
34173.49,32634.19
34134.44,32649.33
34205.61,32743.2
34261.45,32767.48
34290.64,32748.12
34161.87,32622.06
34122.17,32632.43
34198.86,32730.73
34252.55,32750.42
34287.8,32737.55
34167.01,32624.52
34126.42,32634.8
34202.97,32731.87
34258.16,32756.32
34285.81,32736.27
34164.39,32621.05
34125.66,32639.98
34199.89,32735.16
34256.57,32760.17
34290.1,32745.53
34168.2,32625.92
34129.32,32638.31
34203.33,32734.2
34268.33,32762.13
34312.36,32758.87
34180.29,32640.52
34123.6,32638.93
34199.38,32739.78
34255.3,32766.72
34287.48,32749.24
34167.28,32635.02
34122.66,32640.99
34204.47,32743.16
34263.64,32771.01
34301.23,32758.89
34180.62,32642.89
34140.14,32656.12
34213.03,32750.11
34274.54,32781.45
34314.91,32773.42
34192.25,32651.14
34144.39,32657.71
34217.61,32754.13
34273.96,32780.31
34304.29,32762.96
34184.67,32644.77
34135.0,32649.17
34203.91,32743.03
34263.05,32775.82
34300.47,32765.06
34183.39,32647.05
34136.23,32651.63
34209.05,32744.95
34272.44,32776.3
34312.18,32764.95
34195.51,32652.68
34141.77,32657.98
34207.64,32746.6
34269.56,32775.1
34311.74,32766.07
34190.01,32648.3
34141.35,32653.75
34210.53,32747.34
34269.52,32777.94
34309.99,32766.56
34196.07,32652.97
34138.45,32650.2
34205.19,32742.38
34264.8,32772.28
34306.6,32761.76
34189.74,32644.01
34137.33,32646.67
34203.18,32737.5
34264.82,32771.03
34308.79,32765.0
34193.77,32650.18
34145.75,32654.73
34216.52,32754.11
34257.45,32773.33
34299.76,32765.53
34181.76,32648.77
34120.74,32639.09
34186.86,32727.65
34243.92,32756.28
34290.88,32750.8
34177.0,32634.93
34122.46,32633.84
34192.6,32728.12
34255.46,32763.86
34303.15,32764.46
34192.98,32650.15
34134.02,32640.97
34202.86,32736.97
34261.29,32768.86
34304.2,32766.85
34189.65,32652.95
34131.14,32647.47
34198.79,32740.59
34256.04,32772.48
34300.25,32765.4
34189.54,32649.04
34131.74,32646.42
34201.36,32742.22
34258.2,32771.55
34304.07,32767.32
34190.61,32649.26
34132.48,32643.65
34202.88,32739.96
34260.39,32765.4
34305.7,32757.38
34194.77,32643.74
34133.79,32634.35
34202.97,32730.69
34264.08,32770.7
34307.51,32765.33
34195.62,32646.58
34135.72,32641.12
34206.24,32741.64
34268.55,32778.47
34314.22,32774.56
34204.23,32660.39
34136.45,32647.67
34201.92,32738.85
34264.08,32773.24
34312.03,32769.4
34202.35,32658.45
34141.04,32648.92
34209.32,32744.25
34265.85,32777.63
34315.22,32775.57
34202.48,32656.97
34137.93,32646.35
34202.21,32737.53
34258.81,32770.83
34311.56,32768.73
34206.53,32654.96
34131.65,32642.06
34189.14,32731.51
34255.3,32773.82
34305.7,32770.96
34199.42,32652.01
34128.03,32633.75
34189.54,32724.27
34248.48,32761.35
34298.28,32760.48
34193.94,32647.63
34131.8,32635.65
34196.0,32727.71
34252.82,32763.21
34301.3,32765.44
34199.91,32655.81
34132.81,32640.5
34193.32,32729.39
34249.31,32765.02
34298.26,32765.51
34191.15,32647.43
34118.95,32626.39
34183.19,32718.28
34242.91,32759.5
34297.77,32764.79
34193.07,32650.64
34117.46,32631.94
34185.7,32725.86
34243.68,32764.46
34294.48,32763.65
34194.55,32650.67
34118.46,32627.29
34182.81,32722.01
34242.69,32761.4
34297.43,32767.01
34194.95,32653.26
34119.8,32631.71
34183.77,32723.82
34240.41,32758.69
34294.17,32761.24
34191.73,32648.88
34117.55,32626.15
34182.36,32720.54
34239.56,32759.3
34296.16,32763.25
34195.51,32647.85
34120.74,32625.05
34187.93,32723.27
34246.98,32764.73
34300.23,32767.41
34204.79,32658.27
34124.56,32632.09
34187.26,32725.46
34247.97,32768.5
34300.2,32767.19
34201.39,32657.08
34124.32,32634.64
34188.69,32727.06
34248.59,32765.02
34303.76,32773.09
34210.04,32666.65
34128.57,32636.59
34190.81,32728.21
34255.23,32772.26
34307.02,32772.93
34210.86,32662.13
34133.06,32635.96
34189.81,32723.49
34244.79,32760.86
34298.93,32765.6
34207.51,32660.21
34121.52,32629.25
34176.35,32714.75
34240.59,32759.68
34293.9,32760.08
34202.66,32652.63
34124.36,32626.01
34184.29,32714.15
34240.39,32753.22
34296.07,32756.21
34202.95,32648.39
34115.67,32614.46
34174.95,32702.95
34239.88,32748.77
34294.19,32749.42
34198.59,32639.16
34116.05,32609.43
34179.35,32703.93
34237.84,32748.19
34292.58,32751.47
34202.19,32644.01
34112.54,32606.28
34169.4,32694.14
34229.32,32739.81
34289.32,32748.61
34202.59,32643.94
34118.73,32615.4
34175.53,32703.08
34235.83,32744.77
34293.7,32748.3
34205.79,32644.16
34115.55,32608.69
34176.42,32699.51
34243.74,32749.39
34298.21,32753.13
34211.42,32648.12
34121.03,32611.48
34177.02,32703.37
34239.7,32752.84
34299.6,32761.8
34213.08,32655.56
34122.8,32619.26
34186.86,32715.55
34251.45,32765.0
34307.71,32768.86
34220.14,32662.18
34127.83,32621.95
34184.29,32712.25
34245.98,32760.88
34302.13,32768.5
34215.11,32662.33
34125.1,32623.17
34180.53,32709.86
34241.44,32756.19
34298.04,32762.2
34216.59,32662.02
34124.38,32621.81
34178.3,32707.02
34238.91,32754.0
34295.64,32758.38
34215.02,32658.42
34122.69,32614.01
34171.64,32693.09
34236.03,32744.59
34296.38,32757.58
34214.89,32659.16
34122.08,32617.03
34175.77,32706.37
34238.54,32754.65
34296.47,32761.69
34219.83,32665.8
34127.18,32621.3
34179.59,32704.96
34243.36,32757.31
34303.04,32766.83
34220.88,32662.33
34125.77,32614.79
34178.5,32697.94
34245.09,32754.54
34305.34,32763.54
34224.5,32662.56
34125.26,32615.98
34175.48,32701.74
34237.11,32753.06
34292.4,32759.43
34218.82,32662.63
34124.59,32614.08
34176.55,32701.49
34240.05,32755.9
34300.0,32763.81
34222.38,32664.57
34121.73,32614.3
34170.05,32695.35
34233.02,32748.52
34295.38,32761.71
34223.29,32667.88
34121.7,32614.03
34170.72,32692.98
34238.13,32751.94
34300.56,32767.34
34225.64,32665.33
34124.07,32612.63
34174.0,32698.01
34239.86,32753.87
34298.06,32763.57
34221.91,32664.21
34118.55,32608.89
34168.15,32693.49
34232.72,32749.28
34295.35,32759.95
34227.18,32666.54
34126.78,32614.99
34172.46,32696.44
34233.13,32749.51
34296.31,32763.77
34231.25,32674.2
34127.63,32619.15
34179.93,32706.59
34245.49,32765.62
34306.77,32774.72
34235.14,32674.52
34127.4,32615.8
34173.34,32700.13
34237.46,32755.56
34298.3,32765.0
34235.7,32676.28
34130.91,32619.93
34176.49,32700.85
34242.4,32759.21
34296.43,32762.98
34229.89,32670.83
34126.82,32615.04
34172.48,32694.97
34238.36,32755.05
34298.46,32762.49
34230.6,32668.77
34126.55,32610.86
34174.3,32691.53
34236.93,32749.39
34294.64,32757.44
34230.89,32666.27
34121.68,32607.89
34165.07,32687.86
34230.87,32747.27
34294.19,32761.58
34233.86,32672.19
34124.18,32607.51
34162.72,32681.67
34227.58,32741.93
34293.34,32758.27
34232.46,32670.54
34121.52,32603.66
34165.02,32684.44
34231.94,32744.7
34291.04,32755.34
34232.25,32668.59
34121.99,32605.09
34160.35,32684.57
34224.95,32744.81
34286.19,32753.75
34227.43,32664.97
34113.19,32598.05
34154.02,32677.56
34226.75,32745.42
34284.31,32752.57
34228.3,32670.18
34120.52,32610.12
34160.48,32686.03
34225.64,32747.83
34287.64,32758.74
34232.84,32673.69
34122.84,32607.26
34162.23,32685.36
34228.25,32749.82
34290.97,32763.86
34236.99,32680.6
34125.64,32615.42
34168.21,32697.88
34235.25,32761.24
34292.74,32770.03
34243.18,32687.48
34129.3,32615.04
34165.0,32686.88
34232.1,32750.54
34290.95,32760.86
34236.86,32676.44
34125.28,32606.75
34163.05,32684.82
34228.07,32748.08
34293.88,32763.61
34245.2,32685.18
34126.51,32609.81
34167.01,32686.99
34241.6,32759.52
34297.39,32766.47
34247.41,32685.27
34138.78,32619.98
34177.83,32698.39
34245.89,32768.08
34305.86,32780.26
34256.15,32696.78
34140.39,32624.83
34171.82,32695.06
34237.24,32757.98
34298.06,32766.81
34250.4,32685.98
34135.67,32614.46
34168.44,32686.05
34227.58,32742.22
34289.39,32755.81
34245.35,32681.11
34125.97,32604.87
34157.96,32677.11
34229.35,32747.61
34284.31,32755.25
34242.4,32677.8
34128.34,32602.7
34162.81,32678.47
34226.46,32743.25
34286.9,32754.22
34246.36,32680.39
34128.61,32604.47
34157.4,32678.03
34225.59,32746.29
34287.62,32759.92
34243.83,32684.91
34120.59,32600.13
34155.83,32673.33
34223.52,32742.71
34281.16,32754.76
34240.93,32682.29
34117.9,32598.1
34146.6,32667.25
34216.7,32736.32
34277.94,32747.49
34236.57,32672.62
34116.88,32594.1
34143.03,32662.47
34206.28,32726.33
34264.11,32734.82
34228.41,32660.84
34110.13,32579.59
34139.81,32650.64
34214.95,32728.34
34278.28,32743.96
34238.85,32672.19
34118.33,32590.09
34148.93,32660.39
34220.92,32735.34
34278.34,32747.67
34238.54,32674.58
34112.29,32586.14
34141.02,32656.03
34211.63,32727.83
34268.78,32737.79
34231.23,32667.03
34110.97,32585.85
34136.25,32658.2
34204.0,32729.39
34262.27,32740.39
34230.69,32673.4
34112.88,32588.75
34139.41,32654.96
34205.48,32724.56
34267.14,32739.54
34235.14,32671.99
34113.97,32584.46
34142.94,32651.23
34210.75,32722.71
34267.37,32733.93
34235.11,32669.33
34114.19,32581.78
34136.77,32645.01
34205.32,32716.85
34264.75,32731.36
34232.34,32666.94
34105.27,32575.72
34126.42,32639.49
34195.55,32714.48
34251.79,32725.48
34221.75,32661.51
34101.81,32577.11
34121.3,32639.11
34191.75,32717.23
34252.66,32732.65
34226.35,32668.79
34100.49,32577.24
34124.81,32643.43
34193.56,32717.34
34254.23,32730.96
34231.23,32668.84
34107.84,32581.42
34130.15,32645.84
34203.38,32726.73
34267.14,32745.06
34245.71,32685.83
34117.84,32590.16
34137.73,32652.05
34207.64,32729.46
34264.51,32742.24
34241.39,32685.49
34120.56,32599.35
34138.71,32660.21
34210.62,32738.73
34270.72,32752.35
34247.14,32689.04
34123.71,32597.89
34143.43,32660.17
34210.86,32729.66
34272.82,32744.46
34253.64,32687.9
34125.91,32591.32
34140.21,32652.05
34207.42,32728.43
34269.0,32744.25
34252.5,32687.59
34124.32,32589.49
34138.85,32648.14
34211.22,32726.33
34269.63,32737.95
34255.37,32679.46
34153.04,32585.98
34213.43,32645.64
34294.37,32722.13
34351.57,32738.08
34337.17,32687.97
34205.75,32590.85
34210.75,32640.01
34280.4,32723.94
34328.12,32734.38
34307.87,32679.43
34176.17,32582.16
34180.96,32634.73
34251.54,32717.66
34304.74,32731.07
34291.4,32681.94
34162.11,32581.27
34172.17,32636.0
34243.16,32717.28
34299.0,32731.51
34290.04,32684.33
34161.36,32584.69
34171.26,32640.52
34241.78,32721.05
34295.0,32732.43
34279.95,32679.41
34153.82,32584.89
34164.82,32643.8
34232.32,32721.57
34291.04,32737.53
34278.21,32684.75
34149.62,32586.25
34158.92,32642.78
34224.61,32720.34
34282.03,32737.17
34272.11,32684.96
34144.34,32584.15
34149.87,32638.82
34218.69,32719.91
34272.87,32732.86
34265.16,32686.32
34139.36,32588.15
34139.83,32635.09
34211.96,32718.55
34272.89,32735.51
34268.24,32691.41
34139.7,32590.45
34143.56,32639.94
34214.29,32721.81
34269.31,32735.2
34264.08,32688.11
34132.3,32581.87
34141.19,32635.76
34215.6,32719.06
34265.83,32729.75
34264.02,32685.69
34138.0,32582.29
34135.72,32627.91
34209.79,32716.4
34270.09,32733.37
34263.28,32685.27
34132.32,32582.07
34131.67,32629.03
34206.37,32716.54
34263.41,32733.37
34260.04,32687.19
34132.12,32583.46
34132.36,32628.14
34202.77,32708.65
34261.78,32725.3
34259.55,32680.33
34127.83,32573.87
34127.52,32619.71
34201.25,32707.17
34261.16,32726.6
34259.46,32685.58
34125.08,32577.51
34121.08,32620.18
34192.91,32702.03
34247.77,32716.11
34250.0,32677.2
34119.64,32570.2
34118.71,32616.8
34188.4,32699.46
34241.78,32711.08
34242.74,32670.09
34108.96,32558.76
34105.12,32599.59
34181.32,32689.74
34241.82,32710.32
34246.13,32670.18
34117.01,32563.03
34109.01,32603.73
34178.14,32688.67
34237.98,32709.12
34242.51,32666.94
34133.55,32560.72
34142.09,32606.66
34221.23,32695.53
34282.7,32714.53
34284.82,32670.45
34158.14,32559.74
34152.19,32598.07
34228.95,32687.1
34286.32,32707.22
34292.52,32667.86
34165.2,32559.83
34158.23,32603.28
34231.98,32693.34
34284.45,32704.27
34292.61,32668.5
34169.02,32563.72
34159.59,32602.95
34234.58,32693.94
34292.98,32713.59
34300.52,32675.97
34169.65,32564.46
34162.25,32603.48
34235.79,32690.9
34297.54,32712.31
34310.3,32677.85
34183.26,32568.35
34173.16,32606.12
34239.65,32690.61
34295.31,32711.17
34307.33,32679.37
34179.79,32567.79
34172.26,32607.93
34246.78,32697.27
34306.57,32719.89
34319.07,32688.49
34189.03,32574.02
34177.14,32609.92
34248.57,32697.31
34302.77,32714.97
34313.59,32682.18
34183.35,32568.46
34170.0,32605.07
34239.79,32690.86
34299.06,32712.6
34316.54,32686.47
34186.28,32573.93
34169.74,32604.18
34239.77,32689.11
34295.15,32707.6
34313.23,32681.6
34184.22,32569.42
34162.45,32596.67
34234.13,32687.32
34291.4,32708.89
34308.74,32679.88
34182.01,32568.59
34166.79,32603.42
34241.15,32694.5
34303.63,32718.46
34319.89,32689.63
34191.82,32574.63
34173.56,32604.33
34245.2,32695.21
34299.98,32714.55
34320.72,32689.67
34194.52,32577.67
34178.48,32611.28
34250.76,32703.13
34307.42,32724.58
34325.98,32697.83
34199.6,32585.54
34178.14,32613.43
34249.33,32701.88
34303.24,32719.73
34319.89,32690.61
34192.16,32576.95
34169.54,32605.58
34242.4,32697.52
34302.48,32722.13
34322.6,32694.16
34194.57,32578.2
34166.56,32601.49
34240.03,32689.83
34304.09,32717.07
34333.6,32700.51
34200.67,32580.42
34164.24,32597.13
34239.38,32690.28
34283.13,32698.1
34305.32,32674.25
34179.97,32557.66
34155.88,32584.08
34235.18,32683.26
34294.01,32705.05
34318.4,32682.59
34191.93,32566.4
34157.2,32581.31
34228.77,32672.37
34294.26,32702.84
34315.05,32677.45
34186.52,32559.38
34159.36,32585.78
34229.8,32677.24
34285.68,32701.07
34311.6,32679.48
34189.85,32565.84
34163.41,32591.03
34238.71,32682.59
34290.73,32701.29
34313.75,32679.32
34187.37,32561.21
34153.78,32578.9
34219.34,32670.16
34271.55,32691.1
34302.98,32676.55
34175.88,32554.49
34138.91,32568.37
34212.34,32663.74
34270.52,32689.67
34306.77,32678.94
34188.18,32565.6
34151.41,32579.14
34223.76,32675.37
34284.51,32703.8
34313.39,32684.13
34193.27,32570.31
34158.79,32586.67
34227.85,32679.12
34279.84,32700.02
34310.89,32685.38
34185.96,32567.85
34142.76,32577.04
34216.59,32674.2
34280.51,32703.17
34314.71,32688.82
34188.31,32568.41
34150.65,32581.51
34219.78,32672.84
34278.88,32699.26
34308.18,32681.45
34183.66,32561.62
34145.82,32576.66
34216.79,32669.82
34275.44,32695.37
34311.58,32685.56
34190.08,32567.12
34154.45,32581.67
34222.26,32668.75
34277.47,32693.31
34316.14,32686.47
34192.38,32568.37
34146.58,32576.46
34220.43,32672.86
34278.66,32696.2
34314.91,32682.68
34193.05,32564.84
34151.3,32577.46
34219.11,32672.35
34272.02,32698.37
34307.38,32684.04
34188.4,32569.71
34149.04,32583.48
34220.27,32679.46
34275.37,32705.88
34313.91,32693.31
34194.84,32574.74
34146.16,32578.76
34218.75,32672.37
34281.72,32703.71
34315.09,32689.74
34195.69,32576.24
34149.13,32583.12
34219.16,32675.32
34280.27,32707.4
34318.22,32697.94
34202.55,32581.13
34161.02,32588.42
34231.94,32685.11
34289.99,32715.44
34327.74,32706.95
34211.87,32591.3
34165.73,32595.21
34238.02,32689.87
34293.48,32715.24
34327.43,32702.28
34208.02,32585.36
34159.57,32590.83
34227.25,32683.86
34287.35,32715.04
34326.49,32706.77
34210.06,32590.14
34162.76,32598.54
34235.68,32695.08
34298.48,32729.7
34338.11,32719.96
34222.04,32602.32
34167.39,32602.14
34236.16,32698.1
34291.02,32723.27
34333.91,32716.05
34217.75,32599.24
34168.98,32601.05
34236.52,32693.81
34297.21,32727.8
34337.51,32720.47
34219.6,32600.46
34168.33,32601.0
34239.83,32694.97
34301.19,32729.48
34341.35,32723.02
34223.74,32603.55
34168.73,32600.71
34237.64,32693.81
34291.91,32721.97
34332.9,32715.82
34218.93,32599.13
34164.48,32600.42
34229.82,32691.39
34284.85,32723.13
34329.66,32719.51
34217.91,32604.4
34159.72,32598.77
34225.39,32688.04
34286.37,32720.61
34332.7,32719.78
34218.38,32604.44
34156.53,32596.06
34224.16,32690.81
34287.93,32726.55
34334.96,32721.01
34225.53,32607.71
34165.22,32603.68
34233.39,32697.27
34292.76,32727.18
34331.59,32716.83
34213.99,32597.65
34155.01,32590.72
34226.53,32686.5
34284.58,32718.64
34330.54,32715.38
34220.79,32601.27
34159.25,32592.75
34226.46,32684.17
34287.06,32718.24
34335.43,32719.04
34226.62,32604.35
34164.3,32594.12
34224.14,32684.75
34284.54,32719.98
34332.19,32718.75
34221.44,32601.83
34159.57,32592.71
34224.16,32685.89
34283.08,32719.55
34328.59,32717.21
34221.5,32600.42
34154.7,32585.62
34221.88,32679.9
34280.71,32712.36
34325.04,32708.85
34218.66,32597.34
34153.71,32582.49
34225.39,32682.12
34286.64,32721.46
34338.2,32722.44
34233.37,32608.8
34163.41,32590.7
34226.35,32681.56
34282.57,32715.93
34327.9,32712.63
34223.05,32600.44
34154.47,32585.71
34221.04,32678.67
34279.95,32714.28
34331.81,32714.97
34232.95,32606.19
34161.15,32588.31
34223.0,32678.74
34283.89,32720.29
34335.96,32722.82
34229.75,32607.04
34163.19,32592.89
34228.7,32685.36
34286.64,32717.66
34340.68,32723.6
34234.47,32608.47
34160.15,32586.99
34227.05,32682.63
34285.27,32717.1
34333.91,32715.2
34234.18,32605.29
34160.71,32584.39
34221.17,32673.29
34279.93,32713.19
34331.94,32716.98
34231.43,32606.46
34159.28,32585.54
34222.55,32675.97
34285.81,32717.46
34336.14,32718.91
34238.0,32609.12
34169.29,32593.54
34229.26,32687.86
34289.23,32728.27
34337.73,32724.92
34239.32,32618.1
34168.15,32600.76
34232.93,32693.29
34294.59,32734.91
34343.9,32731.25
34246.25,32620.67
34164.04,32592.11
34223.02,32684.42
34283.98,32724.27
34337.93,32726.17
34237.08,32612.38
34158.23,32583.03
34222.96,32677.69
34282.16,32717.86
34336.5,32723.02
34237.08,32610.77
34157.53,32582.32
34217.64,32669.42
34281.18,32715.76
34333.91,32716.45
34239.61,32606.81
34163.43,32585.29
34228.07,32678.29
34290.12,32721.86
34343.59,32727.45
34244.61,32615.31
34160.08,32584.55
34221.37,32679.32
34279.46,32722.42
34330.73,32722.15
34237.53,32612.69
34153.44,32581.42
34210.24,32670.22
34270.68,32712.78
34328.21,32719.13
34235.81,32611.08
34148.59,32577.46
34206.89,32667.43
34269.29,32710.84
34322.4,32711.58
34231.67,32602.66
34149.84,32572.44
34210.51,32665.64
34274.23,32714.77
34329.35,32718.84
34236.97,32608.4
34151.21,32576.26
34213.19,32671.83
34273.88,32716.94
34330.0,32722.6
34244.84,32622.37
34156.48,32589.33
34216.21,32680.69
34276.15,32725.5
34330.07,32728.52
34246.96,32628.09
34159.84,32587.81
34212.54,32672.3
34274.84,32721.12
34331.68,32726.82
34241.84,32614.19
34154.63,32578.14
34210.75,32668.15
34276.49,32720.79
34329.2,32722.86
34244.75,32618.88
34156.04,32578.43
34213.77,32667.52
34272.0,32713.59
34329.44,32721.3
34248.59,32622.73
34159.23,32584.13
34216.0,32672.57
34277.88,32721.61
34336.73,32729.12
34256.93,32629.05
34168.95,32588.91
34222.04,32673.91
34284.16,32723.94
34337.62,32728.16
34251.72,32623.15
34154.63,32578.98
34208.96,32665.91
34273.67,32716.36
34332.59,32722.68
34254.05,32621.88
34159.95,32576.28
34218.35,32667.14
34277.54,32714.97
34333.93,32721.52
34259.57,32628.05
34165.0,32583.03
34218.42,32670.2
34289.14,32730.11
34347.43,32739.18
34264.26,32636.96
34168.82,32592.89
34222.11,32680.46
34287.35,32732.56
34344.55,32736.3
34264.17,32636.21
34167.14,32590.0
34218.02,32672.37
34280.07,32722.8
34341.64,32734.82
34260.77,32631.71
34162.67,32584.93
34213.99,32669.38
34276.51,32718.93
34338.27,32729.5
34259.84,32630.26
34162.85,32582.56
34213.52,32670.72
34277.02,32724.14
34332.84,32732.25
34260.6,32640.27
34165.96,32591.39
34215.29,32674.18
34277.83,32728.94
34336.41,32734.29
34262.94,32636.81
34163.03,32585.36
34208.96,32665.26
34272.13,32721.25
34326.51,32725.01
34256.73,32631.85
34157.06,32581.22
34204.27,32661.87
34268.98,32717.46
34327.67,32728.63
34255.86,32636.94
34155.79,32584.46
34205.57,32669.55
34270.99,32728.23
34330.82,32739.09
34260.77,32644.79
34157.04,32586.36
34206.33,32671.48
34271.28,32728.41
34329.21,32735.07
34258.47,32637.28
34157.96,32585.36
34204.07,32667.81
34266.09,32721.3
34325.3,32728.43
34260.73,32636.05
34156.13,32580.39
34193.81,32654.53
34261.04,32715.04
34318.89,32720.9
34255.03,32631.91
34152.82,32576.28
34204.11,32661.31
34268.57,32718.17
34328.75,32729.12
34262.23,32636.45
34158.25,32579.19
34206.91,32664.68
34273.11,32723.6
34329.06,32730.02
34262.7,32638.98
34156.32,32580.79
34200.0,32661.78
34258.59,32715.67
34314.26,32720.63
34251.45,32630.66
34143.38,32570.6
34196.43,32658.71
34261.67,32716.56
34320.63,32726.02
34263.34,32642.55
34157.82,32583.34
34197.09,32660.01
34261.8,32716.07
34318.38,32720.9
34253.85,32630.28
34141.82,32567.14
34183.53,32647.87
34250.34,32708.04
34311.74,32716.43
34256.35,32634.28
34144.55,32565.82
34187.39,32643.8
34255.97,32711.46
34316.66,32721.48
34257.71,32634.42
34152.35,32574.83
34196.04,32653.39
34264.64,32715.98
34325.95,32727.29
34267.64,32642.08
34158.65,32577.53
34199.38,32655.07
34267.59,32720.92
34325.82,32730.31
34270.83,32647.13
34157.04,32579.99
34196.6,32658.51
34265.45,32727.2
34323.29,32735.94
34264.06,32647.25
34152.5,32580.17
34188.82,32654.58
34253.64,32716.56
34317.88,32730.35
34264.35,32643.87
34148.12,32570.98
34188.76,32651.81
34252.1,32711.93
34314.35,32724.88
34267.44,32645.57
34153.93,32574.83
34192.11,32651.29
34259.46,32713.74
34315.36,32723.47
34263.75,32642.02
34148.52,32572.73
34183.66,32649.66
34251.1,32715.93
34313.12,32727.89
34261.4,32643.76
34149.29,32572.73
34183.26,32646.44
34245.26,32707.37
34306.28,32717.3
34262.14,32640.38
34144.39,32564.5
34178.83,32641.66
34248.21,32711.46
34309.66,32723.47
34266.03,32644.36
34153.87,32575.61
34179.82,32646.2
34236.57,32704.42
34295.58,32715.8
34249.96,32638.15
34132.1,32564.19
34165.76,32638.11
34236.75,32706.05
34296.79,32716.34
34255.25,32640.05
34137.75,32565.13
34170.32,32637.55
34241.55,32706.37
34303.27,32718.44
34260.98,32645.12
34137.95,32563.23
34172.53,32634.95
34243.72,32707.06
34304.81,32720.45
34265.71,32648.07
34149.51,32571.77
34179.01,32643.89
34245.91,32716.56
34304.47,32727.71
34265.87,32655.5
34149.39,32579.25
34185.38,32652.86
34253.91,32721.14
34315.05,32732.54
34274.79,32656.68
34150.67,32573.6
34177.71,32641.03
34243.27,32710.35
34304.74,32723.65
34263.97,32650.96
34144.25,32570.92
34176.82,32643.22
34251.16,32715.0
34316.12,32732.59
34276.71,32658.49
34151.14,32571.54
34179.64,32640.34
34248.77,32711.2
34307.82,32722.06
34271.01,32647.16
34147.72,32561.13
34175.5,32629.61
34248.71,32706.3
34309.1,32718.91
34276.98,32653.51
34155.12,32572.14
34182.93,32642.51
34249.93,32714.62
34310.29,32727.76
34276.27,32657.24
34153.84,32572.99
34176.11,32636.74
34243.36,32710.35
34306.42,32725.5
34275.06,32657.04
34151.92,32572.5
34177.45,32642.33
34244.26,32713.88
34306.6,32728.14
34277.29,32663.5
34150.2,32572.73
34173.94,32638.55
34246.05,32713.95
34304.54,32723.71
34276.49,32656.63
34152.82,32568.79
34177.45,32636.96
34245.87,32711.49
34307.45,32727.58
34278.99,32661.55
34154.83,32573.15
34176.66,32640.32
34252.13,32723.58
34312.39,32734.6
34281.74,32667.61
34156.68,32582.72
34176.91,32646.87
34247.86,32720.23
34307.22,32732.23
34279.39,32667.43
34157.24,32578.67
34184.45,32645.79
34252.62,32719.91
34313.52,32735.83
34287.46,32671.5
34161.31,32579.81
34182.7,32646.64
34253.91,32724.94
34312.36,32736.1
34291.8,32678.56
34158.07,32580.97
34175.95,32643.71
34247.1,32723.13
34306.82,32737.21
34286.64,32677.45
34151.52,32575.79
34171.88,32636.52
34245.84,32718.24
34306.37,32733.32
34285.92,32676.26
34157.29,32583.99
34172.53,32643.69
34238.78,32716.36
34298.01,32728.21
34280.38,32670.22
34149.53,32574.18
34164.55,32632.7
34236.3,32709.74
34300.34,32724.32
34283.24,32668.21
34153.6,32573.11
34165.15,32627.62
34241.24,32711.29
34305.57,32728.9
34284.02,32669.55
34156.44,32575.74
34172.78,32634.62
34241.62,32710.46
34301.79,32726.44
34285.07,32670.16
34156.41,32573.8
34171.59,32633.08
34240.84,32710.3
34299.27,32723.69
34288.31,32673.02
34155.21,32570.71
34168.57,32631.04
34241.48,32714.01
34303.42,32732.9
34293.92,32682.52
34165.07,32583.88
34170.96,32636.18
34235.16,32709.94
34300.83,32728.9
34291.91,32680.02
34156.68,32574.6
34166.56,32629.68
34239.25,32711.98
34302.64,32732.88
34292.76,32680.84
34161.09,32578.27
34164.39,32629.19
34237.2,32712.2
34301.25,32729.61
34289.45,32677.09
34158.96,32576.19
34166.68,32627.94
34233.64,32703.73
34291.24,32717.25
34283.73,32668.1
34154.02,32567.99
34162.0,32620.4
34232.37,32702.37
34289.79,32715.17
34288.63,32669.71
34163.57,32565.26
34169.98,32613.45
34241.22,32697.38
34300.11,32714.59
34295.38,32667.63
34170.07,32571.36
34170.99,32621.19
34242.63,32701.61
34306.15,32720.07
34302.95,32674.74
34173.71,32570.13
34176.71,32620.65
34242.67,32701.41
34299.96,32719.06
34295.15,32676.6
34163.99,32572.3
34167.55,32621.54
34240.1,32705.74
34295.73,32718.77
34296.18,32678.29
34164.48,32573.69
34163.21,32618.93
34237.48,32704.98
34296.98,32723.31
34295.18,32678.83
34165.55,32574.89
34166.7,32623.87
34238.29,32705.61
34296.7,32718.33
34296.18,32675.7
34161.76,32566.42
34158.74,32611.28
34232.61,32700.51
34292.36,32718.39
34293.57,32676.24
34157.8,32565.24
34155.63,32613.74
34230.45,32703.48
34285.29,32716.02
34288.04,32676.06
34161.94,32572.71
34153.93,32613.85
34228.39,32703.28
34295.8,32729.08
34311.07,32699.01
34179.93,32594.61
34172.15,32635.54
34247.21,32726.08
34303.2,32744.59
34303.13,32703.82
34174.23,32602.3
34168.57,32645.41
34237.91,32728.41
34295.53,32746.67
34294.7,32706.41
34162.25,32599.33
34151.25,32639.6
34223.67,32728.9
34281.63,32746.13
34290.37,32707.02
34161.89,32599.88
34152.86,32641.77
34226.04,32730.2
34282.57,32749.84
34291.02,32713.77
34163.88,32606.97
34159.1,32653.1
34234.49,32742.46
34290.41,32754.74
34302.06,32720.47
34175.91,32616.8
34165.29,32653.35
34241.95,32742.09
34302.59,32763.54
34311.96,32728.67
34179.91,32617.25
34166.61,32654.98
34238.98,32742.49
34294.59,32760.01
34303.85,32725.37
34172.98,32612.15
34161.42,32648.63
34230.82,32732.36
34289.16,32750.83
34305.28,32721.23
34176.13,32609.41
34164.71,32644.74
34238.38,32734.13
34296.47,32755.54
34306.04,32718.1
34176.31,32608.27
34159.48,32644.21
34231.2,32732.01
34290.19,32753.17
34303.69,32725.28
34172.89,32614.7
34151.74,32641.08
34226.31,32729.05
34288.76,32752.86
34303.87,32725.26
34173.63,32611.71
34153.02,32643.43
34219.74,32730.13
34273.98,32745.62
34290.21,32712.94
34157.33,32595.12
34137.33,32626.08
34211.71,32716.98
34269.92,32737.19
34287.64,32709.61
34154.31,32594.14
34135.67,32625.41
34208.25,32716.98
34270.34,32741.68
34291.06,32714.32
34165.04,32600.82
34144.3,32630.71
34221.77,32724.25
34285.25,32746.2
34305.79,32718.37
34179.06,32604.51
34152.82,32629.43
34227.18,32720.56
34280.18,32738.91
34296.36,32709.03
34168.24,32592.75
34145.04,32622.24
34214.13,32711.08
34270.36,32729.95
34290.95,32704.42
34161.04,32588.48
34133.39,32612.29
34204.07,32700.4
34260.06,32719.11
34283.62,32697.83
34155.14,32584.21
34127.47,32608.22
34204.45,32703.28
34269.85,32731.11
34289.43,32702.79
34158.2,32586.47
34134.58,32612.89
34208.88,32706.59
34265.16,32727.0
34291.0,32705.03
34161.62,32588.57
34136.88,32617.99
34215.11,32714.37
34268.69,32731.22
34291.02,32708.31
34160.46,32589.89
34128.99,32609.12
34205.72,32704.04
34261.27,32723.87
34286.55,32702.21
34158.49,32586.12
34127.52,32612.27
34198.26,32703.46
34255.52,32722.01
34285.74,32704.8
34159.59,32587.95
34125.05,32603.39
34196.11,32696.67
34254.83,32722.46
34280.85,32699.6
34156.97,32583.19
34128.12,32604.35
34200.61,32697.27
34256.82,32720.18
34280.13,32695.64
34151.95,32575.54
34120.81,32592.4
34192.04,32684.91
34255.03,32714.95
34284.91,32696.33
34159.03,32578.4
34128.07,32600.87
34200.16,32693.74
34255.46,32715.76
34286.08,32698.23
34162.29,32583.5
34127.58,32601.22
34198.37,32693.07
34254.81,32718.66
34282.64,32698.34
34154.98,32577.15
34119.22,32593.96
34189.63,32685.09
34246.94,32713.1
34276.71,32695.15
34154.09,32578.02
34117.66,32595.79
34186.16,32686.34
34245.2,32712.92
34282.16,32703.71
34153.38,32579.54
34111.51,32588.39
34180.98,32681.8
34234.22,32704.78
34263.82,32685.22
34137.73,32566.56
34101.0,32581.64
34179.53,32679.9
34242.78,32711.2
34280.2,32702.9
34158.83,32584.62
34115.85,32595.41
34186.79,32688.82
34241.35,32713.25
34280.18,32704.2
34164.84,32592.33
34115.82,32597.22
34186.01,32690.63
34241.38,32716.05
34273.94,32701.12
34153.31,32585.13
34106.46,32590.7
34178.97,32683.26
34240.61,32712.13
34278.77,32701.56
34163.52,32591.05
34111.82,32593.18
34172.48,32677.09
34231.56,32706.68
34269.38,32696.98
34135.25,32564.03
34084.71,32566.0
34158.52,32662.38
34207.62,32684.04
34249.64,32676.33
34131.76,32560.9
34089.27,32572.1
34159.59,32665.82
34220.14,32696.64
34254.96,32681.29
34138.38,32566.67
34093.07,32573.93
34158.88,32664.5
34215.45,32691.62
34257.07,32684.69
34143.14,32574.89
34096.49,32585.06
34165.36,32678.88
34227.32,32714.79
34265.09,32704.13
34148.39,32585.67
34098.12,32586.58
34164.93,32677.06
34223.83,32707.96
34258.59,32691.39
34142.33,32573.67
34095.53,32580.3
34165.49,32674.49
34224.16,32704.98
34263.3,32693.18
34148.46,32576.39
34095.82,32579.16
34165.15,32676.46
34222.62,32708.04
34267.37,32703.39
34154.38,32589.13
34100.27,32586.7
34170.36,32680.26
34229.17,32710.86
34271.5,32702.7
34154.85,32581.11
34096.07,32578.31
34165.49,32673.11
34224.77,32705.83
34266.54,32698.86
34150.18,32578.34
34095.53,32579.43
34158.27,32670.38
34216.36,32701.14
34265.2,32697.79
34153.33,32581.18
34096.67,32578.81
34164.04,32675.57
34220.54,32705.76
34266.77,32698.9
34155.14,32580.71
34092.42,32572.88
34155.14,32662.8
34214.77,32696.98
34262.05,32696.42
34149.87,32581.27
34086.57,32571.97
34155.9,32669.15
34215.07,32704.31
34261.6,32699.13
34148.41,32582.16
34088.22,32576.53
34156.06,32670.49
34212.47,32700.29
34255.21,32692.78
34146.89,32579.3
34085.25,32568.14
34150.98,32657.89
34211.89,32693.76
34259.77,32690.74
34148.97,32571.36
34086.07,32559.0
34156.73,32652.95
34212.72,32685.83
34263.03,32686.07
34151.48,32568.48
34083.64,32557.33
34149.84,32651.34
34209.07,32686.38
34262.47,32691.35
34152.91,32574.52
34086.54,32559.85
34151.07,32653.04
34209.81,32689.56
34259.01,32686.77
34155.43,32571.63
34084.93,32556.05
34146.27,32649.08
34201.83,32683.93
34250.79,32684.46
34148.75,32576.66
34081.83,32560.41
34149.91,32653.64
34211.85,32693.13
34263.99,32697.94
34156.28,32580.62
34083.37,32562.54
34150.89,32658.04
34213.37,32698.43
34265.67,32699.71
34165.67,32587.97
34091.55,32568.9
34156.73,32664.64
34221.59,32708.38
34270.54,32706.28
34169.25,32592.33
34097.43,32573.49
34159.95,32664.32
34219.31,32705.76
34266.9,32703.06
34160.59,32586.36
34087.48,32565.55
34149.8,32657.1
34208.2,32695.33
34260.24,32697.45
34159.5,32587.9
34086.92,32567.99
34151.95,32660.88
34211.18,32697.83
34264.15,32697.67
34163.88,32584.51
34089.54,32563.43
34152.73,32655.18
34210.98,32695.44
34265.47,32700.45
34165.4,32590.83
34080.06,32559.25
34141.68,32651.83
34200.47,32691.41
34253.0,32693.38
34156.64,32583.95
34078.68,32557.75
34139.23,32648.92
34198.64,32689.27
34251.63,32689.09
34157.13,32580.93
34070.11,32546.73
34129.17,32633.61
34191.62,32676.08
34245.8,32677.29
34158.2,32577.02
34090.81,32562.09
34158.14,32659.65
34212.43,32696.76
34242.83,32676.39
34153.29,32576.64
34075.68,32552.77
34133.66,32642.44
34183.86,32676.26
34238.87,32680.57
34152.73,32576.73
34077.07,32550.11
34135.96,32637.52
34200.89,32685.69
34251.59,32686.27
34163.34,32579.97
34081.13,32547.92
34138.24,32639.22
34198.73,32685.18
34243.07,32677.94
34153.6,32570.54
34076.82,32542.24
34130.84,32630.44
34182.54,32673.98
34237.48,32680.39
34149.98,32576.01
34061.96,32538.42
34122.77,32629.66
34181.76,32671.28
34241.02,32675.97
34153.93,32572.66
34061.38,32532.87
34118.26,32621.45
34181.25,32669.73
34240.21,32675.77
34154.89,32574.74
34066.43,32538.42
34123.38,32627.18
34184.96,32675.41
34240.7,32679.88
34159.36,32578.96
34071.39,32544.16
34126.96,32632.58
34190.21,32682.79
34247.3,32687.55
34158.34,32581.55
34066.16,32541.21
34121.86,32625.72
34184.13,32675.14
34238.8,32679.46
34156.41,32576.84
34067.84,32538.39
34123.04,32623.15
34187.57,32675.34
34245.62,32685.04
34164.37,32586.23
34067.86,32540.94
34123.09,32625.14
34189.94,32676.93
34248.57,32685.65
34167.39,32586.27
34078.09,32544.83
34135.38,32634.22
34197.5,32684.17
34253.71,32691.24
34178.25,32594.01
34083.19,32551.94
34134.0,32635.69
34191.71,32684.04
34253.31,32695.75
34176.44,32594.92
34077.76,32544.94
34127.71,32627.76
34193.59,32681.6
34250.79,32689.18
34172.48,32590.76
34081.18,32549.73
34130.29,32632.16
34190.68,32678.96
34249.64,32688.78
34167.01,32587.52
34070.14,32539.09
34121.03,32621.68
34187.8,32676.95
34243.32,32684.87
34167.05,32586.29
34073.54,32540.43
34125.1,32623.71
34188.45,32676.1
34245.64,32682.41
34175.95,32588.78
34073.51,32536.83
34125.79,32621.9
34194.17,32679.19
34253.6,32688.78
34180.53,32592.11
34076.08,32534.73
34126.04,32620.52
34194.77,32681.67
34253.91,32690.43
34185.32,32594.56
34085.49,32542.55
34136.75,32630.71
34203.53,32690.45
34266.68,32703.02
34193.18,32603.79
34091.73,32552.83
34135.65,32637.26
34196.34,32692.35
34253.87,32700.98
34184.18,32606.05
34078.39,32548.36
34123.8,32629.54
34185.74,32683.52
34242.94,32688.64
34174.05,32592.31
34068.28,32534.35
34116.72,32620.43
34177.58,32674.34
34236.16,32681.11
34170.43,32589.6
34065.15,32531.78
34115.94,32615.22
34177.14,32669.22
34234.22,32675.92
34173.43,32584.64
34069.96,32527.29
34121.48,32614.97
34186.52,32673.11
34240.73,32676.33
34177.74,32583.93
34074.94,32526.77
34123.13,32610.66
34186.3,32667.65
34245.42,32675.77
34182.99,32586.85
34074.74,32528.29
34119.18,32609.83
34184.0,32668.32
34249.75,32682.34
34194.17,32598.83
34084.06,32537.61
34121.14,32615.42
34185.63,32675.7
34243.68,32683.41
34184.96,32597.13
34077.07,32538.75
34115.27,32612.29
34176.91,32667.25
34236.34,32674.2
34182.68,32589.15
34074.03,32525.83
34123.0,32611.75
34183.77,32670.38
34239.7,32677.78
34185.0,32596.22
34073.87,32531.89
34109.7,32606.46
34175.82,32668.68
34237.46,32678.9
34183.35,32595.19
34073.38,32530.57
34107.91,32601.27
34171.73,32658.45
34231.5,32670.74
34174.12,32583.77
34062.49,32518.01
34099.06,32592.11
34170.52,32659.16
34232.05,32670.61
34180.69,32590.9
34072.04,32529.81
34110.19,32605.7
34179.14,32669.0
34240.01,32679.01
34193.81,32600.6
34082.88,32533.5
34114.3,32601.94
34182.63,32667.16
34245.22,32681.74
34196.78,32599.3
34082.45,32524.07
34120.88,32603.55
34180.73,32663.9
34242.34,32677.24
34200.8,32603.44
34088.18,32535.31
34122.21,32609.83
34191.35,32677.04
34253.55,32692.29
34205.7,32614.21
34091.39,32541.41
34125.19,32611.66
34188.69,32675.08
34250.89,32689.09
34203.55,32610.66
34081.78,32532.07
34113.03,32604.35
34178.7,32671.19
34234.96,32683.32
34190.14,32605.18
34073.36,32527.33
34109.81,32599.48
34177.29,32666.43
34236.75,32677.76
34196.22,32605.83
34082.65,32534.48
34115.27,32608.31
34176.33,32671.16
34231.02,32677.65
34190.32,32602.79
34077.56,32528.94
34107.49,32599.73
34177.0,32668.12
34236.43,32677.04
34196.83,32600.78
34079.77,32525.65
34112.02,32601.34
34180.13,32674.99
34238.02,32686.86
34201.43,32614.23
34081.02,32533.9
34111.06,32604.02
34180.04,32674.99
34239.5,32683.35
34203.11,32615.2
34083.57,32536.4
34111.62,32605.18
34180.42,32674.58
34240.73,32689.29
34207.69,32624.0
34087.41,32543.67
34115.42,32610.03
34183.55,32676.66
34240.97,32685.09
34204.72,32616.07
34081.07,32531.8
34104.47,32597.27
34173.0,32668.62
34231.18,32679.19
34200.27,32612.11
34080.62,32530.46
34107.73,32597.2
34179.01,32670.96
34235.52,32681.45
34205.21,32616.49
34081.58,32529.7
34107.93,32598.88
34176.15,32669.4
34236.86,32678.85
34204.4,32610.37
34082.3,32526.21
34111.36,32595.77
34182.21,32672.75
34241.62,32683.7
34209.48,32618.06
34082.92,32531.35
34104.71,32596.15
34169.36,32667.88
34232.66,32684.04
34201.48,32613.05
34079.84,32524.89
34103.26,32590.41
34176.75,32668.28
34229.97,32676.37
34201.83,32614.39
34079.28,32528.96
34099.6,32589.49
34164.39,32659.63
34221.21,32672.13
34197.54,32610.39
34074.25,32521.36
34093.74,32582.2
34166.41,32659.79
34225.35,32673.06
34204.45,32614.64
34084.62,32524.85
34102.01,32586.54
34166.27,32659.21
34225.23,32671.61
34199.6,32609.21
34074.47,32517.41
34092.11,32578.81
34165.38,32661.26
34225.13,32675.63
34205.48,32620.83
34085.22,32535.11
34105.52,32599.13
34178.07,32679.59
34236.34,32690.45
34218.17,32633.39
34095.64,32542.64
34107.84,32597.63
34176.89,32674.4
34235.92,32686.83
34218.55,32627.38
34098.97,32539.15
34110.23,32593.78
34180.24,32671.68
34240.75,32687.84
34221.59,32630.21
34094.52,32535.31
34108.54,32595.62
34176.17,32673.51
34236.7,32690.12
34221.82,32634.13
34097.07,32537.81
34107.26,32590.92
34177.78,32671.95
34235.36,32685.13
34223.27,32635.09
34101.41,32543.87
34115.2,32600.87
34180.27,32671.83
34239.5,32685.6
34228.7,32635.54
34102.52,32537.79
34112.79,32592.17
34183.33,32671.16
34240.48,32685.13
34225.1,32629.37
34098.84,32532.83
34108.18,32586.5
34172.98,32664.48
34231.54,32680.17
34218.08,32624.74
34091.75,32525.95
34102.01,32582.07
34174.68,32668.71
34230.2,32682.9
34225.73,32634.62
34099.15,32533.48
34105.09,32582.88
34176.26,32666.36
34235.05,32681.24
34228.45,32632.34
34104.67,32538.26
34107.62,32587.5
34178.63,32671.39
34237.98,32690.74
34236.97,32646.71
34111.93,32549.01
34114.37,32597.25
34183.08,32676.77
34241.2,32693.09
34236.03,32647.05
34111.09,32547.13
34113.37,32593.67
34183.57,32675.99
34242.36,32692.42
34241.89,32649.28
34111.91,32543.29
34114.26,32590.76
34186.52,32674.2
34239.5,32688.26
34236.48,32643.96
34114.21,32546.02
34112.94,32591.21
34183.28,32673.89
34234.33,32683.05
34236.01,32643.07
34111.4,32540.83
34108.4,32583.86
34177.58,32667.28
34231.09,32681.11
34233.8,32639.54
34112.88,32542.73
34106.66,32587.84
34172.75,32668.91
34232.16,32690.19
34241.82,32656.75
34117.66,32553.39
34115.54,32598.43
34179.06,32676.06
34236.64,32694.1
34241.26,32654.4
34118.66,32550.93
34117.88,32597.04
34184.55,32677.04
34239.23,32694.92
34245.35,32656.79
34118.62,32549.26
34111.8,32589.24
34178.3,32671.97
34235.47,32686.16
34247.01,32650.09
34118.13,32545.23
34113.43,32592.44
34180.06,32676.39
34235.25,32692.42
34241.64,32657.89
34120.07,32557.46
34111.49,32597.2
34182.88,32680.62
34235.9,32694.81
34243.12,32657.71
34124.38,32560.59
34110.97,32594.36
34185.79,32684.69
34246.43,32706.41
34255.16,32668.21
34134.44,32563.72
34125.59,32601.65
34196.65,32686.54
34255.95,32703.71
34267.77,32668.1
34143.83,32563.41
34132.68,32600.26
34200.89,32684.2
34263.97,32707.15
34272.11,32671.63
34140.25,32561.08
34127.29,32598.03
34197.43,32684.75
34254.72,32704.69
34265.25,32670.63
34136.05,32560.52
34124.36,32599.28
34198.39,32688.31
34254.02,32705.94
34264.66,32669.91
34129.75,32552.92
34113.68,32586.54
34184.38,32675.46
34246.11,32699.13
34258.65,32663.52
34129.44,32555.78
34117.23,32594.5
34191.29,32687.1
34246.94,32702.75
34258.52,32670.11
34126.17,32559.7
34108.7,32591.73
34178.74,32673.85
34238.4,32693.54
34254.56,32665.75
34121.25,32550.08
34109.36,32586.05
34186.34,32680.28
34241.24,32698.72
34260.15,32670.4
34134.44,32558.85
34113.37,32593.89
34177.47,32678.76
34240.12,32701.63
34254.74,32672.13
34121.57,32553.88
34109.14,32587.75
34181.43,32675.12
34239.36,32694.81
34254.58,32664.9
34124.7,32550.53
34101.3,32579.92
34175.13,32671.9
34236.23,32695.71
34256.13,32673.04
34128.77,32561.35
34107.69,32588.55
34184.13,32682.88
34237.55,32700.38
34253.67,32670.07
34125.91,32555.52
34103.84,32583.03
34175.05,32674.94
34234.11,32698.59
34255.14,32675.01
34122.53,32559.76
34101.56,32590.38
34172.91,32681.24
34232.68,32705.88
34256.39,32684.37
34136.36,32573.26
34110.66,32595.01
34185.52,32685.71
34247.14,32710.64
34268.15,32685.58
34141.48,32572.08
34116.09,32598.99
34185.61,32687.39
34240.95,32708.74
34261.82,32682.47
34133.91,32569.75
34105.65,32592.29
34182.28,32685.04
34242.22,32706.1
34267.75,32682.96
34142.87,32570.07
34114.26,32593.09
34184.22,32682.94
34239.94,32705.52
34263.64,32682.07
34133.59,32562.4
34102.5,32582.99
34180.15,32680.75
34239.43,32704.71
34267.61,32684.98
34139.58,32569.22
34109.92,32593.78
34187.3,32690.74
34242.71,32708.78
34266.05,32686.65
34135.61,32566.51
34104.04,32589.74
34177.74,32682.45
34237.64,32706.28
34266.86,32687.44
34136.86,32567.47
34103.2,32587.59
34176.4,32680.51
34237.51,32706.26
34268.04,32686.05
34136.43,32564.72
34105.03,32586.81
34182.03,32685.94
34240.46,32712.76
34267.59,32689.8
34141.75,32571.1
34108.67,32591.26
34182.9,32684.31
34240.21,32708.83
34268.75,32689.4
34141.68,32569.4
34103.62,32583.23
34175.77,32675.97
34232.12,32698.92
34260.53,32682.61
34137.33,32569.71
34100.18,32582.81
34175.1,32676.86
34237.13,32702.34
34270.5,32685.63
34145.13,32566.96
34104.87,32576.93
34176.06,32668.59
34229.64,32690.59
34264.84,32678.61
34139.23,32562.31
34094.14,32572.64
34171.52,32670.0
34231.61,32699.17
34262.72,32684.44
34140.12,32567.9
34099.95,32581.98
34171.75,32677.18
34231.05,32708.13
34265.25,32690.79
34142.29,32574.13
34101.18,32589.04
34174.23,32685.98
34229.59,32711.73
34260.93,32694.59
34135.38,32575.23
34093.09,32584.17
34164.93,32676.75
34220.68,32701.29
34259.32,32689.83
34144.61,32575.21
34101.74,32586.03
34169.85,32679.5
34229.01,32711.8
34268.53,32704.6
34147.61,32585.22
34102.95,32589.83
34175.04,32684.46
34231.54,32710.08
34268.2,32695.37
34147.47,32577.31
34096.87,32581.31
34164.64,32671.74
34217.48,32699.08
34255.88,32692.02
34141.46,32582.65
34094.03,32586.79
34164.89,32680.51
34219.76,32707.84
34261.25,32699.75
34150.87,32587.34
34104.04,32590.99
34171.32,32682.68
34227.34,32715.93
34270.45,32712.51
34152.79,32593.49
34100.58,32590.32
34169.76,32682.41
34230.55,32713.3
34271.32,32706.08
34157.4,32592.26
34107.89,32593.67
34174.18,32686.36
34232.1,32718.39
34269.71,32708.18
34156.91,32592.17
34108.2,32597.29
34174.79,32691.28
34228.39,32718.62
34270.57,32708.09
34158.63,32592.29
34106.26,32592.35
34173.78,32685.42
34228.77,32716.83
34269.67,32709.54
34159.66,32597.18
34105.14,32596.62
34175.32,32691.26
34230.45,32719.13
34270.74,32708.33
34162.65,32596.24
34108.58,32590.81
34178.63,32683.48
34236.01,32713.77
34282.97,32710.57
34174.99,32599.37
34118.53,32596.98
34180.42,32689.07
34240.95,32724.65
34287.11,32722.91
34176.73,32607.13
34119.71,32602.28
34187.04,32694.37
34244.26,32727.18
34290.61,32723.82
34177.47,32605.25
34119.49,32599.19
34184.82,32691.53
34239.81,32725.03
34293.14,32728.79
34184.0,32612.74
34123.54,32602.05
34193.07,32698.72
34247.36,32730.62
34288.0,32720.79
34180.0,32605.27
34119.63,32597.18
34180.35,32686.59
34231.32,32712.36
34280.4,32710.82
34169.6,32590.54
34108.07,32581.87
34174.21,32676.44
34230.42,32711.26
34277.54,32707.73
34170.45,32595.41
34104.98,32584.15
34174.05,32681.33
34223.56,32709.45
34266.48,32702.41
34166.65,32592.87
34101.38,32580.1
34168.15,32676.89
34229.73,32715.73
34282.95,32720.11
34185.67,32608.89
34126.69,32599.44
34190.14,32691.28
34246.8,32726.37
34290.14,32722.3
34184.51,32609.67
34115.38,32593.54
34180.15,32685.54
34235.11,32718.91
34286.32,32716.29
34185.9,32606.34
34117.81,32589.98
34182.99,32684.62
34243.21,32725.59
34295.24,32728.18
34194.37,32616.4
34122.64,32597.13
34187.28,32690.63
34244.21,32727.15
34295.04,32728.23
34194.7,32615.35
34120.03,32590.21
34181.94,32680.91
34240.37,32718.59
34288.4,32718.82
34185.79,32606.46
34108.7,32580.86
34174.09,32672.26
34237.48,32712.09
34291.11,32713.79
34192.34,32607.57
34115.49,32583.01
34176.17,32673.76
34236.57,32713.34
34289.79,32714.21
34196.52,32609.67
34123.02,32591.44
34185.23,32686.99
34246.07,32730.75
34296.71,32730.13
34205.39,32625.77
34129.35,32601.18
34188.87,32689.96
34246.74,32728.29
34296.14,32727.96
34198.04,32616.36
34120.36,32592.91
34183.48,32688.06
34242.76,32731.36
34298.19,32735.76
34206.35,32630.19
34130.4,32606.59
34194.12,32701.38
34255.01,32743.99
34309.03,32747.49
34210.42,32633.86
34132.32,32607.26
34188.45,32691.97
34240.99,32727.4
34295.24,32731.51
34202.04,32620.54
34120.32,32590.72
34180.27,32681.4
34237.3,32721.19
34289.65,32725.21
34197.25,32617.63
34114.75,32586.67
34175.35,32679.68
34231.88,32720.38
34284.33,32722.06
34191.69,32611.66
34110.97,32582.52
34168.95,32672.06
34227.14,32711.96
34283.69,32715.13
34201.48,32615.96
34121.52,32588.19
34175.97,32674.43
34234.89,32718.97
34293.36,32727.49
34207.98,32625.86
34122.69,32594.23
34181.7,32686.14
34243.61,32735.6
34295.04,32739.47
34204.89,32636.85
34117.1,32601.9
34169.04,32685.02
34229.08,32730.26
34283.29,32734.93
34191.04,32626.75
34107.18,32594.34
34167.86,32685.98
34229.77,32730.6
34280.22,32728.72
34193.32,32622.24
34114.17,32593.16
34169.69,32680.55
34232.43,32727.6
34288.6,32733.93
34200.56,32626.79
34113.84,32590.0
34165.89,32675.95
34221.28,32719.06
34277.96,32729.32
34193.03,32627.51
34103.44,32586.81
34154.54,32669.24
34211.15,32713.63
34268.17,32718.84
34181.47,32611.26
34093.76,32573.55
34155.01,32666.8
34220.43,32719.55
34278.7,32725.57
34202.08,32628.47
34111.76,32586.85
34166.29,32676.19
34227.14,32728.85
34284.31,32737.17
34200.4,32632.79
34109.75,32591.23
34168.17,32686.01
34231.07,32754.87
34288.49,32784.96
34211.15,32690.45
34116.67,32643.11
34168.39,32723.65
34231.79,32771.7
34285.92,32772.91
34209.84,32672.79
34109.61,32621.83
34162.29,32704.09
34222.42,32751.27
34278.07,32757.62
34204.8,32658.6
34113.48,32614.95
34163.95,32697.16
34225.95,32746.06
34284.07,32751.88
34209.59,32653.64
34116.56,32607.82
34168.73,32693.52
34230.87,32746.04
34288.34,32752.41
34218.98,32655.79
34122.66,32607.86
34175.88,32693.98
34239.12,32747.41
34299.55,32754.92
34226.55,32660.57
34127.6,32611.35
34176.11,32694.03
34239.05,32750.65
34298.5,32760.04
34224.27,32661.29
34122.02,32606.68
34167.99,32686.61
34228.75,32739.76
34287.06,32748.79
34217.39,32656.03
34119.2,32603.62
34167.39,32686.09
34232.1,32737.95
34289.09,32746.56
34224.86,32658.65
34125.93,32605.29
34180.35,32690.88
34243.9,32744.41
34298.55,32747.34
34227.58,32651.36
34123.91,32594.34
34168.64,32675.88
34227.71,32729.79
34284.36,32738.06
34218.64,32645.15
34118.89,32593.83
34165.49,32679.19
34229.97,32737.17
34289.68,32748.95
34224.16,32657.33
34123.47,32602.46
34168.8,32684.4
34227.43,32740.07
34281.79,32746.89
34221.14,32659.74
34115.54,32599.73
34153.91,32674.45
34219.11,32732.32
34279.48,32745.28
34218.82,32660.28
34113.99,32603.28
34157.27,32682.79
34221.82,32740.81
34283.69,32751.25
34222.82,32662.94
34120.52,32605.85
34163.05,32686.18
34227.36,32746.67
34289.79,32759.68
34230.11,32670.22
34125.82,32609.92
34171.43,32692.42
34228.48,32744.86
34286.66,32754.31
34229.59,32669.29
34118.77,32604.94
34157.18,32681.24
34223.49,32742.02
34286.03,32755.27
34228.66,32668.53
34123.63,32606.41
34167.12,32685.87
34225.88,32739.67
34285.56,32747.76
34233.02,32662.67
34120.0,32594.92
34155.61,32669.4
34221.55,32732.34
34279.46,32740.52
34227.54,32656.84
34122.57,32593.96
34161.31,32671.07
34231.23,32738.64
34291.89,32750.63
34239.61,32667.25
34128.0,32598.52
34162.61,32671.07
34223.36,32731.96
34284.56,32745.55
34232.46,32662.13
34115.94,32588.98
34149.98,32666.13
34214.21,32729.97
34267.32,32732.29
34216.52,32651.11
34110.41,32587.52
34149.62,32662.67
34212.38,32723.91
34270.79,32735.36
34226.87,32657.98
34114.97,32589.92
34152.21,32669.26
34216.56,32734.04
34274.61,32742.13
34230.87,32666.13
34116.79,32594.12
34152.97,32667.5
34219.09,32732.88
34280.82,32747.12
34233.66,32669.62
34121.37,32596.8
34157.04,32666.69
34214.91,32726.15
34272.46,32738.89
34225.48,32656.77
34110.79,32581.33
34143.03,32653.51
34208.58,32719.58
34268.66,32736.01
34227.8,32660.7
34113.48,32588.22
34144.61,32658.09
34211.69,32724.14
34268.33,32734.04
34230.69,32663.38
34119.67,32591.03
34147.47,32661.73
34212.38,32726.73
34275.06,32738.55
34233.02,32665.67
34113.32,32585.85
34147.12,32658.04
34210.24,32724.54
34271.57,32738.89
34236.37,32669.78
34122.42,32594.32
34155.01,32664.79
34218.48,32729.75
34272.31,32737.01
34234.85,32665.24
34119.73,32586.7
34151.81,32657.93
34217.26,32726.46
34273.05,32735.22
34239.99,32666.58
34125.55,32587.08
34153.91,32658.33
34220.34,32727.15
34281.23,32740.16
34243.54,32668.84
34125.21,32587.72
34152.1,32653.04
34213.28,32714.75
34270.74,32725.14
34237.8,32658.24
34117.16,32578.27
34141.15,32645.37
34205.23,32715.58
34264.06,32728.0
34228.01,32656.3
34111.24,32572.57
34138.82,32640.7
34211.63,32717.37
34270.12,32732.01
34236.12,32662.65
34120.12,32584.95
34145.84,32653.64
34216.52,32727.42
34274.34,32739.25
34245.33,32672.39
34130.4,32594.34
34155.14,32660.57
34222.84,32733.53
34285.54,32752.7
34253.85,32683.03
34135.16,32596.73
34162.2,32668.68
34231.02,32743.67
34288.94,32752.3
34262.27,32687.55
34138.91,32598.12
34164.95,32665.82
34231.09,32736.36
34291.17,32753.2
34267.86,32694.41
34147.25,32608.09
34167.84,32670.34
34230.8,32738.38
34292.8,32751.43
34272.24,32694.25
34151.83,32606.97
34171.57,32667.28
34242.71,32744.81
34297.92,32754.02
34274.25,32691.17
34151.59,32599.3
34165.47,32658.24
34235.74,32739.67
34290.66,32750.2
34263.52,32687.73
34142.27,32602.05
34161.24,32665.2
34228.54,32743.38
34289.32,32760.3
34266.5,32698.99
34137.95,32602.9
34156.08,32664.3
34224.9,32741.01
34282.01,32756.44
34262.05,32695.04
34135.38,32595.68
34152.64,32656.88
34221.68,32733.21
34277.89,32744.16
34256.93,32684.98
34130.17,32590.16
34146.71,32652.61
34217.48,32729.26
34277.65,32741.68
34263.84,32688.62
34135.76,32594.5
34152.55,32656.41
34225.62,32739.52
34279.33,32749.91
34261.27,32691.15
34134.31,32593.6
34147.83,32651.11
34218.04,32729.95
34276.93,32741.62
34261.0,32683.9
34135.83,32591.1
34145.64,32647.61
34216.18,32729.19
34272.89,32743.31
34259.23,32687.99
34133.04,32590.25
34146.07,32647.83
34219.36,32730.04
34272.33,32738.4
34263.17,32689.25
34137.62,32594.16
34148.05,32648.61
34218.24,32726.75
34275.41,32740.79
34267.26,32692.15
34139.85,32593.94
34148.86,32646.53
34221.48,32728.41
34272.91,32739.07
34259.5,32686.07
34131.09,32585.4
34138.85,32636.74
34208.09,32715.93
34261.47,32728.67
34257.51,32684.33
34131.22,32588.42
34139.61,32638.26
34207.51,32716.05
34269.67,32736.14
34266.36,32688.22
34139.02,32590.59
34143.12,32641.21
34217.7,32724.14
34278.07,32743.99
34274.32,32700.06
34140.86,32596.2
34143.72,32644.59
34217.93,32726.71
34270.27,32738.15
34263.73,32692.06
34138.64,32591.19
34142.76,32640.5
34214.8,32724.23
34270.68,32742.04
34268.78,32700.02
34134.13,32590.45
34134.42,32635.47
34206.75,32719.24
34264.22,32735.27
34263.23,32692.4
34133.19,32585.56
34133.59,32629.5
34206.24,32713.59
34265.69,32730.75
34265.4,32687.57
34142.09,32586.09
34146.18,32640.12
34220.99,32734.91
34279.39,32755.68
34276.36,32712.02
34148.95,32605.7
34146.4,32646.35
34214.21,32725.37
34269.65,32735.98
34272.91,32695.88
34141.75,32590.5
34141.64,32637.99
34212.72,32721.63
34263.93,32732.18
34268.11,32695.5
34140.97,32591.7
34138.6,32637.75
34209.77,32719.06
34267.48,32732.74
34268.87,32691.73
34144.37,32592.69
34143.25,32639.89
34212.32,32722.64
34268.06,32736.9
34278.1,32700.2
34155.79,32596.98
34144.5,32632.74
34218.62,32720.61
34275.48,32737.37
34282.14,32700.4
34152.91,32595.14
34143.32,32632.92
34216.43,32719.47
34278.48,32738.64
34285.61,32701.45
34157.89,32595.1
34147.65,32633.34
34216.74,32720.74
34275.15,32739.29
34278.46,32695.88
34144.52,32578.36
34134.76,32617.59
34207.58,32705.92
34266.27,32723.2
34272.64,32685.8
34144.25,32575.23
34136.39,32617.43
34210.48,32709.97
34269.71,32731.33
34281.18,32697.18
34154.22,32589.15
34142.24,32626.26
34214.21,32712.02
34275.13,32735.04
34283.91,32701.05
34153.44,32590.09
34140.79,32626.24
34210.89,32711.75
34265.09,32731.58
34271.3,32696.09
34143.38,32582.88
34128.68,32617.83
34199.66,32706.12
34256.37,32725.32
34271.37,32697.18
34144.32,32586.45
34129.21,32622.53
34203.18,32712.4
34265.4,32737.82
34276.4,32706.37
34142.02,32588.71
34125.14,32618.32
34196.94,32707.22
34253.33,32726.93
34273.23,32700.56
34142.42,32587.32
34126.33,32621.52
34203.44,32715.08
34260.53,32733.88
34280.96,32708.85
34149.69,32593.76
34128.83,32621.72
34201.7,32711.29
34256.35,32733.08
34276.82,32708.42
34143.92,32590.92
34123.74,32620.89
34195.06,32709.61
34253.27,32730.62
34274.39,32707.15
34149.53,32597.87
34127.78,32625.25
34197.3,32713.9
34254.74,32736.43
34275.75,32711.31
34147.72,32600.42
34120.92,32625.66
34197.07,32716.34
34253.51,32736.56
34271.55,32707.11
34143.81,32594.14
34121.77,32621.21
34198.86,32715.13
34254.43,32735.09
34276.18,32711.4
34151.07,32598.39
34128.9,32625.21
34206.15,32723.29
34256.93,32738.0
34280.38,32715.55
34152.68,32600.6
34121.81,32621.16
34192.82,32710.5
34252.59,32733.77
34277.79,32711.69
34153.69,32599.01
34130.82,32627.09
34199.13,32713.47
34254.36,32733.53
34279.24,32710.7
34150.76,32593.67
34125.23,32618.21
34203.06,32715.8
34256.71,32738.0
34281.0,32717.9
34152.32,32599.75
34123.69,32618.37
34196.18,32710.84
34253.29,32734.98
34283.48,32720.99
34153.87,32599.55
34120.79,32618.39
34195.44,32712.18
34251.79,32735.09
34280.55,32718.88
34154.4,32604.8
34119.18,32620.07
34191.21,32709.16
34248.08,32731.4
34277.58,32712.16
34157.13,32599.86
34124.3,32619.67
34196.11,32710.86
34256.57,32737.75
34284.87,32722.08
34155.75,32603.24
34121.25,32617.68
34193.63,32710.57
34248.64,32732.99
34277.29,32711.69
34153.33,32594.72
34114.44,32612.78
34186.63,32707.28
34246.94,32735.16
34277.45,32716.0
34154.2,32596.06
34115.98,32612.11
34191.37,32709.16
34249.38,32734.33
34280.55,32715.17
34151.77,32593.25
34111.38,32607.19
34185.63,32702.75
34248.28,32732.77
34281.27,32716.11
34154.11,32596.64
34112.65,32606.97
34186.39,32701.47
34243.7,32728.83
34281.09,32721.57
34158.18,32603.28
34112.29,32609.83
34188.89,32710.3
34243.79,32736.61
34281.83,32726.37
34155.07,32599.86
34113.93,32609.56
34184.13,32701.96
34242.85,32729.72
34283.53,32721.01
34159.57,32601.43
34114.66,32606.66
34184.62,32697.31
34243.83,32724.85
34280.58,32714.91
34156.68,32599.28
34114.71,32611.66
34184.51,32702.68
34242.11,32729.35
34284.36,32720.81
34168.15,32606.5
34119.11,32608.8
34190.81,32704.0
34248.53,32734.06
34283.91,32721.25
34163.1,32601.22
34114.73,32603.88
34185.05,32697.7
34238.25,32725.05
34269.83,32707.51
34150.16,32587.37
34101.81,32589.56
34178.68,32688.58
34237.02,32722.01
34279.17,32715.31
34162.94,32601.58
34113.03,32604.85
34181.98,32696.98
34242.0,32730.08
34279.82,32720.09
34163.37,32602.1
34111.62,32601.38
34177.0,32691.12
34234.69,32720.9
34273.96,32710.01
34158.09,32593.94
34104.22,32593.96
34170.96,32685.98
34230.06,32720.45
34276.58,32718.88
34161.46,32604.0
34106.17,32601.52
34178.34,32697.31
34237.37,32728.41
34278.03,32721.16
34161.29,32601.16
34109.18,32600.51
34177.92,32692.62
34241.55,32728.94
34285.88,32723.38
34169.38,32607.82
34117.3,32607.82
34183.37,32692.8
34241.84,32724.45
34285.47,32717.95
34170.03,32600.0
34112.65,32594.81
34180.0,32690.41
34231.0,32718.17
34273.54,32710.82
34157.84,32593.67
34096.94,32584.08
34171.05,32683.23
34228.72,32714.53
34273.34,32713.92
34159.72,32597.29
34096.64,32586.58
34164.06,32681.87
34223.18,32721.01
34269.49,32719.24
34161.87,32606.5
34103.73,32598.43
34167.46,32688.8
34224.79,32722.08
34272.22,32718.93
34162.0,32599.84
34104.2,32595.75
34161.29,32682.16
34216.23,32714.32
34270.45,32715.2
34154.83,32590.9
34088.29,32576.5
34160.59,32675.48
34224.45,32714.08
34274.1,32714.64
34161.58,32594.01
34098.43,32583.86
34162.7,32679.77
34221.7,32717.99
34274.5,32720.96
34171.57,32609.96
34099.69,32592.62
34167.95,32686.25
34233.04,32728.16
34280.49,32726.75
34169.87,32609.18
34101.03,32595.35
34165.87,32686.43
34224.81,32722.68
34277.63,32723.09
34172.98,32611.37
34105.21,32598.45
34167.61,32689.22
34226.11,32726.15
34278.99,32729.52
34174.72,32615.62
34104.13,32599.64
34168.29,32691.77
34227.07,32730.93
34273.8,32727.94
34170.86,32616.02
34098.68,32598.12
34160.26,32687.5
34218.24,32723.38
34270.12,32723.22
34171.52,32615.57
34098.99,32598.77
34162.41,32689.78
34222.57,32726.39
34279.57,32734.11
34178.74,32625.95
34103.04,32605.16
34170.03,32697.34
34230.51,32735.4
34279.04,32733.21
34175.19,32617.94
34100.45,32595.03
34165.13,32689.85
34219.45,32727.49
34270.45,32728.79
34169.71,32616.42
34089.52,32592.08
34150.78,32683.84
34212.76,32723.67
34263.9,32722.35
34165.4,32613.29
34085.85,32585.58
34147.5,32672.24
34208.81,32714.3
34263.01,32716.89
34167.41,32607.71
34090.19,32582.67
34157.96,32680.55
34221.77,32723.29
34279.48,32728.23
34180.29,32616.25
34099.08,32587.3
34160.59,32677.78
34216.79,32718.33
34266.99,32715.78
34171.32,32606.37
34089.65,32577.73
34151.99,32668.37
34216.47,32715.69
34271.04,32721.05
34177.4,32613.61
34089.2,32580.15
34149.08,32671.63
34210.73,32715.04
34266.48,32718.84
34171.59,32609.47
34087.26,32577.2
34145.95,32667.43
34202.26,32707.11
34257.13,32711.44
34162.32,32599.55
34076.64,32565.22
34145.13,32663.03
34208.58,32709.23
34267.57,32715.0
34179.97,32613.79
34093.41,32581.44
34155.39,32672.04
34219.58,32717.48
34271.95,32717.57
34181.2,32612.38
34092.87,32579.25
34156.84,32674.58
34216.27,32718.55
34267.97,32721.01
34182.77,32617.88
34098.48,32583.59
34158.38,32674.94
34221.26,32723.49
34278.7,32729.61
34191.62,32626.82
34101.79,32590.79
34161.73,32682.29
34220.0,32724.76
34277.58,32732.21
34190.16,32627.62
34096.11,32586.65
34150.69,32672.82
34214.21,32723.13
34271.77,32731.2
34186.61,32651.81
34094.9,32655.34
34148.52,32758.98
34213.39,32816.7
34269.43,32816.94
34185.74,32704.83
34093.14,32660.14
34152.77,32746.06
34213.57,32790.39
34268.8,32793.67
34186.07,32687.82
34094.01,32646.02
34148.95,32732.92
34210.51,32777.2
34269.54,32784.33
34186.84,32681.27
34086.68,32630.28
34140.86,32711.73
34207.87,32759.14
34264.91,32760.08
34182.63,32658.02
34084.93,32609.14
34136.16,32688.35
34201.39,32736.5
34259.14,32738.29
34183.68,32643.74
34090.07,32599.71
34146.02,32684.04
34208.76,32732.72
34265.49,32738.62
34189.03,32639.89
34087.21,32587.77
34140.12,32668.93
34205.01,32721.48
34261.4,32727.71
34188.76,32632.65
34088.04,32583.95
34137.95,32667.61
34199.09,32719.2
34259.05,32727.85
34181.83,32628.96
34079.21,32578.22
34130.13,32664.46
34198.48,32724.83
34258.79,32735.51
34185.58,32639.63
34087.28,32590.18
34136.95,32674.81
34196.6,32725.03
34256.35,32733.59
34180.73,32631.49
34079.68,32579.48
34126.06,32657.73
34189.59,32705.92
34245.15,32713.97
34171.48,32621.01
34071.34,32568.97
34123.42,32651.96
34192.49,32710.14
34250.05,32717.54
34177.05,32623.0
34075.39,32570.0
34125.99,32654.62
34192.94,32712.85
34247.9,32718.77
34180.11,32629.28
34076.42,32575.3
34124.52,32658.11
34191.26,32718.82
34250.56,32729.99
34183.04,32638.71
34079.43,32583.3
34127.34,32666.85
34191.17,32725.59
34248.57,32732.41
34182.81,32637.01
34073.96,32578.36
34117.07,32655.58
34182.43,32711.42
34245.13,32720.76
34180.31,32629.39
34073.38,32569.08
34118.17,32647.31
34184.55,32707.37
34245.42,32720.09
34182.54,32633.75
34072.11,32572.71
34116.54,32652.39
34179.23,32707.42
34240.7,32718.86
34181.63,32634.46
34071.95,32568.9
34116.27,32649.06
34179.95,32706.61
34241.46,32715.87
34179.37,32627.35
34068.44,32564.05
34111.36,32643.94
34178.05,32704.36
34235.81,32709.56
34179.88,32623.67
34066.92,32556.97
34105.63,32632.9
34175.21,32698.9
34237.3,32709.9
34185.02,32626.28
34075.21,32562.98
34115.6,32639.04
34180.06,32698.23
34239.56,32707.6
34187.53,32628.25
34076.51,32562.76
34116.05,32641.79
34180.62,32700.58
34241.04,32709.86
34184.29,32625.48
34066.61,32552.83
34107.98,32630.51
34177.0,32696.42
34241.93,32710.86
34186.9,32628.43
34071.46,32560.72
34117.34,32641.91
34184.96,32705.5
34247.03,32719.11
34202.1,32643.13
34090.21,32577.35
34129.57,32653.24
34200.18,32719.31
34262.59,32730.98
34208.34,32644.14
34089.79,32570.4
34131.16,32651.92
34200.31,32720.67
34260.62,32730.84
34209.72,32650.15
34096.2,32580.95
34131.67,32654.76
34199.0,32722.75
34256.62,32734.13
34208.58,32654.06
34092.46,32581.27
34131.94,32661.15
34207.42,32735.87
34261.67,32732.83
34188.96,32624.65
34066.54,32545.55
34101.34,32618.59
34156.82,32671.07
34213.32,32678.09
34167.28,32594.9
34039.2,32507.17
34078.65,32585.11
34148.37,32654.91
34207.96,32663.21
34164.71,32589.83
34050.09,32514.77
34090.52,32592.24
34161.8,32662.18
34225.48,32675.39
34184.24,32604.24
34066.4,32529.79
34099.04,32602.86
34169.51,32676.15
34230.71,32689.8
34190.88,32616.36
34071.95,32540.67
34107.91,32614.46
34178.77,32686.97
34236.81,32696.64
34199.73,32625.79
34076.86,32545.23
34112.18,32622.1
34182.9,32696.82
34244.04,32710.68
34206.04,32639.87
34086.79,32562.2
34118.06,32630.19
34180.96,32690.7
34239.03,32702.77
34203.44,32634.82
34080.46,32553.08
34105.81,32619.89
34175.28,32690.45
34231.96,32698.5
34190.3,32622.97
34067.05,32538.8
34097.92,32612.78
34166.54,32677.82
34215.29,32669.51
34185.16,32603.75
34064.35,32525.72
34084.38,32587.19
34159.1,32665.29
34220.43,32677.78
34188.09,32610.05
34064.21,32525.21
34093.2,32593.27
34163.63,32668.46
34224.72,32681.47
34196.02,32619.15
34074.18,32538.17
34097.56,32603.79
34165.55,32678.99
34228.01,32694.43
34199.87,32629.79
34074.59,32539.02
34098.95,32604.11
34164.84,32674.31
34225.13,32688.04
34195.13,32623.49
34069.71,32534.28
34097.41,32602.48
34170.16,32677.51
34232.79,32690.72
34206.84,32628.16
34075.5,32533.75
34097.79,32596.2
34171.5,32674.23
34232.81,32690.34
34209.48,32630.1
34085.85,32543.27
34106.97,32603.66
34178.9,32679.1
34235.92,32693.25
34206.06,32626.86
34077.34,32535.06
34095.21,32596.51
34166.76,32674.14
34227.96,32689.65
34201.77,32626.84
34071.28,32533.63
34091.82,32596.42
34161.0,32672.86
34221.21,32686.81
34196.92,32625.79
34068.98,32532.83
34086.61,32591.5
34167.46,32673.42
34233.55,32697.52
34191.86,32624.58
34053.39,32525.05
34081.94,32596.15
34147.05,32673.29
34211.11,32688.71
34194.48,32632.25
34065.78,32536.7
34084.46,32596.15
34152.88,32667.05
34210.53,32678.23
34197.79,32627.87
34063.05,32528.43
34081.02,32588.8
34160.8,32673.42
34219.04,32685.02
34204.23,32632.96
34068.08,32530.46
34082.57,32589.58
34153.87,32667.65
34216.94,32685.13
34203.71,32632.52
34074.5,32540.14
34086.5,32598.36
34157.35,32681.42
34214.44,32697.2
34206.13,32647.25
34078.77,32552.99
34089.94,32610.5
34163.01,32691.44
34224.97,32706.37
34215.2,32654.4
34088.84,32558.69
34096.87,32613.63
34165.73,32691.64
34227.76,32707.66
34218.93,32659.12
34085.89,32559.18
34088.53,32607.04
34161.36,32687.82
34221.79,32705.36
34209.19,32653.57
34080.39,32555.27
34090.5,32609.72
34168.17,32695.17
34230.82,32711.73
34225.06,32663.97
34091.28,32562.22
34099.02,32616.96
34174.95,32703.3
34225.41,32713.77
34216.14,32662.09
34088.04,32563.85
34090.07,32610.32
34162.2,32690.28
34221.1,32705.29
34217.34,32658.22
34083.46,32551.8
34082.23,32597.65
34155.39,32682.99
34214.75,32697.43
34212.76,32653.64
34078.77,32549.99
34084.75,32600.49
34164.46,32686.94
34221.57,32704.36
34212.54,32653.69
34079.32,32547.02
34080.13,32592.22
34149.98,32672.57
34207.42,32687.84
34206.01,32642.93
34074.41,32540.56
34073.09,32588.11
34154.14,32681.36
34209.54,32692.64
34211.94,32650.27
34077.74,32541.63
34077.02,32585.22
34153.49,32672.17
34213.55,32691.75
34217.95,32656.84
34082.52,32544.92
34079.61,32586.5
34154.36,32674.07
34214.06,32691.17
34216.34,32651.2
34086.03,32547.4
34083.55,32591.32
34159.7,32680.37
34216.3,32694.32
34217.82,32653.46
34085.54,32544.61
34078.03,32586.43
34148.95,32672.42
34209.57,32691.73
34214.51,32653.15
34081.47,32545.44
34076.75,32588.73
34155.83,32678.54
34214.33,32698.88
34217.01,32660.46
34079.41,32549.64
34074.18,32589.45
34151.45,32678.99
34207.91,32693.13
34217.88,32656.63
34079.59,32541.05
34073.87,32585.0
34150.98,32675.68
34204.52,32688.98
34211.22,32651.52
34083.32,32547.45
34075.17,32588.08
34147.63,32671.88
34208.63,32690.74
34221.59,32654.91
34091.06,32547.0
34083.13,32585.91
34155.66,32672.64
34211.24,32687.59
34224.23,32656.63
34089.83,32546.24
34074.25,32582.27
34143.76,32669.4
34197.14,32683.37
34209.93,32651.34
34080.35,32545.64
34067.95,32582.47
34145.89,32671.54
34200.7,32687.26
34215.25,32656.46
