41603.82,40349.28
41684.88,40433.12
41703.3,40487.7
41636.79,40435.71
41570.82,40342.46
41594.45,40331.73
41677.42,40421.54
41713.38,40488.04
41640.36,40433.7
41575.72,40343.29
41597.6,40333.34
41684.13,40423.51
41705.09,40478.29
41633.45,40425.12
41578.42,40344.74
41610.57,40346.11
41692.28,40436.45
41708.24,40484.57
41638.62,40432.89
41579.18,40349.26
41609.31,40347.67
41688.04,40427.66
41696.78,40472.77
41638.28,40425.05
41575.61,40334.73
41608.2,40331.38
41683.41,40411.82
41702.97,40462.91
41634.5,40412.15
41574.38,40329.0
41599.19,40316.6
41685.51,40407.19
41713.79,40469.46
41644.52,40414.21
41583.32,40325.5
41595.88,40311.37
41675.92,40398.0
41709.92,40464.57
41630.77,40404.75
41562.87,40312.11
41593.73,40310.48
41683.88,40402.32
41702.72,40451.92
41626.43,40392.28
41551.69,40296.62
41574.36,40289.58
41666.8,40383.63
41700.98,40451.14
41638.73,40403.05
41575.27,40315.06
41601.78,40308.31
41677.15,40386.61
41707.1,40446.8
41652.72,40406.14
41582.16,40312.4
41599.07,40297.91
41676.57,40378.69
41712.04,40453.01
41641.19,40404.75
41565.64,40303.61
41587.34,40291.16
41681.29,40388.66
41723.73,40453.64
41641.77,40391.21
41560.63,40295.9
41591.1,40290.2
41679.7,40381.69
41712.87,40452.43
41645.52,40402.74
41572.9,40306.59
41595.1,40294.14
41678.13,40379.18
41707.91,40442.64
41653.21,40413.16
41599.52,40340.16
41603.95,40302.07
41656.32,40345.03
41679.95,40400.57
41613.0,40356.72
41538.88,40261.55
41552.47,40240.22
41645.88,40330.23
41679.83,40393.31
41620.98,40356.48
41551.2,40272.66
41560.5,40249.57
41638.35,40325.96
41683.9,40400.75
41613.23,40355.58
41550.17,40275.79
41574.04,40264.16
41652.27,40348.18
41684.95,40410.63
41634.39,40377.08
41562.48,40290.88
41564.83,40259.2
41659.58,40344.03
41694.12,40416.51
41623.28,40378.07
41543.4,40277.44
41553.37,40249.7
41636.29,40328.89
41670.94,40398.05
41617.67,40374.51
41546.04,40281.89
41550.08,40247.33
41631.93,40326.43
41660.36,40393.38
41607.26,40363.76
41529.14,40259.16
41537.16,40230.57
41630.1,40320.98
41652.32,40376.5
41603.1,40348.83
41537.09,40263.71
41553.28,40242.21
41641.19,40328.43
41686.89,40401.25
41615.06,40354.24
41543.38,40261.1
41562.69,40243.15
41636.67,40318.79
41673.33,40391.14
41618.5,40360.19
41546.41,40271.9
41561.59,40251.33
41632.34,40323.15
41669.48,40393.98
41607.23,40349.64
41528.96,40250.51
41542.08,40230.25
41624.63,40307.64
41664.95,40380.68
41612.53,40354.33
41514.54,40238.35
41524.31,40211.88
41608.6,40287.41
41646.02,40353.19
41585.84,40314.63
41519.08,40231.11
41527.04,40206.34
41606.07,40283.23
41648.25,40362.71
41598.83,40336.74
41529.74,40242.88
41536.04,40214.43
41616.22,40293.98
41644.34,40355.63
41588.66,40320.85
41530.79,40244.98
41545.95,40221.65
41619.86,40287.43
41663.76,40363.92
41607.23,40336.14
41539.02,40247.42
41540.45,40212.55
41607.79,40279.38
41647.18,40349.05
41603.39,40329.16
41536.04,40246.15
41558.11,40226.39
41647.76,40308.57
41679.39,40375.34
41622.32,40342.13
41537.41,40242.73
41532.67,40200.84
41624.07,40288.13
41674.56,40371.29
41613.94,40334.01
41544.71,40243.98
41569.06,40230.32
41648.85,40309.05
41673.8,40370.73
41626.32,40349.32
41557.19,40261.37
41552.05,40221.74
41626.46,40293.11
41669.75,40370.49
41622.61,40344.34
41547.82,40254.84
41537.88,40217.29
41628.47,40295.84
41662.6,40367.63
41604.38,40338.75
41532.91,40249.1
41544.2,40224.53
41617.54,40292.62
41662.44,40365.59
41616.13,40342.42
41543.82,40256.99
41545.68,40225.94
41626.93,40296.68
41673.33,40371.23
41632.56,40359.09
41562.75,40278.71
41553.68,40244.96
41630.64,40314.3
41691.03,40405.34
41633.65,40378.83
41556.0,40290.54
41548.98,40256.63
41637.52,40339.33
41687.1,40421.23
41641.12,40399.66
41562.98,40304.3
41561.14,40277.15
41645.72,40351.96
41693.82,40431.42
41638.59,40407.13
41580.75,40335.02
41591.05,40305.43
41660.45,40371.56
41707.64,40451.47
41660.12,40426.68
41577.62,40331.42
41587.45,40304.17
41669.04,40373.69
41727.51,40461.37
41671.0,40429.14
41597.13,40349.23
41585.29,40304.95
41653.17,40360.27
41698.83,40435.27
41656.36,40424.56
41588.35,40343.31
41581.39,40298.16
41667.2,40370.58
41704.31,40441.75
41654.02,40420.58
41584.39,40335.82
41569.28,40288.1
41644.32,40357.62
41708.62,40442.06
41659.05,40424.0
41556.96,40323.37
41550.66,40282.27
41645.3,40360.68
41693.13,40437.28
41648.72,40420.0
41567.79,40330.14
41573.75,40300.39
41665.75,40385.73
41721.56,40463.88
41668.7,40426.66
41569.19,40317.47
41565.62,40283.52
41632.2,40342.62
41682.76,40424.11
41652.88,40416.67
41585.93,40337.14
41578.11,40298.27
41655.09,40367.76
41710.99,40446.11
41656.97,40419.6
41579.0,40334.41
41572.01,40292.24
41654.38,40362.31
41711.8,40451.76
41655.61,40430.46
41577.95,40348.72
41563.18,40300.64
41636.36,40364.28
41690.23,40443.47
41656.9,40442.48
41582.58,40353.44
41574.6,40305.43
41659.94,40380.73
41712.55,40465.84
41665.44,40447.78
41583.32,40353.39
41575.0,40304.2
41659.65,40373.75
41713.74,40461.26
41660.01,40438.24
41573.57,40342.19
41556.43,40290.0
41650.15,40370.73
41707.21,40455.89
41671.09,40443.82
41574.89,40337.05
41558.53,40288.1
41649.1,40363.38
41712.55,40449.61
41670.33,40438.75
41582.83,40345.32
41570.06,40299.34
41659.87,40374.98
41728.56,40465.48
41690.36,40462.42
41593.22,40367.25
41576.84,40314.41
41641.32,40364.14
41715.57,40461.93
41681.38,40460.43
41600.11,40376.88
41579.45,40323.13
41645.97,40377.73
41713.34,40469.73
41654.57,40442.26
41571.23,40351.22
41565.91,40307.84
41651.89,40377.4
41707.44,40456.57
41661.48,40443.71
41575.11,40354.64
41580.93,40327.57
41653.05,40386.56
41696.84,40457.46
41647.42,40436.7
41566.24,40346.91
41545.84,40292.26
41633.79,40364.48
41694.65,40451.52
41656.68,40443.34
41574.42,40354.0
41560.03,40305.2
41634.46,40366.33
41697.47,40462.67
41664.41,40466.16
41585.87,40380.68
41556.83,40312.13
41650.89,40385.62
41713.11,40470.85
41671.83,40460.19
41579.96,40361.73
41549.03,40300.33
41639.0,40373.93
41697.4,40458.36
41655.49,40452.75
41570.53,40366.04
41558.57,40317.98
41625.59,40371.34
41700.11,40469.71
41674.96,40477.36
41589.22,40389.63
41569.48,40332.56
41635.11,40375.43
41711.66,40477.64
41678.38,40476.82
41593.33,40382.43
41565.62,40319.35
41629.99,40367.99
41698.99,40465.33
41682.05,40480.77
41597.2,40382.07
41567.09,40317.16
41635.66,40366.78
41701.11,40462.76
41668.41,40458.62
41580.61,40366.94
41556.09,40312.2
41624.63,40363.14
41679.16,40442.51
41648.85,40451.71
41580.08,40377.98
41576.86,40336.96
41638.19,40380.28
41688.53,40459.76
41668.37,40474.0
41587.36,40383.77
41565.46,40324.8
41633.23,40367.5
41702.21,40457.06
41684.82,40470.47
41601.11,40380.91
41578.71,40325.05
41646.13,40376.93
41706.21,40467.23
41674.89,40469.48
41591.86,40382.63
41572.81,40328.67
41637.68,40370.09
41719.95,40474.74
41702.88,40482.65
41605.98,40385.18
41578.16,40325.99
41656.72,40383.57
41735.22,40485.04
41694.85,40481.64
41607.73,40390.7
41575.88,40328.4
41648.99,40375.63
41718.01,40469.2
41686.58,40483.05
41605.29,40399.05
41584.84,40332.11
41647.42,40376.14
41714.48,40469.66
41696.35,40482.45
41603.57,40384.21
41577.46,40327.2
41644.05,40377.84
41714.93,40474.38
41704.15,40494.52
41616.11,40399.3
41585.55,40330.57
41647.76,40375.72
41718.1,40471.81
41707.88,40496.53
41625.05,40407.08
41589.51,40333.9
41644.09,40373.22
41706.07,40462.22
41681.78,40469.24
41598.74,40387.12
41567.27,40320.98
41636.18,40367.2
41707.64,40458.51
41699.86,40481.42
41594.29,40386.0
41563.83,40329.16
41633.05,40375.23
41700.57,40466.18
41681.15,40479.93
41597.78,40399.75
41578.38,40347.87
41633.52,40379.74
41704.13,40475.12
41702.3,40507.62
41616.91,40415.91
41580.82,40338.66
41631.6,40375.95
41708.36,40486.63
41695.32,40505.92
41614.61,40425.83
41573.77,40355.58
41629.92,40389.69
41691.66,40470.76
41692.24,40497.92
41611.82,40416.0
41566.22,40338.95
41637.68,40385.22
41707.04,40471.88
41681.58,40480.48
41602.38,40404.96
41578.22,40344.83
41643.06,40384.82
41725.32,40489.34
41712.73,40509.54
41625.94,40428.67
41585.98,40356.72
41631.15,40382.96
41698.77,40473.6
41687.7,40495.19
41630.66,40440.18
41587.77,40367.0
41632.47,40385.67
41710.25,40476.95
41709.05,40514.97
41624.24,40432.76
41590.49,40360.97
41653.77,40402.39
41724.47,40495.05
41708.31,40506.84
41634.62,40436.2
41594.18,40368.32
41665.5,40416.04
41724.31,40491.43
41692.46,40500.55
41616.06,40427.06
41584.01,40353.95
41632.8,40373.71
41706.75,40473.96
41704.22,40509.81
41626.86,40437.25
41582.34,40356.95
41632.4,40387.34
41712.45,40488.53
41706.61,40516.2
41611.68,40424.47
41568.97,40347.94
41638.95,40392.66
41719.02,40494.3
41690.9,40507.13
41616.42,40437.72
41573.26,40358.35
41635.66,40395.5
41717.72,40496.49
41706.88,40519.93
41603.43,40422.77
41561.1,40353.79
41631.26,40396.53
41724.52,40504.94
41714.21,40534.42
41622.72,40450.0
41571.89,40365.08
41637.32,40407.62
41714.99,40507.8
41708.38,40533.9
41626.21,40454.84
41578.22,40376.93
41630.46,40398.3
41700.38,40479.95
41697.51,40513.77
41623.46,40446.33
41581.64,40370.94
41630.93,40394.9
41716.71,40501.34
41719.39,40540.61
41627.8,40459.29
41580.23,40379.27
41645.3,40410.01
41725.14,40506.48
41711.57,40526.62
41630.75,40453.5
41580.37,40374.36
41637.07,40409.67
41697.49,40488.3
41715.26,40536.07
41634.19,40463.59
41584.75,40388.95
41636.02,40413.79
41718.48,40514.68
41725.77,40557.75
41637.23,40474.38
41591.41,40396.02
41630.48,40410.5
41713.81,40511.29
41716.38,40546.82
41629.52,40471.48
41592.48,40399.66
41645.23,40425.03
41724.8,40528.52
41716.09,40557.82
41624.94,40473.26
41580.99,40397.74
41625.41,40417.9
41703.53,40512.31
41709.43,40552.21
41638.86,40492.6
41608.93,40428.61
41656.65,40445.21
41730.37,40536.81
41732.23,40575.25
41651.2,40501.94
41601.02,40421.79
41651.8,40446.02
41730.84,40542.35
41728.34,40573.22
41651.94,40501.94
41605.89,40426.17
41654.73,40447.09
41720.16,40530.33
41723.31,40569.24
41648.7,40496.87
41609.13,40431.69
41647.69,40448.79
41717.5,40536.09
41716.87,40573.87
41640.25,40504.0
41580.9,40415.66
41632.83,40446.2
41717.7,40546.76
41712.55,40577.33
41631.48,40505.32
41575.54,40417.94
41629.09,40442.6
41715.64,40540.88
41713.34,40579.79
41640.88,40516.71
41611.75,40455.36
41665.17,40476.95
41730.32,40555.92
41711.91,40572.37
41629.18,40500.62
41587.5,40430.35
41631.15,40443.65
41717.96,40547.32
41741.03,40607.06
41660.21,40533.1
41597.85,40441.61
41638.88,40458.02
41718.23,40547.36
41726.44,40593.02
41639.22,40518.1
41583.0,40432.11
41626.41,40446.6
41707.66,40542.73
41725.97,40593.92
41643.51,40520.98
41594.27,40437.66
41641.68,40454.73
41713.52,40545.68
41726.68,40599.57
41637.72,40521.9
41575.32,40428.96
41635.02,40449.53
41728.22,40550.31
41723.66,40584.91
41646.44,40521.88
41599.52,40446.91
41637.41,40454.06
41731.36,40558.27
41729.79,40595.41
41641.39,40524.23
41601.0,40455.11
41634.82,40454.67
41712.73,40541.05
41730.46,40596.31
41659.54,40538.24
41604.6,40449.46
41650.57,40460.1
41722.3,40540.68
41735.09,40597.9
41652.72,40532.43
41596.13,40445.88
41630.75,40451.45
41716.09,40552.97
41721.52,40593.45
41641.14,40526.04
41596.24,40453.88
41631.35,40460.19
41706.05,40547.43
41725.03,40603.37
41645.95,40540.39
41574.91,40438.33
41615.62,40445.55
41698.0,40541.44
41724.96,40606.32
41654.46,40550.11
41590.36,40456.81
41629.88,40456.68
41714.37,40542.66
41738.28,40612.09
41663.02,40554.36
41589.73,40455.18
41627.35,40457.62
41722.46,40560.28
41733.34,40610.82
41673.62,40564.7
41606.34,40465.06
41644.27,40459.32
41730.66,40554.24
41747.71,40611.75
41671.92,40550.67
41617.36,40470.49
41652.43,40473.29
41724.04,40556.05
41736.34,40604.85
41662.04,40539.27
41612.51,40464.93
41632.63,40458.45
41722.3,40557.04
41744.36,40611.62
41680.84,40556.66
41621.96,40468.48
41645.86,40470.2
41727.26,40563.18
41756.25,40624.14
41679.23,40562.36
41604.48,40462.69
41639.09,40466.67
41724.85,40560.5
41736.88,40610.82
41672.34,40564.48
41624.73,40485.56
41664.61,40491.21
41738.21,40566.0
41742.42,40606.91
41668.77,40551.41
41598.56,40456.19
41630.46,40455.45
41712.64,40549.15
41733.97,40609.74
41656.45,40557.02
41593.89,40465.02
41621.09,40452.07
41707.93,40541.14
41740.07,40605.03
41663.05,40550.6
41602.7,40468.61
41619.93,40454.91
41705.79,40549.95
41742.89,40622.64
41678.29,40574.96
41614.27,40484.46
41626.84,40463.7
41705.74,40546.36
41733.16,40606.26
41668.25,40565.71
41600.82,40474.25
41628.8,40463.72
41709.56,40548.07
41720.18,40599.86
41653.79,40553.98
41598.99,40478.76
41622.72,40467.52
41705.4,40550.06
41721.3,40602.52
41662.62,40561.95
41600.53,40473.29
41628.02,40465.39
41700.35,40546.42
41722.68,40609.77
41655.43,40561.66
41586.54,40463.34
41625.79,40466.02
41705.27,40554.18
41728.56,40614.28
41663.16,40571.68
41597.02,40482.27
41623.62,40478.07
41716.98,40571.05
41745.88,40635.89
41690.5,40594.03
41613.11,40486.36
41630.82,40471.27
41708.71,40552.5
41731.84,40613.74
41676.66,40579.41
41617.47,40492.84
41642.21,40484.44
41727.35,40575.34
41751.14,40633.48
41684.39,40582.27
41600.37,40478.29
41614.54,40460.88
41703.19,40556.88
41737.95,40622.64
41678.29,40582.23
41615.15,40497.43
41635.26,40478.76
41717.09,40558.38
41752.32,40620.63
41679.16,40572.46
41590.31,40476.08
41613.76,40464.52
41711.37,40561.95
41734.97,40623.58
41668.03,40579.64
41592.46,40482.45
41609.98,40461.98
41704.42,40555.7
41726.84,40619.13
41668.81,40580.62
41607.66,40493.04
41616.36,40466.45
41689.6,40541.05
41718.66,40609.61
41647.8,40566.74
41572.99,40473.04
41605.49,40470.13
41684.71,40549.17
41717.92,40621.25
41658.13,40579.61
41595.43,40490.16
41612.82,40467.65
41691.88,40550.45
41732.74,40626.51
41657.61,40578.32
41589.06,40489.13
41623.06,40485.11
41709.02,40575.19
41727.98,40627.51
41656.57,40578.34
41581.38,40482.05
41617.05,40483.34
41702.43,40567.27
41723.8,40617.5
41657.68,40577.31
41586.89,40489.96
41591.66,40463.94
41677.38,40548.68
41718.01,40625.81
41658.91,40588.31
41588.95,40498.1
41594.09,40469.29
41683.07,40558.42
41720.76,40635.18
41657.23,40592.53
41576.9,40496.75
41592.64,40479.93
41675.36,40554.2
41715.93,40622.3
41665.28,40595.01
41585.89,40499.86
41598.2,40476.73
41687.48,40562.0
41720.04,40631.31
41671.12,40603.89
41596.48,40511.82
41609.98,40492.84
41687.41,40564.5
41718.88,40628.65
41660.48,40590.27
41591.3,40495.75
41604.66,40473.0
41682.94,40554.69
41717.09,40625.37
41669.8,40596.73
41594.67,40503.91
41605.71,40482.34
41692.55,40567.18
41712.62,40618.44
41662.46,40592.33
41592.3,40500.53
41605.51,40475.68
41691.23,40557.55
41718.41,40618.39
41663.0,40586.27
41583.77,40489.02
41591.1,40459.07
41698.23,40552.88
41738.91,40629.95
41670.58,40596.71
41591.77,40502.07
41588.39,40462.49
41676.48,40540.52
41727.2,40624.16
41673.64,40601.52
41600.98,40509.77
41602.83,40471.81
41684.97,40549.84
41719.66,40616.79
41664.72,40589.67
41591.25,40498.99
41590.29,40465.29
41672.66,40542.71
41724.52,40628.23
41667.85,40598.79
41574.29,40491.35
41583.43,40462.38
41671.79,40540.79
41713.45,40609.86
41674.45,40599.24
41588.62,40497.76
41606.0,40476.39
41687.66,40555.52
41717.52,40615.42
41656.5,40582.41
41576.72,40483.1
41593.93,40460.57
41670.31,40536.83
41707.41,40608.96
41647.13,40578.23
41572.39,40487.37
41584.05,40463.83
41677.26,40553.91
41722.64,40630.78
41665.75,40598.9
41581.57,40495.84
41585.22,40460.55
41671.99,40540.68
41708.13,40604.87
41664.86,40587.39
41572.37,40489.2
41569.39,40457.64
41667.63,40543.87
41704.2,40614.04
41650.64,40594.61
41585.26,40517.65
41577.17,40468.93
41645.34,40526.46
41704.69,40613.07
41649.59,40586.81
41568.34,40491.39
41584.55,40471.7
41663.76,40531.85
41704.51,40608.49
41644.81,40576.26
41575.83,40491.21
41582.49,40459.23
41655.71,40521.32
41708.02,40600.02
41667.2,40586.96
41581.44,40488.57
41573.55,40442.48
41659.2,40521.34
41711.13,40601.74
41651.89,40570.36
41579.59,40488.82
41573.15,40446.87
41650.82,40522.35
41705.4,40605.5
41636.54,40564.97
41546.84,40463.79
41555.58,40435.94
41636.27,40509.72
41688.26,40591.53
41643.4,40570.67
41565.88,40479.54
41567.74,40446.4
41656.36,40524.36
41689.69,40587.19
41654.11,40581.54
41580.82,40497.31
41583.03,40461.55
41657.23,40522.86
41702.18,40598.57
41645.93,40577.49
41569.37,40487.43
41572.77,40450.33
41655.25,40523.06
41704.64,40603.62
41653.66,40582.95
41582.09,40496.2
41572.07,40447.02
41656.12,40517.54
41710.72,40602.59
41662.6,40580.89
41575.81,40481.22
41580.52,40450.38
41637.59,40503.28
41685.84,40581.09
41646.62,40570.52
41580.93,40493.58
41573.64,40453.82
41645.79,40514.32
41701.29,40592.87
41647.87,40570.4
41562.13,40476.57
41547.67,40422.19
41633.39,40494.86
41700.53,40585.89
41663.45,40581.34
41571.58,40486.18
41571.58,40448.12
41649.93,40509.63
41701.18,40585.36
41662.2,40579.73
41576.72,40486.14
41560.81,40432.07
41639.67,40498.52
41688.57,40574.02
41646.53,40561.89
41564.99,40465.3
41549.88,40414.03
41640.09,40493.96
41687.07,40574.67
41638.48,40556.12
41551.85,40455.74
41545.03,40413.54
41634.41,40490.05
41693.89,40575.77
41646.93,40560.23
41578.02,40479.93
41564.7,40430.1
41629.36,40482.72
41693.0,40578.5
41663.85,40577.27
41567.38,40474.49
41544.94,40422.26
41628.25,40491.93
41687.59,40577.89
41658.51,40579.28
41565.73,40482.38
41550.59,40432.79
41625.47,40490.59
41695.75,40585.13
41653.28,40566.29
41567.87,40473.11
41550.21,40421.63
41637.14,40495.61
41688.98,40579.21
41643.6,40560.23
41578.11,40485.18
41552.07,40424.02
41627.86,40486.52
41685.51,40569.96
41662.76,40571.34
41583.95,40481.87
41572.68,40430.53
41639.22,40480.59
41690.65,40561.13
41652.54,40551.02
41579.36,40473.22
41557.75,40416.6
41615.68,40459.25
41668.68,40537.37
41645.79,40546.29
41572.81,40468.41
41543.35,40407.46
41614.54,40462.31
41675.56,40549.46
41633.41,40535.29
41554.15,40446.93
41538.88,40403.41
41609.2,40460.1
41671.65,40542.6
41645.75,40544.14
41562.2,40452.41
41542.35,40399.01
41616.44,40459.81
41677.98,40542.84
41661.28,40553.75
41575.5,40462.33
41548.45,40402.54
41609.65,40446.29
41667.05,40523.13
41637.36,40521.3
41558.75,40434.57
41546.1,40385.78
41614.63,40432.27
41677.42,40516.25
41622.77,40495.95
41538.59,40405.45
41522.59,40350.66
41599.28,40414.1
41653.12,40494.59
41621.72,40491.99
41564.32,40430.46
41536.22,40365.98
41597.18,40402.97
41644.9,40471.54
41621.16,40479.84
41542.77,40396.51
41514.52,40336.4
41572.61,40376.7
41630.75,40459.14
41599.84,40459.7
41523.1,40377.2
41514.18,40327.26
41592.64,40381.89
41652.9,40466.25
41610.25,40457.35
41526.05,40370.45
41509.11,40322.25
41571.61,40367.92
41626.95,40439.67
41589.98,40433.03
41517.76,40359.0
41496.41,40304.08
41550.95,40343.29
41616.58,40427.53
41589.8,40428.14
41513.07,40347.27
41484.19,40285.98
41544.56,40328.07
41601.94,40408.22
41584.26,40416.82
41506.43,40333.48
41474.02,40265.39
41539.29,40308.26
41603.25,40389.33
41572.7,40383.25
41477.59,40279.5
41450.62,40221.83
41514.25,40264.27
41587.07,40352.9
41579.79,40374.85
41501.58,40290.74
41466.24,40225.94
41515.86,40258.64
41576.68,40334.95
41556.27,40337.43
41488.93,40267.43
41464.03,40212.53
41529.0,40255.22
41588.93,40327.15
41554.44,40320.42
41484.39,40248.43
41461.86,40190.29
41511.86,40224.15
41567.83,40298.05
41538.1,40294.02
41471.16,40225.05
41432.87,40160.54
41495.32,40201.29
41552.61,40270.6
41527.08,40270.85
41468.54,40206.16
41432.0,40137.0
41474.8,40158.75
41538.68,40241.66
41533.09,40264.83
41448.94,40176.32
41419.41,40119.99
41465.97,40149.86
41524.06,40226.05
41517.09,40251.11
41437.52,40170.09
41400.57,40100.44
41467.04,40146.23
41510.29,40206.18
41487.41,40210.94
41410.47,40129.49
41359.18,40044.0
41413.02,40074.08
41474.64,40155.11
41459.98,40174.91
41401.02,40110.83
41364.32,40038.7
41402.83,40062.89
41470.8,40148.89
41466.8,40168.74
41383.11,40086.2
41340.85,40013.0
41393.04,40041.09
41455.06,40122.05
41448.92,40142.95
41376.07,40059.0
41331.97,39983.11
41394.04,40033.11
41449.05,40107.9
41444.43,40128.82
41361.1,40044.16
41331.19,39986.46
41378.75,40012.32
41447.75,40096.32
41426.61,40103.81
41356.96,40034.3
41322.45,39972.5
41359.53,39989.84
41430.39,40074.51
41431.04,40101.0
41344.4,40011.72
41306.56,39940.62
41351.93,39966.3
41414.0,40047.64
41392.75,40056.54
41316.17,39976.59
41284.54,39914.63
41329.87,39936.22
41401.38,40025.2
41397.08,40057.39
41324.42,39989.37
41278.71,39913.42
41320.84,39932.46
41387.11,40012.95
41387.92,40045.63
41317.82,39980.14
41271.55,39902.89
41319.77,39934.07
41374.73,40006.02
41376.12,40034.21
41304.37,39963.06
41252.67,39884.61
41308.19,39914.47
41383.25,40000.1
41366.3,40014.88
41293.64,39945.61
41259.89,39883.49
41318.79,39917.15
41382.71,39995.88
41370.71,40018.85
41280.65,39933.22
41236.48,39864.85
41283.18,39888.54
41357.07,39976.68
41348.85,40001.04
41262.73,39924.21
41230.29,39868.58
41283.45,39897.82
41358.46,39984.7
41335.95,39993.39
41247.82,39913.82
41207.41,39846.25
41255.8,39877.95
41345.56,39985.26
41343.13,40013.58
41263.98,39934.05
41208.43,39842.34
41245.25,39853.14
41334.16,39958.93
41344.02,40003.86
41273.61,39938.79
41229.87,39864.18
41266.44,39880.14
41337.16,39966.17
41344.22,39999.7
41272.74,39931.37
41216.14,39851.89
41248.73,39862.17
41325.18,39951.13
41322.16,39981.12
41241.11,39908.84
41205.02,39843.08
41266.71,39879.55
41330.68,39954.61
41321.69,39976.12
41241.16,39908.57
41190.44,39831.12
41222.88,39838.0
41294.71,39921.69
41299.72,39961.57
41229.51,39894.06
41195.4,39829.45
41241.54,39851.77
41298.58,39922.43
41293.55,39954.28
41214.18,39884.96
41166.21,39811.25
41216.14,39838.16
41283.47,39916.1
41287.96,39951.82
41219.77,39887.2
41170.97,39812.19
41219.36,39835.64
41284.3,39915.21
41276.61,39943.55
41205.66,39884.77
41153.79,39811.23
41191.0,39820.35
41268.67,39907.45
41280.74,39954.21
41220.32,39900.57
41169.41,39820.75
41200.07,39831.32
41271.33,39921.73
41282.66,39967.27
41204.68,39898.51
41150.48,39821.26
41190.33,39839.82
41255.71,39917.0
41256.89,39949.25
41181.05,39886.87
41123.12,39802.4
41165.0,39819.92
41241.85,39911.18
41240.66,39943.5
41173.84,39889.12
41136.84,39820.44
41171.93,39831.21
41240.66,39918.09
41237.31,39950.46
41178.53,39905.93
41132.19,39834.27
41167.44,39842.12
41237.36,39927.43
41245.43,39969.97
41172.92,39909.22
41123.39,39822.47
41150.21,39822.67
41231.21,39925.09
41242.9,39972.2
41171.46,39911.7
41114.67,39827.54
41147.86,39836.48
41212.08,39915.3
41233.78,39971.15
41169.5,39919.75
41123.05,39844.93
41170.59,39862.08
41235.97,39937.94
41245.72,39981.5
41177.77,39930.81
41115.83,39850.03
41138.18,39848.69
41211.59,39926.79
41221.73,39965.16
41148.82,39897.41
41112.03,39836.35
41139.82,39841.16
41201.68,39912.79
41229.04,39970.04
41172.54,39925.69
41115.54,39846.86
41144.02,39850.1
41222.07,39944.45
41232.48,39986.53
41158.05,39922.0
41109.98,39852.29
41134.76,39852.73
41209.98,39939.23
41222.23,39982.46
41148.87,39917.55
41104.48,39841.38
41137.56,39848.2
41205.86,39939.57
41232.06,39996.79
41157.72,39933.76
41107.49,39861.61
41132.57,39860.11
41199.98,39939.3
41206.22,39982.71
41138.23,39923.21
41075.42,39835.3
41102.38,39834.65
41176.18,39921.38
41203.52,39976.32
41149.65,39932.93
41092.16,39849.47
41121.31,39852.6
41203.9,39943.21
41216.79,39985.08
41144.29,39924.68
41081.32,39840.78
41117.84,39851.64
41202.15,39937.94
41215.52,39978.48
41158.46,39935.17
41094.02,39845.47
41114.36,39845.43
41195.36,39937.71
41209.98,39983.29
41140.13,39932.82
41084.83,39852.98
41107.16,39843.73
41182.15,39920.57
41204.5,39969.12
41145.78,39922.34
41090.77,39844.93
41118.74,39843.21
41184.38,39920.46
41206.51,39973.48
41152.78,39933.11
41097.46,39857.38
41116.5,39854.63
41199.05,39940.24
41201.39,39977.5
41126.02,39921.2
41071.8,39843.1
41104.72,39844.91
41172.61,39915.39
41200.37,39976.45
41140.91,39935.88
41085.14,39856.6
41115.16,39855.48
41175.24,39926.03
41191.67,39976.45
41127.45,39925.55
41072.36,39847.66
41099.2,39841.74
41171.33,39921.53
41207.21,39989.68
41148.53,39944.0
41091.33,39869.36
41122.11,39870.06
41212.91,39957.74
41234.74,40002.98
41147.06,39936.93
41073.96,39849.18
41088.63,39834.07
41167.96,39915.14
41188.39,39963.82
41137.45,39929.89
41074.1,39845.96
41114.33,39852.11
41188.32,39932.2
41214.27,39990.71
41155.02,39943.77
41101.46,39865.41
41118.29,39856.87
41179.13,39925.42
41219.52,39991.49
41164.22,39948.33
41110.31,39869.83
41129.8,39859.21
41194.8,39932.26
41214.43,39994.27
41162.41,39959.44
41100.23,39872.14
41138.16,39875.69
41225.42,39958.61
41241.22,40010.61
41177.43,39966.35
41114.54,39881.72
41135.79,39870.88
41212.61,39947.93
41235.5,39992.84
41169.52,39944.8
41105.97,39866.75
41132.55,39864.2
41210.54,39935.88
41239.55,39993.06
41186.38,39954.7
41117.53,39863.48
41130.88,39844.22
41204.7,39921.06
41237.13,39978.57
41184.79,39943.53
41112.64,39854.41
41153.14,39866.97
41240.06,39958.23
41260.27,40001.55
41200.43,39956.4
41132.86,39870.01
41159.55,39864.91
41239.05,39944.76
41262.28,39992.05
41189.86,39938.61
41130.09,39865.81
41140.39,39850.16
41208.03,39919.5
41250.28,39987.83
41192.01,39951.21
41128.41,39871.27
41142.77,39862.12
41213.89,39932.89
41249.18,39993.33
41190.42,39953.29
41125.51,39867.44
41133.55,39841.94
41213.8,39924.59
41257.09,39999.92
41195.14,39957.5
41133.24,39875.27
41155.66,39869.57
41225.63,39944.78
41251.26,40001.8
41194.62,39969.45
41127.97,39886.15
41152.93,39881.79
41219.36,39948.22
41239.82,39995.72
41182.13,39957.41
41131.66,39887.87
41157.25,39883.25
41217.98,39947.73
41238.61,39997.75
41179.36,39958.48
41124.84,39888.36
41145.96,39883.73
41222.56,39956.34
41260.83,40023.59
41208.41,39997.91
41141.36,39916.39
41158.68,39904.03
41238.88,39980.18
41265.63,40044.24
41209.93,40015.79
41150.86,39938.52
41154.46,39911.18
41225.96,39977.64
41273.12,40054.46
41213.29,40021.09
41157.81,39950.99
41172.25,39936.93
41239.48,40009.26
41268.76,40071.27
41224.06,40045.23
41146.63,39950.16
41160.47,39935.86
41236.71,40003.61
41270.5,40063.33
41223.3,40039.53
41157.23,39959.62
41158.52,39931.59
41241.07,40002.91
41276.32,40065.41
41237.09,40048.65
41157.2,39948.78
41160.04,39926.43
41230.94,39993.3
41266.19,40054.53
41213.29,40025.6
41145.0,39947.1
41153.65,39927.93
41223.57,39992.86
41280.27,40070.66
41237.02,40053.16
41153.38,39960.96
41154.84,39932.08
41235.26,40008.93
41278.84,40077.66
41242.9,40061.79
41177.43,39979.4
41172.05,39949.27
41246.75,40022.03
41275.04,40077.64
41232.35,40054.84
41173.68,39976.03
41194.96,39964.31
41261.21,40032.93
41278.73,40084.86
41228.11,40057.9
41168.83,39983.74
41166.17,39950.81
41229.63,40011.92
41259.6,40066.71
41209.51,40033.71
41140.64,39950.7
41143.73,39924.42
41222.98,39997.8
41266.08,40064.9
41226.56,40050.23
41160.87,39975.6
41169.41,39953.96
41250.99,40028.38
41292.25,40099.7
41240.66,40073.28
41159.39,39982.71
41167.69,39961.41
41246.12,40037.96
41296.59,40114.09
41253.32,40084.34
41190.44,40009.62
41184.74,39976.23
41250.34,40038.23
41300.25,40122.5
41255.35,40105.64
41183.56,40017.2
41185.66,39988.68
41268.38,40063.58
41309.71,40130.16
41270.21,40112.68
41211.0,40039.19
41207.81,40010.87
41274.73,40073.64
41332.0,40147.64
41283.8,40120.02
41208.48,40041.41
41201.5,40009.44
41269.86,40071.04
41324.57,40148.78
41278.29,40128.67
41206.4,40046.03
41205.64,40015.1
41284.63,40083.8
41335.19,40157.72
41293.77,40136.22
41215.14,40044.24
41219.27,40018.11
41279.85,40076.36
41328.24,40154.33
41285.97,40140.2
41205.89,40046.81
41209.15,40020.21
41289.73,40092.84
41339.01,40173.44
41293.75,40151.4
41214.58,40060.63
41208.77,40022.12
41287.0,40084.12
41334.1,40153.81
41286.6,40133.65
41217.8,40055.51
41209.06,40023.17
41269.45,40076.12
41324.53,40153.23
41290.36,40147.66
41224.19,40070.95
41208.64,40020.77
41280.09,40080.1
41320.59,40146.44
41295.56,40142.59
41227.93,40065.75
41215.59,40028.44
41296.95,40102.74
41348.6,40178.46
41313.38,40171.29
41250.5,40096.41
41237.54,40054.68
41307.3,40109.51
41366.19,40195.54
41312.1,40173.84
41233.18,40084.19
41232.8,40057.52
41302.76,40124.26
41358.39,40201.31
41315.72,40177.97
41233.78,40087.29
41227.25,40052.94
41309.78,40127.44
41356.27,40198.58
41313.2,40181.15
41247.33,40107.86
41235.57,40063.49
41304.46,40116.64
41359.13,40191.23
41334.59,40192.37
41268.61,40117.58
41253.81,40071.6
41318.98,40131.13
41373.01,40207.43
41350.68,40203.19
41277.41,40127.41
41255.73,40074.06
41320.48,40120.29
41378.91,40203.88
41346.48,40196.32
41276.16,40114.88
41264.29,40070.46
41325.87,40116.98
41372.92,40193.98
41348.82,40198.36
41284.03,40123.97
41269.12,40073.3
41345.23,40129.83
41402.2,40215.08
41367.18,40209.87
41291.2,40125.63
41277.77,40085.33
41347.55,40141.18
41412.19,40228.64
41373.08,40211.82
41301.51,40127.39
41271.91,40068.94
41348.87,40135.57
41415.39,40224.24
41390.76,40222.57
41305.78,40128.73
41280.39,40075.6
41340.69,40122.97
41396.23,40201.58
41362.86,40197.82
41277.75,40109.15
41268.72,40067.27
41341.02,40126.9
41405.82,40212.26
41376.09,40204.39
41301.2,40122.68
41275.69,40070.44
41340.13,40124.35
41409.13,40218.32
41371.51,40204.68
41292.84,40118.59
41273.25,40072.96
41343.59,40127.62
41412.51,40220.51
41391.09,40224.55
41319.72,40146.04
41286.98,40081.64
41359.29,40142.12
41403.72,40210.59
41370.2,40208.06
41317.62,40151.73
41290.91,40097.71
41348.25,40141.25
41408.19,40224.49
41376.99,40223.26
41286.75,40131.13
41280.23,40091.23
41355.29,40149.43
41413.42,40231.82
41370.91,40224.58
41301.39,40150.73
41291.23,40114.14
41352.38,40163.65
41426.21,40263.27
41408.41,40273.8
41338.52,40197.29
41302.76,40123.17
41356.14,40161.1
41418.25,40250.82
41400.55,40260.36
41326.68,40180.25
41298.78,40123.23
41361.7,40167.16
41420.95,40255.18
41397.89,40267.34
41327.55,40192.19
41299.68,40136.94
41363.22,40188.08
41426.21,40277.15
41400.48,40281.15
41321.63,40199.45
41300.86,40147.22
41364.41,40197.15
41428.71,40286.07
41414.85,40301.71
41338.86,40222.7
41315.07,40170.57
41375.22,40213.78
41427.13,40288.75
41409.55,40301.94
41338.12,40226.72
41308.41,40164.81
41371.87,40214.45
41425.29,40289.78
41413.38,40304.95
41339.01,40228.8
41314.96,40172.39
41372.38,40210.81
41444.09,40305.09
41420.38,40311.53
41343.04,40234.28
41310.96,40173.97
41361.88,40208.51
41429.98,40300.55
41412.82,40312.02
41327.21,40222.59
41300.12,40165.3
41363.58,40213.87
41433.0,40307.37
41429.43,40331.91
41359.11,40255.56
41326.99,40191.81
41367.87,40218.03
41434.34,40302.0
41415.01,40313.89
41352.47,40254.98
41328.17,40205.15
41375.78,40234.23
41440.82,40317.49
41428.84,40332.29
41354.26,40255.25
41321.18,40191.96
41384.57,40238.39
41451.49,40322.86
41429.43,40328.09
41372.59,40265.57
41341.67,40207.93
41398.96,40249.88
41460.25,40333.57
41462.93,40358.96
41393.71,40284.82
41357.63,40215.3
41424.51,40263.43
41487.9,40345.75
41473.77,40356.48
41389.13,40277.13
41351.02,40214.79
41411.14,40251.55
41485.2,40341.81
41462.02,40352.96
41389.08,40280.41
41353.03,40220.42
41403.99,40252.27
41477.46,40342.73
41459.04,40350.35
41392.81,40285.51
41358.5,40222.84
41412.73,40253.3
41478.2,40338.17
41461.5,40353.88
41399.41,40287.88
41361.84,40220.69
41422.23,40263.27
41494.0,40349.21
41489.44,40370.54
41421.56,40305.96
41378.04,40239.73
41435.44,40276.72
41498.43,40353.82
41485.08,40371.96
41403.7,40290.4
41383.47,40241.45
41441.34,40287.54
41500.73,40369.57
41501.24,40392.2
41430.1,40322.52
41374.22,40240.8
41440.76,40289.13
41524.76,40390.76
41522.14,40418.61
41452.43,40356.16
41393.04,40263.52
41462.42,40307.64
41530.28,40397.27
41520.96,40419.29
41445.25,40345.99
41397.82,40275.18
41447.87,40307.7
41523.17,40395.75
41523.28,40428.89
41443.42,40357.21
41406.89,40292.55
41447.75,40314.19
41521.38,40400.55
41507.32,40412.8
41432.62,40336.54
41407.52,40283.79
41455.29,40310.45
41524.76,40396.35
41517.27,40421.79
41442.1,40350.62
41410.34,40289.89
41461.46,40319.77
41524.87,40400.98
41513.02,40421.14
41451.55,40361.41
41416.08,40293.98
41449.92,40311.17
41519.68,40397.6
41526.43,40432.83
41466.66,40373.66
41418.36,40298.07
41475.02,40336.23
41542.57,40418.39
41535.11,40441.41
41475.85,40386.79
41438.37,40319.68
41477.53,40338.62
41547.73,40425.43
41555.98,40466.13
41485.04,40399.05
41435.08,40324.13
41478.55,40348.59
41543.91,40431.13
41542.35,40459.34
41480.63,40403.64
41439.42,40334.75
41491.12,40363.36
41576.52,40463.09
41560.45,40476.55
41496.79,40419.91
41458.37,40349.68
41509.04,40378.0
41582.83,40465.91
41568.68,40477.53
41500.68,40413.63
41457.75,40343.85
41505.02,40367.38
41574.27,40452.95
41581.2,40486.47
41516.55,40428.67
41472.01,40365.02
41506.16,40379.95
41571.85,40458.49
41565.57,40481.67
41504.57,40424.69
41454.75,40348.23
41495.07,40365.64
41566.75,40446.69
41586.29,40490.7
41522.97,40434.15
41473.84,40363.83
41505.36,40374.2
41568.45,40452.32
41579.68,40494.86
41515.21,40437.84
41468.21,40370.51
41521.74,40401.74
41595.66,40480.44
41593.0,40502.45
41531.71,40449.41
41486.91,40379.41
41508.08,40381.62
41580.86,40463.61
41582.51,40496.38
41509.16,40431.76
41447.51,40346.77
41507.46,40383.41
41587.23,40473.46
41576.77,40497.29
41525.79,40451.05
41484.03,40381.42
41516.44,40388.13
41601.45,40484.02
41608.42,40520.92
41530.32,40448.03
41492.21,40386.65
41529.85,40400.33
41604.82,40481.42
41626.03,40529.99
41570.13,40488.62
41492.32,40392.39
41519.46,40398.25
41587.79,40482.34
41586.54,40514.48
41522.19,40463.74
41489.11,40404.44
41540.0,40426.5
41602.45,40495.5
41618.93,40538.66
41551.02,40482.11
41508.48,40419.13
41535.29,40422.5
41623.55,40524.34
41636.96,40567.61
41576.86,40513.74
41525.09,40437.32
41552.74,40439.76
41619.46,40519.04
41643.94,40572.13
41576.43,40516.29
41524.0,40441.14
41570.64,40458.6
41652.14,40543.09
41661.77,40590.07
41584.68,40531.4
41531.46,40454.6
41571.85,40470.8
41638.48,40549.55
41666.38,40606.97
41600.11,40547.02
41536.25,40462.82
41579.41,40485.76
41660.3,40577.49
41665.44,40610.21
41601.13,40548.25
41551.73,40477.06
41572.3,40475.86
41663.83,40573.98
41676.86,40615.18
41601.29,40554.89
41558.86,40489.89
41590.92,40495.32
41654.2,40570.76
41675.95,40624.2
41630.23,40589.54
41576.46,40516.16
41586.2,40500.76
41663.49,40579.55
41693.51,40637.44
41625.5,40581.89
41564.16,40496.24
41598.18,40502.52
41675.74,40585.76
41694.85,40630.04
41629.41,40578.68
41571.14,40495.57
41604.93,40498.9
41677.46,40580.84
41697.47,40630.44
41634.73,40580.84
41579.63,40506.25
41605.94,40509.27
41685.98,40597.54
41704.8,40651.3
41646.42,40601.43
41587.3,40511.73
41594.63,40493.04
41668.16,40580.13
41694.45,40631.52
41646.6,40591.57
41590.38,40510.48
41607.17,40503.28
41686.29,40593.25
41703.14,40642.6
41632.09,40582.59
41590.58,40517.41
41611.62,40514.35
41684.19,40592.98
41711.66,40651.72
41647.69,40597.85
41595.25,40518.21
41619.55,40512.0
41682.71,40576.02
41712.04,40644.7
41661.48,40614.77
41600.73,40528.67
41611.91,40514.66
41689.45,40598.79
41727.42,40669.55
41660.81,40616.98
41603.55,40536.65
41627.29,40530.42
41695.01,40601.29
41709.02,40644.25
41650.21,40597.76
41605.56,40531.56
41632.8,40533.55
41712.38,40620.41
41728.38,40664.04
41671.94,40619.33
41614.79,40536.77
41631.87,40527.91
41706.63,40610.86
41728.45,40666.29
41655.69,40609.41
41596.93,40523.84
41629.68,40530.11
41702.79,40613.41
41724.65,40664.06
41667.11,40618.5
41609.27,40539.4
41620.6,40520.67
41702.81,40610.68
41719.89,40659.77
41662.06,40615.89
41608.51,40543.49
41634.5,40543.29
41705.89,40619.33
41735.67,40677.65
41678.4,40633.46
41620.58,40553.89
41631.75,40539.87
41698.88,40611.84
41737.48,40675.66
41688.64,40642.45
41624.4,40557.39
41631.53,40538.04
41708.96,40616.88
41733.9,40669.22
41678.67,40626.17
41613.45,40546.24
41632.45,40541.48
41710.21,40620.92
41734.53,40673.47
41677.35,40630.82
41625.54,40557.75
41648.63,40554.36
41707.08,40614.84
41738.21,40676.39
41691.66,40642.93
41630.52,40558.11
41636.07,40544.59
41704.35,40619.91
41741.28,40686.28
41688.59,40651.32
41620.54,40566.18
41636.07,40553.21
41712.98,40629.79
41733.28,40675.28
41687.07,40640.86
41617.52,40553.8
41633.52,40544.59
41706.43,40623.24
41731.06,40676.57
41674.56,40635.87
41619.26,40564.14
41635.11,40552.07
41706.48,40629.3
41737.14,40688.96
41683.97,40653.91
41632.49,40576.15
41645.14,40553.42
41712.55,40624.05
41729.68,40671.66
41677.11,40638.51
41616.62,40561.66
41632.34,40546.44
41709.49,40622.08
41739.0,40680.44
41683.01,40642.91
41614.21,40555.27
41637.3,40546.98
41710.84,40621.28
41739.69,40682.66
41676.75,40638.69
41613.31,40556.55
41623.11,40542.09
41698.18,40618.64
41739.67,40687.08
41669.17,40636.12
41605.16,40553.82
41624.36,40539.11
41705.34,40617.84
41746.42,40685.71
41694.68,40654.83
41613.65,40555.61
41626.19,40540.14
41698.34,40609.83
41742.57,40681.49
41699.28,40655.68
41628.58,40570.23
41636.25,40547.8
41704.11,40615.8
41742.08,40683.26
41687.75,40643.18
41625.09,40564.08
41631.6,40540.34
41713.45,40616.34
41748.68,40683.62
41695.75,40651.21
41627.06,40569.87
41641.48,40557.42
41706.05,40629.3
41742.93,40700.94
41692.95,40665.4
41632.61,40582.56
41644.67,40565.24
41709.61,40627.47
41745.73,40695.02
41692.86,40661.09
41626.7,40576.21
41640.36,40562.52
41717.94,40633.14
41754.13,40692.82
41708.71,40663.5
41630.52,40573.11
41642.82,40563.14
41713.52,40628.07
41758.22,40698.79
41703.59,40669.02
41635.09,40583.79
41642.44,40555.61
41714.93,40627.0
41760.79,40703.96
41718.03,40680.2
41638.59,40589.11
41650.46,40568.28
41729.77,40643.14
41774.83,40713.52
41726.86,40684.13
41642.44,40580.33
41651.65,40557.21
41727.42,40630.35
41758.49,40693.23
41718.61,40677.87
41645.99,40589.05
41652.27,40568.32
41729.99,40642.2
41763.43,40702.19
41712.29,40669.42
41640.81,40579.32
41651.0,40555.52
41726.26,40626.2
41747.78,40686.88
41696.51,40661.53
41635.0,40586.48
41638.93,40554.71
41717.88,40627.6
41754.49,40693.03
41712.36,40675.88
41632.45,40581.38
41635.49,40554.18
41719.66,40635.78
41772.53,40718.24
41712.67,40682.43
41644.14,40599.62
41651.31,40570.94
41718.86,40637.84
41750.51,40704.2
41710.72,40682.59
41633.72,40590.16
41635.38,40561.48
41717.16,40640.16
41755.98,40704.4
41713.63,40681.87
41639.24,40593.63
41653.91,40575.21
41720.16,40634.66
41747.85,40685.67
41724.52,40681.54
41661.48,40598.34
41657.28,40566.18
41733.52,40639.83
41763.18,40702.28
41719.93,40683.7
41641.61,40593.36
41641.88,40558.96
41728.78,40637.73
41784.66,40718.08
41739.4,40697.99
41673.69,40623.42
41665.08,40582.95
41739.96,40649.17
41792.71,40726.46
41745.5,40701.68
41671.88,40619.09
41670.0,40590.25
41739.91,40653.87
41790.3,40730.55
41745.75,40706.7
41671.7,40620.54
41665.68,40584.46
41737.03,40649.13
41774.63,40712.43
41729.99,40692.11
41666.18,40615.78
41670.76,40585.47
41752.59,40658.29
41809.85,40748.08
41778.8,40738.46
41702.23,40648.79
41683.5,40602.08
41741.03,40650.85
41806.75,40739.83
41772.14,40730.98
41682.83,40632.03
41678.13,40597.23
41744.14,40654.25
41786.72,40723.34
41757.77,40718.15
41692.68,40640.23
41676.1,40590.43
41754.18,40653.93
41804.82,40734.58
41757.21,40714.91
41687.66,40636.97
41675.86,40593.52
41740.0,40644.5
41796.49,40728.21
41767.79,40731.49
41694.81,40643.92
41681.04,40596.51
41756.07,40663.59
41800.0,40739.05
41759.18,40727.22
41684.62,40640.63
41681.96,40602.48
41750.82,40667.7
41794.52,40739.96
41743.74,40713.93
41674.6,40636.88
41673.44,40599.95
41747.18,40659.79
41792.53,40732.48
41745.82,40713.05
41690.36,40647.16
41688.89,40607.73
41763.45,40667.63
41811.15,40738.46
41768.95,40720.77
41692.19,40641.13
41676.79,40597.38
41738.59,40650.07
41795.35,40726.82
41769.91,40726.04
41697.47,40654.78
41680.39,40611.84
41738.04,40661.69
41786.2,40732.59
41760.12,40729.44
41688.53,40652.3
41665.46,40605.09
41727.73,40659.03
41790.21,40750.98
41756.54,40744.68
41690.45,40667.79
41670.22,40615.4
41738.71,40669.98
41787.59,40740.3
41753.35,40731.74
41676.93,40651.65
41675.25,40620.0
41733.25,40664.89
41778.56,40740.07
41743.67,40732.77
41670.07,40651.99
41664.34,40617.23
41739.89,40679.93
41793.65,40762.41
41764.86,40758.54
41683.25,40668.48
41667.09,40617.81
41741.57,40676.91
41797.27,40758.72
41768.21,40758.92
41690.67,40678.07
41669.02,40627.56
41723.82,40667.07
41790.36,40757.55
41755.7,40753.58
41680.86,40671.55
41654.33,40614.82
41715.26,40662.79
41774.71,40743.52
41753.48,40748.39
41695.93,40683.59
41676.37,40632.52
41735.78,40678.65
41779.3,40750.85
41752.45,40753.15
41681.26,40676.38
41655.31,40621.16
41728.22,40679.59
41786.16,40759.88
41760.84,40762.5
41696.51,40694.46
41679.43,40643.05
41738.39,40689.02
41788.3,40765.78
41763.59,40769.78
41687.54,40684.49
41661.88,40633.32
41724.25,40689.41
41775.86,40766.59
41766.16,40782.66
41699.48,40706.39
41680.13,40654.8
41743.2,40704.56
41798.14,40783.17
41777.93,40796.2
41705.74,40718.04
41678.13,40659.18
41740.68,40711.53
41801.43,40792.74
41783.16,40796.94
41708.38,40718.53
41675.45,40661.15
41742.13,40713.66
41791.1,40780.45
41765.42,40782.34
41698.81,40714.59
41682.94,40666.83
41745.43,40710.59
41803.26,40783.39
41775.03,40781.85
41705.43,40708.25
41686.58,40661.49
41744.61,40705.61
41806.16,40787.98
41795.93,40803.62
41734.44,40744.34
41720.6,40703.89
41754.49,40714.42
41775.66,40755.3
41751.58,40762.16
41686.36,40695.82
41665.24,40645.04
41729.3,40691.44
41771.34,40750.56
41761.46,40763.59
41700.73,40699.53
41669.42,40640.66
41725.7,40679.46
41785.11,40757.38
41772.48,40770.5
41709.89,40704.92
41681.35,40652.01
41720.16,40678.14
41785.54,40753.4
41775.45,40765.54
41709.45,40702.44
41680.08,40649.48
41735.06,40691.33
41800.4,40772.78
41788.29,40782.66
41711.21,40701.25
41680.61,40641.89
41746.31,40695.66
41815.39,40788.02
41792.02,40791.6
41730.64,40729.23
41715.75,40682.99
41765.2,40716.96
41799.68,40773.02
41783.99,40779.75
41729.07,40717.7
41708.4,40669.33
41754.82,40703.22
41813.38,40780.67
41794.39,40790.52
41727.75,40726.4
41700.04,40674.21
41762.91,40717.81
41811.64,40786.99
41796.17,40799.84
41734.1,40738.71
41704.24,40685.05
41753.44,40720.96
41817.68,40798.04
41812.94,40813.86
41746.89,40743.65
41713.07,40685.96
41755.36,40716.07
41816.18,40794.64
41806.72,40807.94
41743.96,40742.11
41712.85,40688.51
41754.49,40720.99
41812.31,40794.57
41803.26,40812.0
41742.84,40750.31
41710.01,40696.51
41747.52,40719.02
41815.44,40800.79
41820.74,40823.79
41742.53,40744.97
41710.93,40695.21
41752.75,40720.81
41812.07,40794.79
41801.92,40808.79
41739.76,40744.77
41718.73,40700.16
41768.55,40732.79
41825.48,40806.53
41824.25,40831.74
41766.82,40773.78
41738.21,40719.42
41781.78,40748.14
41826.62,40807.2
41814.93,40815.16
41755.38,40754.83
41724.18,40701.43
41774.87,40735.74
41824.34,40803.06
41825.34,40823.8
41763.27,40757.02
41714.41,40691.04
41768.84,40731.09
41842.84,40820.79
41846.33,40848.77
41778.67,40780.64
41741.66,40718.8
41786.5,40750.52
41858.42,40835.77
41855.45,40858.52
41781.04,40786.48
41741.46,40725.05
41778.8,40749.08
41841.82,40825.86
41842.49,40849.67
41782.92,40791.11
41747.04,40733.19
41803.53,40776.13
41857.57,40847.1
41856.12,40859.59
41803.1,40804.25
41758.45,40745.13
41797.4,40773.74
41863.61,40851.07
41870.88,40879.24
41794.21,40805.59
41764.19,40756.3
41806.32,40781.61
41870.56,40858.92
41871.81,40887.87
41796.29,40812.23
41757.66,40754.18
41794.65,40774.36
41876.68,40856.6
41878.54,40885.77
41791.82,40807.13
41761.21,40749.08
41804.33,40774.14
41867.52,40850.67
41865.02,40871.57
41807.55,40818.71
41769.13,40764.06
41809.23,40783.55
41858.42,40832.99
41871.59,40884.65
41809.36,40835.7
41760.68,40757.15
41794.81,40773.11
41851.74,40837.62
41856.9,40873.47
41786.61,40810.46
41745.64,40743.41
41797.0,40773.34
41850.82,40835.25
41851.58,40863.64
41774.45,40770.54
41735.78,40734.09
41794.36,40789.03
41880.53,40874.32
41874.23,40890.3
41805.74,40825.97
41763.63,40764.77
41796.26,40785.23
41862.4,40864.84
41871.77,40891.64
41771.56,40777.7
41720.87,40726.78
41781.36,40758.54
41847.92,40827.7
41855.88,40878.5
41799.17,40827.88
41741.48,40719.78
41794.25,40777.98
41863.21,40859.39
41880.86,40913.57
41807.75,40836.95
41753.08,40739.67
41796.35,40775.21
41877.18,40856.62
41882.9,40885.65
41822.84,40853.51
41762.69,40758.79
41802.75,40786.05
41871.41,40868.51
41879.23,40912.36
41826.5,40866.83
41761.75,40745.22
41824.61,40838.31
41900.33,40930.16
41886.34,40909.55
41798.5,40808.61
41759.29,40735.67
41800.09,40787.64
41894.63,40927.25
41894.5,40921.1
41825.86,40847.99
41781.73,40789.45
41841.57,40863.77
41911.62,40905.05
41910.95,40886.68
41871.54,40909.21
41826.5,40850.79
41857.84,40855.39
41938.04,40925.95
41948.14,40974.48
41884.91,40920.77
41850.13,40870.7
41888.82,40895.6
41967.54,40976.29
41968.55,41010.6
41891.48,40954.34
41831.27,40855.77
41887.57,40903.38
41968.08,40989.84
41958.94,41006.33
41902.43,40950.25
41845.82,40882.3
41874.5,40898.21
41967.88,41008.54
41978.77,41032.82
41901.68,40956.31
41844.21,40866.95
41885.38,40911.07
41955.36,40980.27
41956.26,40987.64
41907.8,40973.92
41836.68,40875.82
41870.7,40902.08
41940.99,40978.7
41953.3,41010.29
41884.06,40946.92
41825.1,40863.37
41853.98,40867.44
41943.81,40975.08
41942.82,40999.49
41872.28,40943.19
41821.86,40862.96
41858.49,40882.21
41946.8,40975.91
41958.78,41011.29
41873.89,40938.8
41825.86,40873.83
41863.65,40892.7
41929.59,40958.99
41940.5,40993.61
41889.61,40959.82
41850.69,40893.45
41871.9,40903.0
41951.12,40978.99
41974.25,41036.21
41906.37,40954.79
41854.33,40896.27
41887.01,40901.21
41961.73,40995.13
41980.66,41034.14
41914.14,40964.67
41850.38,40870.54
41884.78,40894.59
41970.16,40986.17
41998.5,41037.51
41928.88,40977.54
41866.0,40898.64
41891.93,40895.27
41960.68,40971.55
41980.13,41019.59
41915.44,40969.38
41863.43,40887.91
41899.5,40903.91
41980.29,40993.19
41998.05,41040.77
41938.31,40996.09
41878.47,40904.0
41914.95,40919.16
41985.2,40989.77
41976.8,41018.58
41921.25,40982.41
41874.63,40911.87
41894.19,40908.56
41960.84,40979.48
41981.07,41025.93
41914.1,40969.14
41851.83,40890.08
41882.27,40895.73
41963.41,40980.38
41979.66,41022.47
41910.91,40964.0
41857.53,40886.41
41881.71,40890.48
41951.07,40962.25
41974.03,41008.54
41913.18,40968.82
41870.05,40904.25
41882.72,40893.1
41940.7,40954.79
41960.55,41003.34
41915.27,40977.63
41845.84,40890.57
41868.26,40888.34
41949.66,40974.81
41973.33,41022.8
41916.0,40972.09
41854.18,40887.87
41881.2,40892.92
41947.23,40962.95
41968.15,41009.3
41923.71,40983.35
41867.36,40901.25
41896.24,40896.83
41966.27,40975.57
41993.09,41034.29
41922.53,40975.11
41866.4,40904.9
41892.64,40907.89
41974.05,40995.67
41998.46,41045.47
41928.94,40985.34
41863.16,40904.74
41881.09,40890.82
41966.29,40978.7
41987.15,41038.27
41921.14,40985.07
41867.72,40909.17
41883.34,40900.67
41975.3,41006.35
41995.55,41055.88
41931.96,41002.55
41862.45,40920.05
41891.97,40925.91
41976.93,41011.36
42006.66,41063.98
41947.05,41020.21
41874.9,40933.71
41892.4,40921.71
41978.16,41008.34
42001.0,41062.61
41934.84,41013.28
41868.23,40924.52
41890.07,40918.4
41964.75,41000.54
41987.64,41048.66
41923.04,40992.94
41873.96,40923.63
41898.19,40918.15
41966.83,40989.28
41990.86,41048.33
41933.28,41006.6
41871.03,40923.45
41892.44,40915.78
41977.78,41003.45
42007.6,41063.64
41934.22,41007.27
41876.28,40923.94
41900.94,40923.88
41985.76,41015.76
42020.45,41077.14
41949.13,41022.56
41879.41,40932.21
41898.25,40920.43
41962.47,40989.61
41979.73,41039.21
41934.4,41015.36
41869.84,40927.29
41882.0,40908.52
41954.83,40982.75
41979.08,41033.2
41922.8,40989.19
41865.0,40911.2
41879.7,40899.58
41957.78,40976.76
41985.54,41030.18
41925.64,40994.39
41855.52,40907.91
41877.02,40895.15
41936.09,40949.31
41974.41,41018.11
41910.37,40977.59
41827.38,40875.37
41859.56,40876.04
41941.97,40959.97
41962.02,41011.05
41899.53,40965.8
41855.9,40903.4
41865.44,40881.29
41926.37,40937.22
41955.63,40992.61
41904.51,40967.24
41837.3,40886.19
41841.3,40857.29
41915.38,40937.31
41968.46,41016.59
41911.29,40978.95
41844.95,40891.18
41848.75,40860.13
41935.54,40955.5
41958.05,41004.56
41898.25,40960.2
41845.84,40889.63
41857.44,40871.8
41932.74,40946.0
41962.27,41004.34
41905.05,40969.27
41841.64,40891.02
41858.22,40875.33
41933.41,40953.65
41976.2,41028.19
41909.81,40975.13
41832.23,40875.19
41843.87,40856.26
41922.24,40932.93
41953.35,40997.32
41900.69,40966.93
41835.96,40883.48
41843.25,40862.03
41919.87,40938.98
41952.5,41001.05
41910.23,40976.54
41831.02,40878.57
41838.95,40856.39
41917.81,40929.13
41963.72,41011.02
41915.98,40988.25
41840.54,40895.6
41851.76,40882.08
41934.89,40964.73
41962.09,41025.93
41907.38,40997.32
41827.38,40896.85
41831.47,40866.54
41924.14,40949.98
41970.11,41022.47
41942.53,41011.94
41865.13,40912.61
41859.7,40880.47
41939.2,40960.02
41971.72,41023.86
41926.35,41001.28
41855.94,40915.96
41862.49,40892.43
41936.86,40965.14
41994.61,41050.07
41944.19,41015.88
41878.41,40934.56
41886.59,40916.43
41949.8,40977.47
41999.44,41053.98
41956.08,41023.43
41898.16,40943.28
41903.77,40922.46
41958.58,40981.34
42004.13,41050.03
41961.87,41019.18
41901.99,40951.99
41890.21,40921.48
41957.15,40983.57
42021.14,41074.91
41986.25,41056.53
41906.57,40964.13
41912.78,40948.86
41971.9,41004.81
42011.09,41065.32
41971.81,41039.28
41914.59,40968.04
41895.97,40928.75
41968.37,40990.73
42017.01,41056.82
41983.26,41040.91
41916.34,40965.02
41908.04,40929.8
41980.0,40996.96
42032.88,41071.42
41984.91,41036.93
41924.94,40963.13
41920.2,40939.1
41984.53,40999.82
42026.0,41057.47
41988.55,41030.05
41920.32,40951.66
41917.9,40931.12
41994.77,41003.8
42035.61,41062.32
41996.89,41039.57
41915.62,40946.79
41911.38,40919.92
41988.89,40997.43
42028.79,41058.97
41985.94,41033.93
41910.1,40951.14
41902.81,40920.97
41987.44,40997.34
42028.61,41054.43
41991.44,41032.53
41928.21,40960.53
41924.81,40943.9
41981.8,40998.37
42028.63,41064.38
42001.36,41053.27
41929.1,40973.16
41914.39,40945.89
41972.8,41005.28
42028.57,41079.2
41987.93,41048.73
41918.21,40975.42
41916.96,40959.75
41977.45,41014.8
42025.48,41074.66
41989.63,41047.03
41927.04,40983.17
41929.82,40976.36
41991.24,41035.1
42039.38,41095.54
42011.84,41077.63
41943.36,40997.9
41933.28,40973.05
41985.98,41028.48
42034.91,41091.96
42010.19,41076.07
41958.61,41018.29
41936.21,40981.23
41986.84,41032.28
42027.18,41080.45
42000.02,41065.63
41946.63,41007.92
41932.07,40981.41
41990.7,41035.88
42024.41,41078.59
42005.92,41072.4
41951.88,41009.71
41927.31,40979.93
41976.75,41030.63
42031.89,41092.52
42015.96,41084.09
41953.93,41018.78
41933.79,40983.93
41990.23,41046.16
42046.27,41116.12
42013.45,41092.65
41959.72,41027.36
41948.88,41006.2
41992.67,41043.01
42042.38,41095.94
42038.27,41097.35
41983.37,41033.71
41951.56,40997.43
42003.42,41047.95
42052.53,41099.18
42040.75,41092.14
41978.18,41021.13
41957.08,40986.93
42001.07,41027.95
42050.07,41081.48
42039.29,41085.32
41984.09,41033.06
41963.03,41002.24
42017.57,41048.26
42065.96,41110.69
42050.22,41105.62
41986.23,41033.38
41965.13,41000.23
42007.51,41041.4
42066.68,41113.71
42062.14,41114.45
41999.55,41046.16
41978.77,41014.13
42033.66,41062.3
42067.68,41111.88
42045.84,41107.81
41985.43,41042.99
41978.68,41022.42
42025.95,41065.52
42073.38,41121.24
42058.11,41117.62
41997.5,41058.7
41975.93,41026.07
42022.33,41066.16
42079.55,41133.64
42082.05,41149.02
42020.05,41081.1
41983.14,41029.93
42022.93,41065.29
42076.29,41132.91
42067.64,41135.28
42004.96,41064.63
41985.07,41026.65
42046.45,41080.02
42094.52,41147.23
42086.03,41152.93
42027.56,41087.4
42008.67,41051.05
42062.09,41098.73
42105.63,41159.39
42080.49,41151.66
42032.32,41099.58
42003.73,41055.73
42038.18,41090.35
42086.61,41157.18
42076.58,41162.88
42019.24,41102.42
42005.68,41068.6
42056.39,41110.54
42105.97,41176.7
42076.2,41161.61
42019.29,41096.7
41996.67,41051.91
42041.8,41086.28
42106.57,41168.4
42077.36,41162.14
42008.2,41094.11
41996.89,41060.85
42043.5,41100.45
42094.03,41166.68
42071.01,41160.25
42000.38,41079.18
41983.91,41044.48
42032.23,41089.5
42077.34,41151.44
42056.73,41149.2
42000.76,41088.11
41971.48,41041.33
42015.15,41075.73
42075.28,41154.14
42052.66,41153.23
41983.39,41083.8
41966.94,41049.74
41995.39,41070.99
42050.4,41137.54
42044.12,41150.9
41981.49,41081.81
41951.16,41027.14
41999.78,41061.29
42054.27,41127.81
42026.96,41128.88
41944.14,41045.96
41902.9,40980.65
41951.52,41015.47
42003.84,41083.0
41987.26,41086.06
41932.5,41025.98
41903.55,40973.88
41965.46,41022.36
42030.64,41102.91
42026.4,41118.0
41971.05,41065.32
41945.35,41016.86
41991.3,41052.15
42049.31,41122.58
42035.61,41130.25
41976.15,41065.38
41951.52,41025.11
42002.5,41068.31
42066.59,41145.07
42054.16,41152.15
41998.28,41090.91
41974.77,41044.86
42022.13,41078.23
42083.3,41154.16
42074.45,41168.0
42002.97,41100.79
41971.5,41045.16
42021.97,41084.92
42079.19,41154.95
42076.78,41172.58
42013.34,41109.62
41984.35,41058.36
42032.88,41093.05
42100.05,41175.15
42078.68,41177.86
42014.89,41111.54
41997.7,41072.85
42047.74,41120.1
42107.13,41192.34
42085.09,41187.02
42020.56,41117.75
41991.33,41068.07
42042.45,41111.43
42096.92,41182.24
42080.84,41194.46
42014.17,41126.27
41984.62,41074.82
42036.77,41108.63
42097.03,41180.63
42091.48,41196.66
42038.73,41140.6
41999.13,41088.0
42032.99,41109.82
42102.32,41186.3
42101.3,41210.89
42027.22,41138.88
41990.95,41081.01
42039.18,41119.72
42092.69,41184.05
42100.94,41214.34
42031.76,41142.83
42005.97,41092.94
42060.59,41131.54
42128.41,41210.71
42115.8,41218.83
42052.55,41159.84
42012.89,41097.04
42058.14,41125.49
42125.28,41208.64
42108.16,41210.49
42046.31,41150.99
42024.92,41114.82
42064.11,41137.02
42139.7,41220.41
42114.62,41220.28
42044.23,41155.91
42018.6,41108.57
42045.75,41108.28
42111.16,41187.49
42117.39,41221.46
42044.37,41144.8
42013.45,41091.78
42062.43,41133.58
42100.94,41190.38
42091.3,41201.04
42034.0,41139.05
42001.86,41088.34
42044.77,41115.03
42119.52,41205.75
42115.51,41230.96
42053.71,41164.4
42013.03,41099.22
42054.16,41132.93
42110.75,41204.5
42101.59,41217.38
42031.96,41156.89
41993.03,41099.45
42043.92,41131.63
42107.45,41200.66
42096.65,41215.7
42028.41,41150.1
42007.91,41103.05
42060.46,41141.8
42115.85,41212.79
42106.89,41226.65
42037.62,41158.21
42011.29,41108.19
42052.79,41129.33
42120.61,41214.29
42116.41,41236.87
42039.56,41159.26
42009.66,41105.1
42054.0,41131.84
42109.66,41205.3
42121.41,41238.61
42055.05,41177.57
42016.18,41119.3
42066.14,41153.76
42118.46,41221.62
42113.5,41235.59
42054.87,41178.82
42027.45,41131.43
42070.68,41155.39
42121.5,41220.8
42121.39,41242.61
42064.55,41189.08
42023.0,41126.52
42064.89,41153.11
42132.12,41238.07
42113.17,41242.9
42054.98,41187.27
42025.59,41135.28
42074.45,41173.43
42149.62,41258.5
42146.05,41271.36
42078.83,41210.04
42040.25,41152.36
42074.99,41168.47
42153.87,41261.07
42138.36,41264.63
42074.77,41195.96
42032.52,41133.98
42079.13,41167.02
42138.04,41235.46
42135.9,41249.72
42074.5,41192.9
42034.58,41132.19
42082.14,41162.48
42146.25,41237.36
42144.68,41253.5
42087.71,41196.41
42058.02,41149.23
42088.63,41169.3
42142.56,41238.27
42137.26,41254.57
42076.98,41196.32
42041.39,41140.62
42079.75,41162.55
42138.67,41229.13
42136.7,41248.87
42080.82,41198.71
42045.51,41146.41
42071.14,41161.5
42125.79,41224.24
42148.1,41262.53
42084.55,41204.95
42042.89,41140.13
42074.5,41153.05
42130.24,41220.95
42135.0,41246.52
42068.84,41189.05
42036.21,41141.31
42076.18,41168.65
42131.43,41234.56
42144.08,41263.18
42071.05,41200.1
42017.16,41134.32
42064.44,41158.99
42132.23,41235.26
42126.42,41256.16
42064.21,41201.95
42028.48,41147.46
42052.91,41154.61
42118.2,41232.44
42134.89,41266.15
42079.46,41211.72
42029.13,41144.48
42062.47,41161.72
42128.07,41226.96
42136.52,41257.47
42078.07,41210.34
42032.7,41149.09
42056.39,41159.13
42123.11,41233.58
42129.04,41256.65
42078.79,41210.4
42036.45,41153.92
42055.36,41159.86
42108.14,41225.4
42119.27,41256.16
42056.62,41195.96
42027.65,41150.66
42048.93,41156.89
42102.08,41212.88
42116.59,41246.07
42061.91,41193.5
42024.59,41137.54
42061.04,41156.87
42111.87,41213.69
42121.7,41250.59
42053.35,41191.31
42021.41,41144.26
42062.65,41170.5
42106.53,41220.73
42120.59,41255.13
42096.74,41235.68
42031.65,41152.27
42047.5,41149.25
42097.36,41202.38
42114.51,41244.11
42060.35,41192.86
42014.64,41128.41
42040.3,41141.98
42105.9,41212.57
42117.82,41238.09
42067.81,41195.29
42027.31,41139.17
42053.09,41141.58
42108.36,41210.13
42105.72,41234.74
42061.69,41193.55
42030.0,41139.97
42064.55,41159.71
42111.73,41215.14
42126.31,41247.95
42069.85,41204.05
42032.1,41153.07
42048.84,41151.73
42114.91,41217.2
42132.97,41251.62
42078.63,41206.71
42023.31,41137.4
42055.16,41156.76
42105.14,41217.6
42124.57,41257.83
42071.7,41212.66
42026.8,41152.42
42037.82,41146.5
42107.96,41227.93
42128.52,41262.84
42061.46,41202.04
42009.39,41137.63
42029.53,41142.72
42084.91,41202.67
42099.91,41233.63
42057.31,41195.36
42014.08,41140.04
42021.86,41136.51
42079.75,41202.78
42103.09,41242.9
42043.25,41184.94
41997.09,41125.13
42002.91,41113.35
42069.78,41179.18
42100.98,41226.18
42055.9,41198.76
42010.68,41138.68
42024.25,41132.15
42077.02,41190.15
42096.74,41225.29
42042.94,41176.45
41989.94,41110.69
42010.68,41115.32
42069.51,41177.81
42093.23,41219.14
42041.42,41171.89
41993.29,41105.62
42020.68,41123.66
42092.4,41200.7
42098.53,41219.99
42039.76,41166.46
42002.23,41116.05
42024.03,41122.27
42085.23,41177.84
42091.29,41193.13
42044.37,41157.83
41990.72,41097.95
42015.46,41107.18
42080.04,41176.83
42103.96,41217.66
42054.8,41176.52
42002.66,41114.87
42017.46,41109.64
42075.28,41169.18
42079.71,41187.78
42030.64,41141.83
41991.66,41091.65
42004.04,41090.57
42074.45,41168.54
42097.63,41212.73
42035.02,41166.04
41987.28,41104.14
42001.59,41102.98
42059.68,41167.57
42081.79,41204.39
42035.58,41163.8
41976.57,41094.38
41999.39,41107.45
42053.89,41168.96
42064.15,41196.52
42027.18,41161.59
41978.72,41098.91
41990.59,41096.48
42043.83,41156.8
42058.85,41192.32
42004.47,41144.0
41953.57,41085.14
41975.08,41098.17
42047.36,41176.61
42069.47,41215.23
42015.06,41163.44
41946.98,41084.07
41946.18,41072.94
42014.08,41144.22
42044.79,41192.43
41998.99,41153.05
41950.73,41091.54
41965.38,41090.46
42028.14,41155.04
42044.39,41186.66
42006.82,41157.0
41951.68,41088.52
41952.75,41073.86
42035.61,41162.01
42072.66,41216.23
42025.19,41178.64
41967.77,41109.37
41972.24,41095.51
42034.82,41158.97
42065.51,41205.15
42023.76,41169.99
41974.36,41107.23
41982.41,41102.0
42042.82,41166.88
42066.63,41209.75
42025.03,41177.45
41969.94,41104.16
41967.03,41081.19
42030.46,41146.12
42059.84,41192.88
42014.64,41160.33
41965.49,41100.72
41969.55,41089.23
42022.93,41147.44
42049.38,41190.89
42004.8,41158.23
41968.17,41111.23
41972.35,41094.3
42040.12,41160.91
42065.09,41208.75
42023.91,41180.47
41968.84,41115.47
41974.0,41108.97
42030.78,41170.13
42066.81,41224.57
42022.48,41188.32
41959.09,41108.68
41962.05,41089.9
42026.64,41161.21
42060.13,41217.26
42011.55,41179.8
41967.32,41122.61
41986.61,41121.48
42036.5,41173.45
42070.77,41226.85
42034.96,41201.5
41972.82,41131.43
41979.95,41124.23
42046.07,41192.72
42071.52,41235.23
42040.14,41216.32
41982.48,41144.4
41975.32,41119.9
42035.29,41179.6
42062.14,41225.4
42019.8,41197.24
41966.96,41130.88
41965.73,41113.77
42034.67,41186.42
42057.46,41225.63
42018.44,41189.37
41957.26,41116.46
41954.85,41102.35
42014.13,41161.54
42054.65,41219.48
42027.85,41199.45
41967.43,41127.52
41961.42,41110.6
42019.8,41173.32
42064.75,41236.6
42012.92,41190.57
41968.13,41131.99
41984.69,41140.87
42043.63,41199.32
42067.46,41238.92
42019.51,41203.09
41978.5,41148.13
41981.45,41128.53
42011.51,41159.13
42050.94,41220.06
42018.84,41204.3
41974.77,41151.04
41972.46,41132.37
42033.71,41189.21
42071.3,41249.43
42029.97,41225.13
41978.61,41158.23
41982.52,41141.58
42030.98,41188.79
42063.75,41236.44
42039.74,41220.59
41968.46,41140.44
41984.98,41135.46
42037.77,41188.77
42067.52,41239.3
42033.19,41211.7
41965.04,41133.98
41952.9,41109.02
42019.4,41179.49
42051.36,41229.2
42026.98,41218.98
41966.54,41152.15
41968.44,41134.65
42017.1,41189.7
42058.36,41250.12
42022.82,41220.62
41962.0,41153.61
41956.79,41132.33
42008.49,41182.6
42062.25,41247.01
42032.97,41229.27
41961.89,41147.17
41947.2,41122.18
42004.47,41172.47
42041.64,41222.41
42011.58,41207.16
41964.41,41150.07
41961.84,41128.3
42017.77,41183.02
42049.13,41225.31
42009.95,41200.28
41956.88,41143.7
41971.9,41140.91
42031.31,41196.97
42057.04,41236.73
42027.11,41212.95
41967.48,41142.7
41966.89,41129.24
42019.24,41178.93
42049.73,41229.27
42016.16,41210.2
41966.96,41149.49
41961.38,41122.92
42004.98,41168.47
42057.33,41246.39
42034.67,41232.46
41976.29,41161.83
41967.99,41135.64
42021.9,41183.07
42052.37,41223.45
42026.33,41211.12
41976.48,41157.41
41965.76,41126.71
42028.3,41187.63
42069.2,41241.52
42029.08,41215.18
41964.66,41140.82
41965.06,41120.35
42022.86,41171.15
42056.17,41213.51
42022.55,41199.27
41966.49,41138.7
41956.21,41114.54
42003.53,41162.66
42046.38,41222.96
42023.69,41210.96
41965.6,41142.77
41962.74,41125.13
42008.96,41164.54
42044.5,41213.89
42016.2,41202.96
41964.35,41149.14
41949.17,41115.61
42005.57,41161.88
42050.67,41223.72
42023.54,41212.14
41969.04,41149.83
41961.02,41122.58
42021.17,41180.16
42060.91,41233.07
42023.65,41208.68
41961.55,41138.86
41959.03,41117.71
42015.0,41171.22
42054.25,41232.73
42045.39,41237.49
41982.48,41163.62
41960.35,41123.52
42015.31,41177.3
42057.67,41236.6
42025.66,41215.5
41962.43,41139.95
41967.43,41121.8
42024.32,41179.51
42067.57,41240.24
42046.11,41226.59
41975.9,41155.95
41967.16,41133.55
42035.58,41197.93
42082.88,41258.41
42037.64,41225.98
41984.75,41167.93
41965.76,41132.55
42018.51,41177.52
42079.19,41252.47
42056.97,41242.63
42012.02,41186.17
41983.5,41137.91
42032.3,41182.66
42074.05,41244.13
42050.74,41236.44
41986.48,41165.88
41969.18,41132.98
42030.15,41193.64
42076.58,41252.16
42055.63,41237.56
41997.18,41171.31
41971.72,41129.06
42029.3,41182.44
42076.58,41246.43
42056.91,41244.84
41995.86,41180.29
41974.61,41145.98
42031.74,41196.68
42075.1,41254.86
42045.06,41237.25
41990.14,41171.29
41976.75,41136.17
42024.21,41179.85
42066.9,41241.4
42051.07,41242.68
41997.74,41184.52
41982.12,41144.93
42022.42,41185.79
42054.18,41236.8
42045.08,41244.49
42003.13,41191.38
41972.73,41146.3
42035.27,41209.08
42075.26,41262.59
42063.32,41262.88
42001.7,41192.39
41983.13,41155.26
42046.29,41207.61
42095.55,41273.5
42065.16,41261.43
42005.79,41191.16
41981.52,41151.68
42031.34,41195.96
42083.21,41263.06
42057.11,41253.47
41997.9,41191.52
41967.61,41144.82
42019.29,41186.62
42077.87,41254.77
42059.81,41251.91
41984.93,41170.88
41959.21,41129.91
42009.43,41174.24
42066.41,41240.51
42048.95,41235.21
41977.31,41161.94
41957.4,41130.63
42019.42,41185.64
42072.71,41249.94
42058.61,41248.13
42004.78,41189.79
41981.92,41149.54
42034.11,41194.62
42076.49,41245.61
42062.83,41253.03
42002.17,41189.57
41971.61,41141.65
42031.09,41196.97
42067.01,41250.37
42043.94,41246.03
41990.45,41185.95
41971.39,41146.59
42021.03,41189.44
42070.36,41257.14
42062.43,41269.52
42005.27,41207.81
41984.62,41167.22
42033.21,41207.36
42071.21,41258.59
42058.29,41260.67
42000.96,41193.1
41990.86,41158.7
42039.34,41199.11
42082.05,41257.88
42059.7,41247.46
42013.84,41197.1
41990.75,41162.17
42019.24,41183.96
42075.46,41253.34
42070.63,41261.43
42017.01,41203.99
42003.06,41175.64
42035.2,41206.87
42075.73,41262.13
42065.24,41260.92
42005.52,41195.52
41963.7,41137.89
42007.73,41178.8
42067.57,41251.55
42050.47,41243.37
41996.11,41187.4
41966.29,41144.48
42025.59,41198.96
42072.38,41260.74
42063.81,41268.2
42004.94,41206.54
41978.41,41159.55
42023.07,41192.34
42067.41,41251.8
42049.73,41254.79
41999.33,41201.17
41987.66,41167.51
42024.59,41202.13
42069.31,41260.47
42056.86,41260.4
41985.49,41182.04
41961.33,41135.57
42011.8,41176.67
42074.16,41255.29
42066.25,41261.77
42011.58,41202.2
41976.75,41149.52
42025.95,41188.07
42083.1,41257.45
42063.32,41255.98
41998.21,41192.14
41979.55,41149.92
42019.4,41179.15
42073.4,41250.41
42066.18,41256.49
41999.93,41187.29
41973.76,41145.43
42022.2,41183.04
42067.37,41242.48
42047.68,41239.86
41994.61,41182.84
41971.01,41141.25
42010.86,41173.16
42067.73,41242.97
42068.57,41260.31
41998.12,41191.16
41964.71,41141.94
42002.97,41171.06
42072.78,41246.88
42067.81,41256.69
41994.66,41185.73
41964.13,41137.16
42002.35,41165.27
42066.54,41243.26
42062.05,41258.39
41995.39,41187.69
41966.07,41137.65
42007.66,41168.76
42063.34,41233.4
42055.23,41242.95
41990.48,41180.2
41962.61,41129.42
41995.46,41153.0
42056.01,41223.9
42051.18,41233.96
41989.58,41167.31
41975.05,41132.77
42001.63,41151.1
42048.17,41212.46
42043.92,41224.08
41987.77,41171.0
41963.97,41128.64
41997.7,41148.53
42054.54,41214.22
42045.6,41224.73
41982.65,41166.73
41947.03,41112.52
42000.22,41152.42
42060.71,41227.16
42044.59,41227.88
41998.08,41177.16
41966.58,41128.8
42007.51,41159.02
42054.34,41221.67
42054.56,41237.36
41983.93,41167.24
41955.72,41121.73
42002.93,41152.49
42063.05,41222.94
42045.29,41227.88
41999.71,41185.43
41964.64,41132.04
41985.71,41143.64
42039.07,41208.14
42043.32,41228.37
42001.7,41181.57
41969.11,41129.36
42000.22,41151.37
42050.36,41219.16
42055.81,41240.18
41999.24,41181.05
41968.46,41135.61
42007.78,41167.15
42065.31,41236.98
42052.04,41241.67
41985.25,41175.33
41938.49,41115.03
41970.29,41132.93
42042.69,41213.11
42051.57,41238.79
41990.41,41176.18
41946.31,41116.05
41980.98,41140.55
42047.05,41216.86
42046.65,41228.84
41997.79,41172.56
41962.94,41120.46
41982.25,41132.77
42040.14,41203.41
42046.51,41228.98
41979.55,41162.59
41942.96,41107.85
41982.05,41134.16
42040.95,41204.28
42036.88,41218.07
41979.46,41161.36
41943.61,41107.94
41986.75,41136.89
42037.68,41207.25
42027.22,41212.23
41971.5,41154.1
41940.77,41107.79
41979.01,41133.54
42025.08,41195.47
42019.78,41213.62
41963.95,41158.16
41930.26,41106.27
41968.15,41134.9
42036.7,41212.84
42041.15,41230.94
41985.02,41171.87
41939.94,41112.48
41967.99,41129.78
42031.96,41200.41
42036.25,41220.88
41988.6,41182.71
41946.06,41126.09
41979.95,41142.5
42043.05,41211.3
42044.34,41227.07
41977.51,41164.27
41946.49,41117.46
41982.39,41137.67
42028.74,41194.66
42035.67,41216.23
41976.3,41164.34
41924.45,41101.04
41946.51,41109.62
42023.09,41196.63
42022.78,41215.99
41966.58,41164.2
41925.23,41105.44
41948.52,41116.19
42017.39,41194.84
42022.66,41220.21
41959.32,41159.37
41928.05,41116.21
41960.1,41139.26
42024.41,41211.81
42013.23,41218.8
41946.73,41150.39
41928.12,41109.24
41966.72,41133.2
42022.29,41196.84
42024.05,41222.85
41960.77,41170.86
41926.06,41126.65
41943.41,41127.14
41998.86,41186.13
42024.65,41229.76
41969.29,41172.52
41927.47,41108.3
41948.23,41120.41
42011.46,41193.21
42018.24,41218.65
41961.2,41171.13
41920.27,41114.27
41940.61,41120.68
41998.73,41185.82
42027.74,41231.17
41974.61,41179.02
41930.75,41120.21
41949.64,41131.93
42007.0,41202.06
42032.48,41240.82
41966.29,41180.61
41919.98,41119.96
41966.65,41150.3
42034.49,41228.73
42027.31,41245.45
41958.13,41179.04
41911.46,41121.4
41944.43,41138.07
42016.81,41216.35
42042.54,41252.58
41987.77,41195.92
41940.23,41134.61
41958.63,41143.79
42020.03,41211.03
42042.36,41245.02
41985.49,41195.02
41942.67,41136.39
41963.9,41140.13
42019.85,41207.41
42035.2,41243.39
41985.49,41194.22
41938.98,41136.37
41962.07,41143.44
42023.56,41212.95
42028.5,41235.43
41973.04,41178.77
41932.65,41126.49
41962.98,41143.32
42025.17,41209.6
42042.63,41243.13
41986.59,41192.41
41947.32,41142.41
41966.0,41145.69
42032.59,41214.67
42048.59,41246.37
41992.46,41201.64
41944.84,41139.34
41962.27,41141.47
42026.13,41208.9
42040.07,41238.86
41987.91,41187.65
41947.41,41128.28
41963.23,41133.11
42030.06,41204.86
42042.58,41233.45
41999.66,41202.46
41954.78,41143.14
41964.75,41137.22
42022.08,41201.89
42039.96,41240.13
41988.82,41195.0
41939.11,41130.63
41976.08,41154.23
42027.83,41218.16
42039.32,41251.3
41997.38,41216.08
41964.39,41166.79
41976.62,41166.19
42021.82,41213.04
42046.45,41252.58
41996.54,41208.93
41937.04,41130.96
41974.63,41148.09
42038.55,41219.32
42069.27,41268.79
42025.95,41228.86
41961.8,41149.4
41968.84,41142.59
42041.3,41221.91
42052.41,41254.64
42010.01,41219.01
41961.35,41155.19
41977.94,41160.76
42031.29,41221.67
42051.86,41259.57
42011.29,41225.18
41959.95,41157.79
41982.03,41160.65
42044.77,41223.79
42061.8,41262.75
42016.56,41228.35
41969.71,41170.48
41977.49,41164.18
42044.97,41238.65
42061.13,41274.2
42007.0,41230.45
41953.8,41162.28
41980.46,41170.95
42041.17,41237.56
42059.12,41272.7
42022.2,41238.3
41968.33,41169.01
41975.86,41163.93
42037.89,41229.63
42058.63,41268.09
42021.95,41238.3
41977.87,41179.8
41972.71,41161.9
42030.51,41229.94
42057.82,41280.07
42020.85,41248.38
41957.0,41169.86
41963.7,41159.71
42023.27,41223.86
42054.92,41270.89
42013.19,41236.93
41958.45,41170.17
41968.71,41165.59
42032.86,41232.06
42056.37,41273.25
42021.08,41239.73
41959.12,41167.33
41964.21,41159.53
42015.29,41214.87
42043.59,41263.69
42005.77,41235.97
41961.31,41181.1
41971.86,41171.11
42027.45,41225.24
42046.0,41258.46
42003.24,41225.29
41949.15,41162.25
41965.69,41171.22
42028.3,41235.08
42051.72,41274.82
42010.28,41238.43
41957.53,41170.32
41975.82,41170.91
42024.07,41225.02
42048.3,41271.2
42006.84,41237.49
41949.57,41166.52
41970.61,41165.68
42034.64,41227.12
42057.67,41267.89
42017.77,41234.0
41959.34,41169.95
41965.85,41163.95
42034.51,41232.91
42069.42,41282.8
42024.34,41245.02
41971.46,41177.23
41979.35,41167.78
42037.26,41231.37
42067.61,41278.02
42026.87,41246.43
41972.48,41179.96
41977.47,41171.11
42035.61,41226.92
42073.13,41276.65
42033.26,41247.04
41964.66,41169.9
41974.32,41163.89
42020.34,41213.98
42051.83,41260.85
42024.54,41241.16
41967.99,41171.8
41980.64,41167.06
42032.48,41217.98
42068.86,41270.24
42027.89,41238.09
41973.98,41168.92
41976.64,41157.25
42040.95,41222.34
42069.58,41269.34
42025.43,41236.31
41959.45,41158.59
41953.2,41137.27
42021.68,41209.35
42060.48,41268.23
42014.48,41229.71
41971.16,41174.73
41977.76,41165.65
42021.68,41210.67
42059.34,41269.28
42018.28,41236.91
41951.79,41154.93
41947.11,41132.66
42007.71,41199.76
42046.11,41259.04
42009.19,41234.34
41962.83,41172.83
41971.37,41161.34
42023.98,41211.68
42056.95,41260.71
42012.45,41232.02
41955.86,41167.08
41962.4,41156.51
42019.96,41213.62
42059.01,41267.53
42033.77,41246.79
41979.52,41179.27
41975.52,41158.99
42019.6,41204.32
42057.22,41259.42
42021.23,41233.11
41965.24,41164.22
41971.05,41146.97
42037.57,41211.21
42061.13,41255.8
42028.99,41229.82
41971.84,41160.96
41981.74,41152.29
42042.36,41208.43
42073.56,41262.05
42040.68,41242.52
41976.22,41167.33
41965.69,41143.79
42037.91,41211.63
42065.78,41255.89
42021.25,41222.18
41964.93,41159.53
41976.75,41153.0
42034.93,41207.85
42061.45,41250.9
42036.03,41238.65
41962.45,41157.79
41944.1,41124.46
42012.34,41193.95
42047.3,41250.3
42022.46,41237.54
41960.35,41159.66
41970.76,41145.85
42028.52,41197.44
42064.06,41246.03
42032.16,41227.59
41967.59,41161.56
41955.96,41137.07
42024.41,41202.78
42064.13,41255.48
42023.2,41222.05
41972.71,41161.47
41979.01,41149.61
42038.0,41204.7
42088.8,41265.88
42048.95,41240.84
41977.63,41162.95
41974.79,41145.54
42033.01,41205.26
42066.59,41253.38
42019.51,41217.53
41963.05,41152.87
41961.62,41130.25
42028.01,41196.99
42061.71,41250.32
42026.06,41225.54
41981.11,41167.98
41972.28,41139.26
42032.07,41200.54
42064.93,41250.7
42043.52,41239.5
41981.05,41162.99
41970.18,41140.82
42017.28,41190.6
42060.55,41249.65
42037.46,41236.13
41980.22,41163.11
41979.91,41144.46
42030.87,41195.98
42069.16,41250.32
42047.63,41243.26
41984.15,41169.03
41982.92,41147.19
42041.91,41200.54
42084.6,41257.45
42046.91,41234.54
41992.11,41170.14
41975.93,41138.86
42033.06,41195.14
42086.81,41257.83
42061.15,41241.05
41985.52,41161.86
41978.09,41134.76
42036.23,41184.5
42071.43,41233.63
42043.14,41220.01
41998.86,41166.04
41998.32,41151.48
42042.73,41198.44
42073.56,41245.76
42042.78,41224.5
41991.5,41164.34
41971.61,41133.04
42028.41,41187.2
42068.3,41234.65
42052.53,41226.07
41983.79,41149.23
41974.77,41128.97
42044.03,41200.39
42094.59,41266.64
42045.62,41235.35
41982.03,41164.63
41977.87,41139.82
42031.25,41192.23
42073.2,41246.12
42050.69,41235.3
42008.29,41182.17
41994.1,41146.9
42035.81,41185.28
42087.11,41252.73
42058.02,41238.41
41999.17,41167.78
41978.79,41135.9
42022.75,41186.57
42061.67,41243.44
42048.86,41241.34
41978.16,41166.23
41961.35,41132.91
42023.18,41187.25
42065.73,41244.91
42048.01,41239.95
41990.41,41176.94
41980.11,41144.93
42037.66,41199.02
42080.76,41259.93
42052.66,41245.07
41987.15,41172.27
41973.76,41139.88
42017.88,41180.52
42068.8,41239.17
42054.22,41236.2
41988.98,41167.75
41985.85,41146.34
42034.71,41191.87
42069.0,41246.14
42054.61,41240.87
41993.54,41172.18
41967.88,41134.9
42016.03,41179.54
42070.09,41247.33
42058.11,41246.57
41981.27,41160.38
41962.29,41128.73
42026.4,41187.83
42069.16,41246.07
42050.02,41236.4
42009.61,41182.8
42000.36,41158.03
42049.17,41201.73
42087.02,41255.08
42054.74,41241.29
41992.63,41177.93
41984.15,41145.74
42040.93,41195.96
42082.07,41249.47
42064.06,41241.74
42016.45,41184.0
41991.95,41139.97
42035.79,41179.2
42092.2,41246.32
42073.09,41243.3
42012.92,41176.96
41993.11,41143.95
42045.66,41192.88
42092.09,41257.81
42077.05,41257.09
42013.99,41186.33
41998.9,41153.2
42042.2,41191.27
42090.84,41252.22
42075.19,41252.45
42023.27,41198.42
41999.02,41160.71
42037.66,41197.04
42086.32,41256.11
42072.53,41256.47
42013.61,41191.89
41999.38,41158.61
42043.72,41201.1
42081.09,41252.6
42067.61,41249.92
42009.75,41179.98
41981.27,41126.11
42026.62,41165.54
42084.94,41239.13
42056.64,41229.98
42007.62,41181.1
41980.73,41139.61
42029.26,41181.25
42078.19,41244.76
42057.06,41238.03
42007.44,41177.97
41997.9,41148.87
42031.7,41181.61
42082.81,41244.87
42070.5,41247.08
42015.6,41189.97
42001.25,41153.43
42035.05,41176.05
42089.77,41244.98
42086.12,41253.94
42017.99,41180.07
42010.57,41156.06
42054.05,41192.77
42096.89,41249.11
42077.8,41242.3
42010.82,41170.3
41985.56,41127.9
42040.12,41169.86
42086.79,41233.42
42078.92,41248.0
42028.12,41199.38
42002.08,41157.85
42027.85,41177.07
42088.2,41250.21
42077.29,41248.15
42019.38,41185.39
41997.18,41150.57
42037.73,41183.67
42091.6,41250.43
42073.2,41246.21
42016.54,41187.09
41992.96,41145.89
42045.78,41188.77
42102.21,41252.73
42080.51,41242.83
42011.27,41174.35
41989.34,41132.93
42046.31,41179.29
42101.34,41252.94
42088.63,41259.53
42020.05,41188.92
41987.08,41141.13
42034.71,41184.74
42086.39,41239.14
42068.64,41228.75
42015.27,41178.82
41984.98,41139.7
42044.05,41207.32
42103.55,41271.67
42085.54,41255.46
42021.5,41183.22
41992.85,41140.84
42042.04,41181.75
42094.35,41248.67
42083.62,41259.55
42027.38,41199.34
42010.46,41161.21
42049.4,41192.41
42094.55,41246.19
42084.82,41253.59
42028.52,41200.54
41993.9,41153.41
42025.5,41176.27
42081.61,41247.35
42076.96,41262.57
42008.05,41191.98
41985.14,41146.39
42036.1,41185.73
42085.05,41251.48
42073.67,41257.54
42001.68,41176.29
41970.9,41128.04
42031.56,41183.38
42087.39,41251.35
42083.46,41262.64
42018.3,41192.18
41986.81,41145.07
42031.74,41183.94
42089.88,41256.58
42080.09,41268.56
42005.03,41194.33
41961.15,41134.34
42020.45,41183.4
42082.1,41264.31
42072.44,41271.2
42016.94,41220.48
41983.08,41172.79
42037.35,41207.36
42087.17,41268.09
42072.08,41279.51
42013.63,41220.17
41972.75,41165.07
42007.55,41186.78
42072.78,41261.48
42071.32,41278.78
42009.05,41216.88
41976.84,41167.71
42021.52,41199.36
42074.61,41261.9
42064.62,41272.54
42005.14,41214.69
41963.32,41155.1
42016.72,41195.25
42071.05,41258.26
42061.13,41260.38
42004.76,41205.84
41971.07,41161.18
42013.7,41192.43
42085.74,41277.61
42080.33,41284.63
42013.52,41216.01
41977.45,41164.04
42040.32,41212.88
42098.75,41285.3
42082.43,41289.32
42021.75,41226.88
41969.76,41163.04
42001.21,41184.47
42069.85,41256.67
42081.43,41289.84
42017.46,41234.07
41967.86,41171.09
42008.58,41201.75
42074.68,41275.63
42071.14,41285.32
42007.73,41219.99
41969.91,41165.39
42009.3,41191.16
42071.26,41259.89
42080.0,41282.8
42016.36,41219.95
41968.33,41161.72
41999.78,41190.82
42071.21,41271.6
42066.41,41278.26
42010.8,41219.19
41981.25,41174.57
42012.34,41200.9
42062.0,41261.57
42073.22,41289.1
42017.55,41234.95
41983.04,41181.88
42020.25,41203.59
42076.35,41277.61
42077.36,41294.24
42009.27,41220.04
41975.82,41171.82
42011.71,41199.56
42063.23,41258.12
42068.73,41283.94
42006.62,41226.32
41978.99,41179.76
42000.78,41192.68
42068.75,41279.04
42091.24,41318.18
42037.44,41258.21
41993.11,41199.7
42027.11,41218.76
42081.11,41281.28
42076.18,41294.09
42018.02,41236.48
41981.29,41178.71
42019.63,41203.9
42088.76,41281.57
42089.54,41299.65
42041.71,41254.19
41988.09,41191.34
42016.25,41208.46
42062.43,41265.95
42075.95,41296.63
42020.79,41245.47
41979.91,41191.11
42021.52,41221.73
42079.46,41279.49
42078.32,41296.21
42022.22,41244.58
41979.75,41184.63
42011.71,41196.72
42070.95,41260.04
42083.37,41292.03
42020.96,41234.27
41980.93,41173.45
42020.38,41197.97
42075.19,41271.54
42080.02,41295.7
42022.91,41237.38
41981.8,41178.15
41997.99,41178.86
42066.16,41250.9
42073.83,41279.8
42022.26,41232.33
41991.39,41183.0
42019.27,41199.98
42096.58,41283.27
42134.82,41332.55
42081.72,41284.16
42057.11,41242.83
42099.64,41271.85
42165.69,41340.71
42192.83,41381.14
42169.0,41358.13
42159.77,41330.41
42181.32,41342.93
42238.96,41407.19
42270.99,41452.34
42220.99,41404.26
42162.16,41335.62
42205.99,41363.78
42287.82,41446.55
42291.38,41470.4
42239.68,41429.65
42198.93,41373.39
42219.79,41374.51
42262.48,41417.11
42264.53,41444.04
42218.09,41399.14
42191.24,41353.21
42229.84,41377.28
42284.61,41439.51
42280.76,41461.68
42230.22,41411.05
42197.34,41360.18
42219.38,41367.0
42277.38,41434.16
42296.68,41467.89
42260.2,41425.58
42207.33,41361.01
42229.77,41373.79
42275.55,41427.68
42284.98,41453.23
42229.02,41400.75
42186.75,41343.66
42215.38,41361.16
42278.9,41432.78
42289.61,41460.65
42239.23,41413.96
42195.22,41354.57
42213.55,41354.57
42271.53,41412.28
42294.15,41450.93
42241.98,41413.15
42192.54,41343.24
42216.66,41350.08
42281.12,41423.68
42299.38,41457.23
42254.65,41421.0
42216.5,41367.91
42237.33,41366.02
42287.69,41419.26
42296.59,41447.49
42257.83,41415.52
42217.26,41355.69
42247.14,41363.55
42289.39,41417.91
42292.92,41444.56
42244.53,41402.45
42188.92,41337.56
42206.86,41351.33
42266.21,41419.84
42299.04,41464.07
42257.67,41421.34
42191.17,41335.04
42220.1,41350.79
42277.86,41412.84
42292.02,41440.85
42244.82,41399.14
42195.24,41349.43
42212.18,41344.0
42271.71,41397.39
42299.4,41444.0
42255.66,41399.18
42196.25,41321.58
42204.47,41316.55
42275.84,41391.92
42318.0,41452.27
42249.89,41395.5
42158.09,41283.29
42152.37,41264.14
42193.32,41314.18
42168.44,41307.61
42103.78,41246.75
42024.39,41156.73
41996.09,41124.28
42037.5,41169.63
42035.63,41202.55
41976.3,41144.17
41914.28,41056.55
41923.58,41047.14
41984.53,41113.33
42007.98,41153.2
41973.73,41122.69
41922.44,41063.86
41953.98,41086.82
42029.79,41169.63
42039.72,41189.52
41995.55,41149.65
41960.35,41099.38
41981.27,41108.52
42049.93,41183.31
42074.59,41219.99
42033.57,41191.8
41986.05,41134.94
42001.77,41136.57
42074.68,41216.62
42098.77,41254.25
42054.47,41207.32
41991.73,41134.67
41994.46,41132.91
42046.38,41188.16
42083.68,41240.42
42048.19,41215.03
42011.36,41163.55
42031.47,41164.11
42079.48,41209.35
42090.46,41243.71
42039.59,41208.28
41998.95,41152.18
42010.97,41147.3
42076.4,41226.41
42096.18,41267.33
42052.95,41225.98
42022.98,41169.21
42032.3,41164.45
42087.17,41226.36
42108.25,41270.04
42044.08,41214.07
41991.53,41144.0
42023.74,41162.55
42082.54,41223.52
42100.83,41258.93
42056.1,41216.13
41985.58,41137.11
41987.84,41130.92
42058.52,41206.04
42085.99,41248.98
42050.8,41218.65
42001.25,41156.4
42006.3,41146.79
42084.09,41224.17
42097.18,41256.67
42056.17,41225.02
42013.48,41167.98
42015.73,41152.71
42060.15,41201.98
42093.32,41262.37
42051.25,41234.52
42011.96,41173.34
42020.23,41158.75
42070.36,41211.32
42098.93,41259.38
42069.91,41239.26
42016.11,41163.55
42020.18,41148.13
42077.58,41209.2
42106.68,41255.26
42059.48,41216.68
42008.31,41150.07
42014.21,41128.73
42071.37,41188.96
42099.18,41238.7
42053.13,41196.45
41994.21,41123.79
42016.11,41129.45
42080.46,41197.37
42100.8,41239.88
42060.82,41207.38
42013.63,41144.51
42011.42,41129.29
42066.83,41188.16
42105.41,41242.81
42070.7,41210.45
42016.5,41150.03
42019.89,41139.1
42069.25,41193.86
42096.34,41234.41
42061.76,41210.83
42007.46,41146.61
42016.45,41139.12
42073.56,41196.84
42083.5,41231.05
42037.28,41197.84
41970.96,41118.89
41998.28,41127.14
42065.04,41193.21
42105.57,41253.88
42062.25,41219.81
42004.09,41148.66
42010.75,41139.52
42076.91,41209.55
42096.74,41244.06
42049.55,41199.81
42005.92,41139.64
42013.41,41137.16
42071.37,41201.93
42091.29,41239.13
42051.54,41215.05
41996.11,41152.71
42000.34,41137.22
42047.56,41185.68
42075.61,41239.7
42048.46,41218.36
41988.98,41149.4
41989.02,41140.24
42051.3,41203.07
42090.99,41259.62
42053.44,41230.0
41989.74,41156.38
41997.0,41151.97
42056.39,41211.27
42078.79,41248.6
42052.93,41236.2
42000.18,41171.87
41998.88,41153.27
42053.15,41216.17
42076.98,41264.63
42043.16,41242.21
41985.16,41174.15
41997.03,41171.66
42048.28,41227.88
42071.77,41269.95
42039.25,41252.45
41987.39,41189.21
41986.25,41166.93
42037.46,41217.44
42063.16,41260.34
42037.89,41244.0
41975.41,41168.22
41966.18,41150.32
42019.0,41208.25
42057.2,41262.68
42037.66,41254.32
41977.54,41184.94
41974.52,41163.13
42035.56,41222.67
42084.33,41288.19
42058.79,41276.03
41987.1,41196.43
41968.59,41166.97
42032.52,41230.34
42081.63,41289.82
42037.59,41257.32
41976.48,41191.18
41982.68,41176.23
42062.61,41251.02
42090.66,41297.73
42045.51,41271.51
41974.27,41194.93
41974.36,41174.13
42034.49,41230.45
42079.3,41289.59
42028.59,41246.32
41978.43,41183.89
41961.46,41148.8
42034.87,41214.47
42082.37,41281.39
42051.43,41273.41
41982.7,41202.73
41973.8,41174.73
42034.6,41220.71
42077.29,41276.56
42052.41,41256.07
41973.22,41175.33
41970.16,41153.14
42038.11,41220.95
42077.27,41284.97
42044.19,41260.4
41981.11,41189.37
41970.05,41159.06
42029.53,41217.75
42067.19,41265.63
42041.08,41247.71
41997.99,41198.82
41976.46,41170.08
42021.01,41213.04
42065.33,41269.84
42033.21,41247.5
41976.17,41181.48
41966.94,41155.73
42020.99,41207.99
42066.79,41269.34
42033.77,41255.2
41983.59,41201.06
41992.58,41187.13
42038.42,41220.73
42080.4,41271.54
42060.84,41262.73
41992.18,41183.67
41987.17,41163.38
42038.4,41218.09
