25307.34,35450.98
25344.11,35489.47
25359.48,35520.0
25341.4,35513.79
25305.39,35476.8
25290.95,35454.65
25335.37,35488.55
25358.3,35514.89
25342.81,35506.1
25308.68,35467.03
25297.21,35453.4
25336.01,35494.68
25354.92,35522.69
25345.74,35515.76
25319.94,35478.45
25312.86,35461.27
25346.88,35500.0
25363.33,35531.32
25340.89,35520.79
25304.54,35478.21
25301.19,35459.23
25346.5,35493.94
25366.77,35521.91
25352.53,35519.07
25320.64,35487.77
25306.73,35469.85
25334.67,35500.4
25362.72,35529.91
25354.37,35521.08
25323.36,35483.24
25309.42,35464.13
25347.68,35502.93
25366.41,35530.18
25345.63,35520.41
25308.16,35478.74
25306.15,35461.78
25348.31,35492.51
25370.26,35521.44
25357.05,35521.08
25321.35,35486.72
25305.04,35466.5
25338.63,35498.55
25370.37,35530.64
25366.68,35525.93
25338.63,35492.87
25328.41,35476.75
25368.31,35519.16
25383.29,35551.75
25362.12,35541.04
25333.18,35506.82
25326.83,35486.9
25372.47,35521.23
25381.63,35541.71
25372.98,35545.15
25342.38,35513.5
25321.69,35488.55
25353.43,35518.73
25377.01,35549.2
25374.48,35547.74
25342.59,35509.52
25319.23,35480.78
25344.46,35508.61
25369.59,35544.66
25358.9,35539.92
25338.96,35506.86
25335.08,35493.03
25365.85,35523.83
25382.42,35551.16
25376.61,35551.32
25339.46,35512.81
25325.22,35496.04
25359.69,35526.64
25395.22,35562.03
25390.98,35561.47
25356.22,35521.05
25338.29,35493.52
25375.02,35528.48
25395.92,35562.07
25380.16,35551.48
25350.03,35511.36
25340.24,35494.99
25368.96,35524.25
25384.94,35554.52
25372.6,35554.67
25340.53,35511.91
25341.36,35493.0
25381.61,35532.77
25394.69,35560.15
25383.89,35562.63
25346.72,35523.52
25327.07,35495.24
25365.34,35522.82
25391.2,35553.33
25384.12,35552.88
25349.49,35516.5
25329.91,35495.64
25352.06,35516.56
25379.98,35547.83
25381.39,35551.07
25348.58,35511.47
25337.13,35492.25
25366.9,35526.06
25380.76,35553.29
25373.21,35549.53
25348.22,35508.79
25335.61,35487.35
25368.29,35520.9
25390.51,35551.48
25379.55,35552.53
25344.89,35515.71
25336.51,35496.83
25366.84,35522.4
25385.12,35548.84
25383.2,35552.84
25353.07,35517.1
25338.23,35496.31
25368.58,35527.67
25390.26,35559.77
25382.51,35559.14
25350.83,35515.42
25348.46,35497.79
25383.06,35530.82
25401.91,35561.31
25391.04,35560.3
25355.62,35521.37
25341.54,35497.27
25375.0,35527.87
25392.92,35558.03
25379.71,35556.02
25343.93,35517.55
25327.56,35491.13
25362.03,35518.46
25397.3,35559.95
25389.35,35563.08
25353.83,35523.45
25340.46,35503.04
25376.67,35535.56
25401.75,35570.43
25392.27,35573.54
25360.6,35534.31
25351.15,35509.07
25386.17,35535.99
25409.31,35566.0
25409.31,35579.66
25379.33,35546.25
25359.91,35521.55
25389.26,35551.23
25410.15,35583.53
25398.82,35579.75
25365.85,35539.32
25355.79,35523.45
25389.14,35556.42
25406.62,35581.76
25395.92,35579.37
25370.41,35545.71
25349.16,35512.99
25381.79,35539.7
25408.46,35571.19
25399.11,35575.57
25373.28,35546.31
25358.23,35523.54
25383.78,35547.12
25409.87,35581.09
25398.87,35577.16
25368.09,35543.95
25353.76,35518.04
25385.23,35541.26
25408.61,35575.84
25399.27,35577.29
25368.83,35541.33
25347.95,35510.5
25378.24,35533.71
25404.75,35567.3
25399.9,35573.34
25370.93,35542.13
25357.38,35521.88
25384.58,35542.58
25406.62,35571.84
25406.53,35581.74
25376.47,35547.21
25357.07,35518.42
25390.08,35546.98
25411.54,35580.31
25408.08,35588.65
25383.94,35560.37
25367.91,35534.49
25400.81,35561.47
25417.04,35585.85
25408.77,35587.13
25383.71,35556.55
25368.83,35530.6
25400.43,35559.3
25420.1,35585.81
25413.06,35586.97
25378.55,35547.09
25358.23,35519.78
25381.88,35543.54
25407.85,35577.38
25408.37,35586.68
25378.57,35550.96
25355.21,35519.96
25381.16,35539.74
25402.94,35567.28
25396.81,35569.18
25364.78,35533.26
25348.11,35509.12
25380.65,35536.7
25403.81,35568.06
25407.03,35580.67
25378.73,35553.91
25358.9,35526.15
25383.67,35544.32
25411.83,35578.43
25411.12,35591.15
25374.5,35551.81
25351.71,35516.72
25375.62,35535.76
25405.46,35575.01
25402.67,35581.14
25377.66,35550.45
25358.39,35520.74
25390.31,35545.57
25411.92,35575.5
25407.52,35581.16
25374.46,35546.74
25353.67,35521.75
25380.16,35545.82
25408.14,35581.65
25406.8,35586.57
25374.95,35551.32
25356.62,35524.25
25385.19,35550.29
25411.61,35585.52
25411.07,35595.89
25378.73,35558.81
25356.22,35525.3
25380.65,35544.61
25406.73,35579.75
25405.53,35591.87
25375.31,35556.91
25355.88,35524.95
25384.41,35545.55
25413.96,35582.05
25410.29,35588.76
25381.7,35553.67
25365.81,35530.8
25386.39,35545.48
25411.88,35578.3
25410.63,35586.88
25388.54,35555.72
25367.26,35525.23
25396.03,35552.13
25422.36,35587.95
25422.83,35602.86
25391.02,35568.69
25373.34,35538.71
25400.16,35556.8
25422.07,35583.11
25426.03,35598.23
25396.41,35564.3
25376.34,35537.82
25395.67,35552.64
25427.46,35587.73
25426.9,35599.27
25396.1,35568.6
25374.33,35536.77
25400.83,35555.43
25427.01,35587.51
25427.97,35600.25
25394.75,35564.22
25376.02,35537.89
25402.49,35557.11
25436.69,35598.73
25434.27,35608.09
25400.86,35571.48
25374.84,35537.17
25394.64,35549.8
25422.2,35588.6
25418.83,35598.23
25390.8,35564.66
25366.68,35534.04
25400.48,35559.01
25423.52,35589.86
25420.32,35598.75
25386.15,35561.33
25366.08,35534.29
25387.42,35549.09
25417.11,35581.76
25417.6,35593.52
25383.8,35559.07
25361.27,35526.51
25383.4,35540.01
25410.89,35574.43
25417.93,35590.77
25394.71,35563.28
25371.08,35529.3
25392.99,35546.74
25420.48,35585.94
25417.64,35594.86
25400.14,35570.81
25378.71,35538.51
25399.78,35557.45
25428.69,35591.15
25429.09,35601.84
25399.61,35573.34
25374.17,35540.93
25397.68,35558.81
25424.79,35589.83
25426.67,35598.1
25396.95,35567.39
25378.51,35540.68
25394.64,35549.93
25423.12,35581.88
25427.86,35601.61
25394.22,35571.13
25370.08,35537.51
25391.31,35552.26
25414.0,35583.06
25419.7,35599.09
25394.67,35571.64
25374.44,35544.21
25397.41,35561.73
25422.16,35596.34
25419.59,35607.31
25388.76,35570.68
25365.59,35534.87
25381.39,35546.07
25411.54,35584.33
25417.67,35604.83
25393.68,35577.81
25370.48,35541.06
25390.11,35552.48
25418.43,35588.38
25419.9,35600.49
25391.36,35570.52
25360.82,35533.13
25385.66,35552.13
25418.69,35589.23
25425.78,35604.38
25398.55,35574.05
25372.0,35535.32
25393.77,35550.07
25423.52,35585.32
25431.9,35603.15
25402.73,35574.61
25377.59,35541.13
25394.55,35550.2
25427.19,35588.65
25424.37,35597.34
25389.41,35565.58
25369.41,35535.63
25387.31,35545.02
25417.69,35580.2
25420.06,35592.22
25392.1,35566.52
25369.9,35538.33
25388.0,35550.96
25421.42,35589.88
25428.66,35608.34
25402.44,35578.9
25378.75,35543.72
25395.94,35556.06
25427.72,35593.81
25430.81,35610.44
25395.58,35576.6
25368.94,35540.59
25389.03,35551.1
25417.89,35589.63
25419.61,35604.03
25395.74,35578.48
25368.87,35539.83
25384.76,35546.27
25415.38,35580.15
25421.38,35597.23
25392.97,35573.31
25369.21,35540.3
25384.32,35550.29
25417.33,35590.59
25429.04,35609.86
25400.37,35579.48
25367.29,35538.13
25396.01,35561.09
25430.12,35604.03
25434.25,35620.66
25407.16,35592.87
25382.69,35555.68
25398.69,35567.26
25427.57,35602.02
25432.89,35617.97
25404.77,35590.41
25371.62,35551.97
25392.23,35564.38
25427.03,35600.94
25426.88,35612.32
25397.37,35582.1
25371.49,35547.86
25390.91,35557.36
25422.56,35593.61
25429.42,35611.09
25397.73,35580.8
25375.38,35553.55
25396.28,35565.4
25429.49,35603.29
25431.05,35618.73
25403.32,35592.49
25369.83,35549.4
25387.0,35555.48
25431.93,35601.88
25438.5,35623.74
25407.54,35596.34
25381.12,35563.86
25397.15,35570.7
25428.3,35605.43
25432.35,35622.02
25400.72,35594.21
25379.31,35559.55
25397.08,35565.18
25422.98,35600.18
25421.76,35610.86
25394.26,35585.65
25372.25,35555.45
25389.75,35563.61
25421.42,35601.23
25431.32,35620.92
25400.63,35591.46
25367.91,35551.41
25380.25,35556.37
25419.21,35601.66
25424.08,35618.69
25394.8,35591.75
25368.02,35555.07
25382.33,35560.55
25421.38,35601.37
25435.9,35624.66
25406.58,35595.02
25374.46,35554.54
25385.84,35562.65
25423.97,35606.39
25428.37,35620.83
25397.41,35591.08
25362.08,35549.51
25370.93,35550.27
25404.28,35593.21
25416.75,35619.98
25391.76,35593.14
25365.45,35556.35
25383.06,35559.48
25416.46,35599.8
25425.71,35623.45
25402.44,35603.31
25369.7,35562.9
25378.3,35561.94
25408.97,35598.77
25412.75,35618.96
25392.7,35599.2
25367.98,35559.75
25375.91,35557.33
25406.53,35594.44
25416.68,35620.16
25389.44,35595.35
25353.45,35552.3
25362.3,35553.13
25396.19,35590.7
25403.43,35611.04
25372.02,35584.42
25343.21,35546.22
25350.97,35542.78
25381.93,35579.84
25386.57,35596.58
25363.95,35571.05
25338.81,35536.61
25347.39,35534.0
25380.58,35574.66
25391.6,35601.25
25366.3,35579.21
25339.75,35545.11
25347.88,35541.95
25374.35,35575.77
25388.03,35602.15
25366.59,35581.14
25338.09,35542.43
25347.5,35540.86
25381.46,35579.24
25389.77,35604.23
25357.88,35574.61
25330.76,35538.78
25338.94,35539.56
25377.3,35582.37
25389.79,35610.04
25370.79,35591.48
25342.99,35551.88
25351.59,35552.24
25377.52,35584.27
25389.05,35607.42
25373.97,35593.34
25345.16,35551.48
25349.65,35543.27
25389.66,35590.44
25399.47,35613.88
25366.68,35586.19
25341.45,35548.06
25347.44,35545.4
25382.04,35585.59
25389.95,35604.38
25365.16,35580.76
25335.9,35543.5
25343.32,35540.37
25379.04,35580.71
25387.96,35601.03
25366.97,35581.7
25334.29,35542.04
25343.12,35541.91
25376.83,35578.52
25387.31,35603.89
25366.86,35582.95
25334.07,35541.95
25342.47,35543.7
25382.28,35588.18
25395.0,35611.02
25371.31,35591.4
25343.3,35556.06
25352.0,35554.25
25389.21,35593.32
25397.12,35609.52
25374.73,35587.2
25348.22,35552.1
25352.35,35543.12
25385.28,35579.93
25395.16,35604.72
25373.81,35588.34
25346.12,35552.35
25352.38,35547.52
25384.5,35582.16
25395.11,35601.66
25376.11,35585.52
25343.86,35544.32
25344.13,35535.72
25379.02,35575.01
25388.88,35598.97
25371.78,35583.06
25345.94,35549.98
25353.29,35546.07
25392.92,35588.36
25402.0,35606.73
25376.87,35587.8
25344.96,35549.33
25348.62,35541.26
25387.2,35580.98
25401.57,35604.14
25377.66,35585.94
25350.83,35553.76
25352.42,35547.16
25384.7,35584.98
25397.3,35608.61
25376.67,35591.87
25350.95,35558.45
25351.53,35548.79
25389.59,35588.34
25402.22,35614.33
25379.58,35595.35
25349.58,35554.65
25352.11,35547.34
25392.27,35591.2
25403.67,35617.75
25382.19,35599.91
25358.66,35565.8
25364.0,35560.02
25402.55,35599.11
25413.11,35622.55
25396.45,35610.02
25369.32,35571.21
25371.26,35560.17
25401.04,35595.62
25417.87,35627.63
25397.37,35611.56
25360.67,35565.25
25357.12,35550.58
25395.0,35590.01
25404.81,35614.02
25385.01,35596.7
25353.83,35554.32
25359.69,35548.14
25396.05,35588.4
25406.31,35614.33
25377.72,35594.79
25347.86,35556.46
25352.24,35548.5
25394.35,35588.98
25410.29,35616.97
25387.47,35601.84
25357.23,35565.94
25358.14,35557.13
25395.38,35599.76
25404.28,35623.11
25386.73,35610.44
25358.52,35572.33
25353.22,35558.67
25387.18,35594.86
25400.48,35615.31
25384.29,35602.66
25349.36,35561.16
25349.96,35556.8
25386.51,35596.61
25403.0,35622.27
25384.16,35608.65
25353.87,35567.97
25347.82,35548.06
25383.91,35586.25
25395.16,35607.51
25378.3,35596.47
25352.58,35564.73
25354.14,35552.71
25389.81,35585.23
25405.06,35613.43
25388.7,35601.86
25359.13,35565.85
25353.52,35550.31
25388.83,35588.07
25398.82,35613.73
25382.33,35602.53
25358.9,35566.18
25354.54,35548.53
25385.3,35583.55
25395.52,35609.03
25373.88,35592.31
25347.46,35560.15
25348.17,35549.13
25384.56,35586.05
25403.47,35617.39
25380.76,35599.96
25349.54,35559.25
25349.31,35550.25
25386.73,35591.64
25406.89,35622.67
25392.94,35616.14
25358.7,35571.77
25355.73,35556.95
25395.67,35595.53
25408.43,35622.71
25388.45,35613.21
25351.13,35568.69
25344.24,35550.96
25381.57,35590.39
25399.65,35619.05
25381.7,35603.76
25347.01,35562.27
25340.31,35545.0
25373.23,35578.7
25392.7,35609.9
25373.95,35597.36
25341.38,35557.24
25335.05,35540.7
25371.67,35577.58
25386.02,35602.86
25366.17,35593.45
25337.85,35553.27
25336.28,35540.21
25371.04,35575.26
25388.52,35605.23
25379.04,35602.33
25349.07,35565.09
25345.67,35550.63
25382.6,35588.74
25396.83,35616.54
25378.15,35606.51
25350.81,35567.77
25342.59,35546.29
25378.21,35581.81
25397.01,35614.04
25380.76,35602.33
25341.13,35558.36
25334.54,35545.0
25374.79,35586.9
25385.12,35608.27
25368.13,35597.57
25343.44,35561.09
25338.29,35542.04
25379.85,35583.15
25393.62,35610.98
25385.41,35608.43
25356.13,35571.93
25348.13,35555.16
25389.84,35594.04
25406.29,35622.38
25384.79,35608.52
25357.74,35572.78
25355.06,35562.43
25394.08,35604.34
25412.17,35632.3
25399.7,35624.12
25366.03,35586.34
25357.99,35569.36
25397.19,35608.18
25408.63,35628.77
25391.04,35617.91
25354.54,35573.63
25351.59,35559.37
25388.85,35593.79
25407.7,35620.05
25397.46,35613.82
25364.07,35575.39
25361.27,35563.46
25404.68,35603.29
25427.63,35637.26
25415.72,35632.32
25379.91,35589.9
25369.77,35569.36
25408.99,35608.7
25428.13,35638.49
25417.8,35632.66
25385.46,35593.27
25378.04,35576.53
25409.91,35609.28
25431.93,35640.5
25417.44,35634.76
25386.73,35596.74
25382.17,35578.86
25419.77,35612.43
25432.87,35638.76
25416.97,35631.27
25379.04,35590.59
25366.57,35570.7
25401.64,35608.74
25423.72,35642.02
25410.96,35634.89
25384.38,35600.16
25377.16,35581.94
25405.97,35610.89
25425.11,35642.83
25416.55,35643.21
25381.88,35603.94
25372.83,35584.0
25411.88,35621.82
25426.18,35645.02
25412.46,35637.69
25387.56,35606.66
25380.27,35591.73
25414.4,35626.02
25435.57,35656.93
25423.61,35648.82
25390.51,35608.47
25379.53,35585.0
25418.36,35617.93
25438.18,35649.13
25423.68,35645.36
25395.09,35608.74
25386.13,35590.68
25417.02,35622.64
25438.92,35657.69
25431.34,35657.36
25399.52,35618.71
25385.48,35594.08
25419.68,35623.52
25435.35,35651.52
25427.92,35652.53
25394.35,35614.91
25390.33,35601.66
25426.63,35633.8
25439.26,35655.7
25429.69,35654.81
25397.82,35616.45
25384.56,35598.13
25421.71,35635.45
25435.72,35659.17
25427.01,35660.93
25394.51,35623.49
25384.29,35600.83
25420.68,35636.64
25441.07,35669.88
25428.33,35670.39
25393.46,35632.1
25372.6,35602.28
25405.33,35632.25
25432.22,35660.96
25426.38,35664.18
25394.69,35628.66
25377.59,35605.52
25410.56,35637.04
25429.87,35670.07
25421.6,35670.95
25385.66,35627.9
25368.63,35600.74
25399.85,35627.92
25422.52,35662.12
25416.5,35664.96
25384.29,35625.86
25374.66,35604.81
25408.19,35638.16
25422.65,35658.99
25411.74,35656.73
25385.08,35623.34
25376.54,35604.96
25409.44,35634.04
25426.54,35662.05
25419.99,35665.14
25384.7,35624.97
25367.53,35599.84
25397.88,35629.44
25416.68,35659.66
25405.91,35659.19
25372.22,35622.91
25357.7,35601.34
25393.86,35636.19
25415.68,35665.25
25409.26,35665.54
25379.58,35628.57
25373.61,35609.93
25403.05,35634.69
25423.41,35666.9
25417.42,35669.4
25388.76,35635.59
25372.31,35611.02
25400.28,35637.62
25423.9,35667.53
25419.83,35669.85
25387.98,35631.16
25373.19,35608.52
25406.98,35637.17
25430.05,35670.99
25424.26,35679.93
25387.47,35637.48
25374.88,35611.82
25403.79,35636.79
25422.87,35666.07
25420.55,35674.75
25388.99,35638.27
25368.89,35610.75
25407.05,35644.21
25431.14,35676.6
25424.95,35681.56
25388.14,35641.69
25377.34,35617.68
25409.11,35643.81
25427.48,35675.37
25418.04,35678.5
25385.81,35636.68
25369.36,35605.01
25402.15,35633.08
25426.29,35667.35
25423.25,35673.41
25388.47,35635.12
25370.14,35606.75
25393.39,35631.18
25410.4,35661.45
25403.52,35665.47
25380.58,35634.36
25365.27,35607.63
25399.47,35633.44
25425.53,35668.84
25419.72,35676.02
25391.98,35644.53
25380.81,35622.46
25410.78,35652.51
25430.43,35684.18
25427.21,35688.45
25392.54,35650.23
25376.22,35621.95
25414.74,35653.56
25440.49,35689.03
25430.76,35689.12
25394.06,35649.29
25377.57,35622.96
25412.68,35654.65
25432.95,35682.21
25423.28,35681.14
25393.01,35645.13
25377.92,35619.79
25406.29,35642.22
25430.83,35675.13
25426.05,35678.93
25393.39,35641.49
25375.17,35616.86
25404.37,35644.53
25428.57,35676.58
25424.46,35681.39
25398.67,35647.1
25385.28,35624.34
25410.07,35645.6
25434.38,35677.72
25430.88,35684.02
25400.52,35649.31
25385.05,35622.0
25415.21,35648.57
25442.83,35688.18
25431.54,35686.32
25402.67,35650.27
25388.03,35626.58
25420.77,35654.56
25445.25,35687.53
25444.42,35700.36
25407.18,35660.06
25387.38,35628.25
25414.27,35650.23
25441.63,35686.37
25436.35,35693.95
25401.84,35657.04
25382.33,35628.07
25414.78,35655.59
25440.08,35692.02
25433.78,35695.71
25400.34,35657.13
25381.93,35628.03
25414.25,35651.86
25437.71,35685.21
25432.44,35693.37
25397.86,35653.04
25377.9,35621.28
25411.68,35650.41
25438.14,35689.1
25436.46,35697.16
25404.12,35654.63
25384.05,35621.1
25413.46,35647.12
25435.59,35677.2
25433.6,35685.48
25405.69,35653.29
25385.17,35624.39
25410.49,35643.32
25441.49,35681.07
25441.02,35690.46
25412.95,35658.09
25385.41,35623.74
25412.59,35648.93
25442.61,35687.87
25441.18,35695.09
25408.05,35655.41
25381.21,35619.83
25404.97,35641.82
25434.16,35677.43
25437.49,35692.49
25403.65,35655.7
25391.8,35634.13
25416.35,35654.79
25435.52,35684.13
25434.96,35691.0
25407.72,35658.96
25385.9,35627.29
25416.32,35651.34
25448.89,35692.2
25446.77,35701.17
25419.05,35671.66
25391.38,35635.63
25413.02,35651.34
25450.08,35693.48
25449.92,35703.18
25416.64,35665.79
25398.38,35636.97
25420.17,35652.64
25443.62,35686.41
25441.96,35695.98
25405.6,35657.16
25385.68,35627.54
25416.14,35650.2
25440.98,35682.12
25438.47,35691.78
25406.13,35655.57
25386.22,35626.62
25411.54,35649.09
25442.07,35685.07
25443.28,35696.45
25410.2,35661.94
25391.76,35632.12
25419.61,35654.12
25453.67,35692.56
25457.07,35706.55
25423.32,35671.44
25400.99,35638.2
25421.51,35650.96
25443.73,35682.01
25443.62,35697.57
25414.85,35667.06
25394.84,35638.13
25416.91,35651.59
25439.08,35681.23
25447.33,35700.56
25414.51,35663.23
25386.22,35626.15
25409.22,35639.9
25432.93,35671.3
25431.5,35683.46
25401.44,35654.36
25383.8,35629.26
25404.25,35646.7
25436.6,35684.94
25448.73,35700.34
25415.03,35665.7
25393.88,35635.56
25411.68,35647.63
25431.54,35677.16
25432.51,35691.33
25409.82,35667.39
25385.19,35632.19
25405.57,35641.04
25433.04,35675.93
25436.2,35693.03
25405.53,35661.85
25376.13,35623.45
25391.63,35630.38
25425.64,35671.66
25423.37,35682.86
25390.29,35646.18
25368.98,35614.11
25390.35,35631.09
25421.51,35672.18
25422.11,35685.65
25389.08,35652.44
25366.44,35617.32
25394.62,35638.71
25423.39,35677.43
25427.08,35692.36
25396.23,35658.59
25372.31,35622.53
25398.58,35637.57
25428.24,35675.8
25427.66,35687.53
25395.29,35653.4
25377.95,35624.34
25394.17,35632.57
25417.6,35665.07
25421.11,35680.13
25395.85,35654.27
25372.04,35621.95
25392.88,35636.75
25420.32,35673.45
25421.69,35688.43
25389.59,35654.18
25365.5,35617.48
25387.4,35631.27
25421.17,35673.25
25425.51,35687.22
25394.8,35655.41
25369.94,35621.71
25394.58,35636.35
25429.11,35676.16
25428.01,35688.11
25400.66,35657.87
25384.9,35632.66
25404.21,35649.06
25435.21,35685.97
25434.68,35695.98
25406.29,35666.16
25379.76,35630.85
25397.19,35640.88
25427.25,35674.25
25431.46,35689.34
25398.4,35657.6
25375.44,35625.46
25390.75,35633.17
25429.31,35679.15
25432.33,35695.06
25402.24,35663.13
25375.06,35624.21
25398.17,35637.44
25426.83,35672.45
25427.59,35689.25
25403.54,35666.19
25377.28,35634.25
25394.71,35645.2
25432.04,35689.27
25441.85,35707.43
25413.22,35674.37
25383.71,35636.88
25394.69,35643.39
25423.21,35678.37
25433.87,35701.39
25410.76,35677.47
25386.39,35644.97
25406.85,35654.54
25433.91,35686.53
25435.52,35700.45
25404.12,35672.24
25381.52,35639.95
25397.5,35647.97
25426.11,35685.59
25435.59,35705.23
25406.22,35673.81
25379.96,35639.88
25398.98,35650.41
25426.47,35685.65
25432.15,35704.43
25411.52,35681.09
25388.41,35647.68
25396.12,35646.49
25429.78,35685.83
25426.56,35697.5
25396.41,35667.55
25375.67,35638.22
25394.78,35649.04
25427.43,35689.34
25436.26,35710.64
25403.92,35680.11
25379.69,35643.77
25392.52,35647.77
25421.69,35683.51
25427.66,35704.36
25402.15,35677.83
25381.01,35643.41
25400.61,35651.97
25432.24,35691.11
25438.72,35712.34
25411.12,35685.77
25380.47,35645.6
25390.33,35648.39
25428.48,35694.44
25438.54,35718.8
25412.84,35692.94
25385.3,35652.66
25396.21,35652.11
25427.66,35690.32
25429.06,35705.88
25401.64,35683.51
25380.32,35651.57
25393.88,35656.93
25429.94,35699.04
25435.93,35720.75
25400.99,35688.05
25370.14,35651.01
25379.38,35653.36
25414.11,35695.69
25432.64,35724.86
25410.42,35699.45
25383.65,35660.89
25395.8,35669.67
25429.09,35710.44
25434.65,35728.01
25406.04,35698.73
25378.37,35661.45
25398.24,35669.11
25428.19,35704.41
25440.33,35731.16
25417.91,35706.15
25384.23,35663.1
25390.06,35660.71
25422.85,35698.11
25435.39,35722.73
25413.13,35699.2
25381.7,35657.49
25389.7,35660.44
25423.57,35700.27
25434.79,35723.83
25412.88,35703.02
25378.3,35657.74
25394.44,35660.0
25426.07,35697.3
25435.66,35720.68
25414.2,35700.5
25391.27,35669.98
25407.76,35676.24
25444.87,35715.0
25451.57,35735.18
25424.97,35711.07
25397.46,35675.15
25407.76,35674.55
25445.07,35716.7
25451.71,35737.18
25430.32,35718.42
25406.73,35683.87
25409.04,35676.09
25446.92,35717.95
25455.57,35740.24
25425.51,35714.44
25394.29,35673.83
25402.94,35670.5
25438.65,35707.87
25449.07,35727.95
25427.57,35708.63
25398.58,35674.93
25403.96,35674.57
25442.83,35715.18
25455.87,35740.57
25431.86,35718.62
25406.22,35679.2
25414.22,35677.96
25447.44,35715.47
25462.46,35745.76
25428.24,35721.8
25399.58,35682.37
25415.27,35688.09
25447.08,35725.37
25460.51,35751.01
25434.34,35730.96
25401.48,35688.47
25408.26,35683.57
25446.03,35725.64
25459.82,35752.87
25429.65,35729.02
25406.38,35692.4
25410.89,35688.67
25444.4,35727.68
25456.58,35749.87
25438.47,35730.85
25417.82,35699.07
25419.81,35691.31
25457.45,35733.64
25473.54,35760.62
25448.64,35739.7
25417.22,35700.85
25417.15,35691.04
25451.51,35728.61
25465.59,35752.96
25447.21,35739.5
25419.41,35702.98
25419.9,35698.06
25452.24,35738.4
25471.0,35767.46
25451.28,35752.04
25413.66,35705.84
25415.72,35698.73
25451.26,35736.55
25463.69,35761.36
25447.04,35747.55
25417.46,35708.86
25421.0,35701.34
25466.57,35747.21
25478.95,35774.95
25456.31,35757.89
25424.13,35713.68
25430.09,35708.12
25474.64,35756.11
25486.15,35782.75
25456.8,35758.48
25425.85,35717.66
25427.63,35710.35
25463.84,35749.94
25474.1,35769.99
25448.18,35748.29
25419.05,35710.35
25423.86,35703.27
25464.51,35746.9
25472.27,35766.79
25455.02,35749.69
25421.82,35707.87
25424.24,35700.16
25466.37,35743.86
25485.44,35773.9
25461.23,35757.8
25429.94,35719.0
25434.34,35711.87
25473.46,35756.33
25483.56,35779.13
25465.97,35763.75
25435.12,35720.23
25438.81,35712.36
25474.57,35752.98
25487.94,35777.59
25465.21,35759.5
25430.5,35716.03
25429.89,35701.61
25466.08,35743.57
25481.35,35770.9
25458.39,35750.92
25431.68,35711.74
25432.78,35703.0
25467.49,35743.37
25486.62,35773.99
25468.11,35755.73
25443.06,35721.24
25448.33,35714.42
25484.23,35755.3
25494.91,35777.68
25477.43,35765.11
25446.77,35725.86
25446.07,35712.95
25481.5,35753.43
25490.91,35775.8
25472.49,35761.49
25443.35,35723.43
25441.63,35711.07
25479.91,35754.16
25490.85,35777.05
25471.51,35760.82
25442.79,35723.41
25434.5,35705.52
25470.24,35741.55
25489.35,35769.18
25479.78,35762.99
25453.47,35729.53
25445.4,35713.77
25486.64,35756.24
25503.7,35783.55
25482.35,35768.63
25445.58,35719.79
25443.35,35706.51
25486.53,35752.91
25497.93,35777.18
25442.05,35721.75
25437.76,35707.89
25477.32,35747.32
25488.34,35769.12
25465.41,35750.47
25440.24,35713.53
25436.22,35698.57
25471.24,35739.05
25482.87,35764.78
25463.06,35750.83
25431.79,35712.3
25429.24,35696.41
25469.23,35736.84
25489.26,35769.34
25471.06,35759.39
25438.21,35723.2
25432.46,35710.35
25466.59,35745.56
25479.0,35767.44
25462.48,35755.66
25435.64,35719.67
25432.11,35706.98
25468.87,35744.93
25483.65,35769.94
25465.63,35752.89
25433.96,35709.86
25431.14,35697.32
25471.69,35739.07
25490.73,35768.78
25480.83,35760.82
25449.11,35721.55
25449.83,35708.45
25481.95,35741.64
25491.13,35760.18
25480.27,35751.7
25451.62,35714.8
25449.81,35704.05
25483.45,35737.18
25493.68,35758.3
25473.21,35745.82
25439.66,35708.72
25432.89,35695.2
25474.48,35737.49
25491.4,35763.44
25477.08,35753.27
25442.63,35712.1
25441.78,35701.73
25473.54,35735.32
25485.97,35759.59
25470.46,35749.85
25443.75,35715.58
25439.62,35699.98
25469.25,35731.57
25489.73,35765.38
25468.61,35752.8
25437.6,35715.94
25429.89,35698.8
25465.79,35735.63
25478.3,35759.68
25469.95,35757.16
25445.87,35726.27
25436.35,35705.93
25471.33,35741.06
25486.11,35766.12
25467.67,35753.58
25437.83,35714.53
25433.85,35699.49
25468.65,35734.87
25482.8,35759.79
25465.81,35751.48
25434.0,35711.67
25429.0,35696.16
25464.45,35730.25
25483.89,35758.34
25464.07,35751.05
25438.03,35717.37
25432.53,35699.89
25475.27,35741.58
25488.68,35768.85
25476.88,35765.83
25448.13,35725.6
25434.92,35699.33
25469.66,35738.0
25488.54,35768.4
25475.87,35763.86
25446.86,35726.16
25436.53,35703.29
25471.8,35739.03
25488.92,35766.79
25472.03,35759.06
25444.31,35718.38
25433.96,35699.64
25468.54,35735.07
25481.97,35758.72
25465.1,35750.77
25431.03,35705.55
25422.7,35682.73
25460.98,35719.18
25481.39,35753.04
25467.04,35751.12
25433.96,35708.95
25429.22,35691.38
25466.64,35728.41
25481.05,35754.72
25464.96,35744.51
25438.43,35704.61
25431.43,35683.29
25472.0,35724.5
25489.5,35754.72
25478.13,35752.57
25442.9,35710.62
25433.49,35689.19
25468.87,35723.47
25487.22,35752.2
25477.37,35751.35
25446.41,35710.22
25440.22,35692.23
25475.09,35728.46
25498.15,35758.88
25479.78,35754.88
25448.42,35717.17
25437.83,35693.25
25473.59,35727.32
25499.72,35765.5
25485.26,35760.15
25444.62,35714.09
25436.13,35695.42
25468.81,35728.84
25489.17,35762.54
25475.91,35756.55
25437.2,35708.83
25426.14,35684.16
25464.22,35718.33
25484.74,35756.66
25479.56,35760.55
25443.53,35717.59
25429.2,35691.15
25463.84,35722.96
25481.64,35750.59
25475.94,35752.98
25444.93,35714.69
25431.95,35689.86
25471.53,35723.41
25493.86,35759.13
25482.91,35760.84
25453.34,35722.09
25438.05,35694.3
25474.35,35729.96
25494.29,35760.62
25482.31,35762.03
25449.36,35723.07
25437.09,35697.03
25472.0,35729.91
25486.75,35757.0
25474.86,35752.71
25443.53,35713.79
25436.82,35696.02
25472.52,35730.47
25488.77,35758.75
25474.24,35757.05
25443.08,35717.41
25431.32,35689.83
25471.2,35723.68
25496.14,35757.8
25487.71,35758.59
25452.15,35719.9
25441.16,35698.8
25479.22,35730.78
25493.86,35758.01
25484.34,35757.89
25451.73,35714.89
25442.28,35695.09
25475.69,35728.88
25493.75,35757.49
25480.21,35751.14
25449.72,35712.52
25431.05,35682.95
25464.18,35716.1
25488.81,35753.92
25482.17,35759.79
25454.84,35725.39
25441.11,35696.14
25468.31,35719.07
25484.14,35748.57
25480.74,35757.4
25448.67,35720.19
25434.9,35693.12
25469.77,35727.79
25489.15,35760.44
25485.7,35765.38
25452.0,35724.21
25437.25,35696.58
25473.23,35731.09
25499.63,35767.53
25484.09,35764.09
25448.69,35719.14
25435.41,35694.35
25465.63,35723.16
25487.13,35754.48
25482.46,35757.76
25452.22,35720.05
25433.07,35689.66
25458.5,35714.49
25480.18,35745.36
25469.05,35746.52
25436.4,35706.66
25422.83,35680.13
25456.87,35711.11
25478.26,35745.47
25470.24,35748.73
25438.7,35714.13
25425.04,35689.68
25458.1,35717.15
25480.85,35749.22
25468.72,35749.54
25440.02,35715.02
25425.15,35688.54
25457.27,35716.39
25481.08,35750.34
25482.17,35758.18
25450.05,35720.32
25432.98,35693.14
25461.94,35720.37
25480.12,35751.14
25470.1,35750.34
25438.72,35714.71
25425.2,35691.84
25461.47,35724.93
25484.65,35756.82
25478.46,35756.75
25449.43,35720.9
25432.02,35692.56
25460.74,35718.2
25484.45,35752.46
25481.46,35755.37
25443.91,35717.84
25420.39,35685.7
25456.02,35718.85
25484.52,35752.87
25477.08,35752.91
25444.13,35714.27
25430.29,35689.92
25461.27,35717.86
25480.54,35746.9
25477.81,35753.58
25445.94,35719.45
25432.42,35692.25
25470.06,35722.36
25495.99,35756.33
25491.0,35759.06
25456.42,35722.4
25442.28,35698.66
25475.38,35724.59
25494.06,35752.87
25487.0,35757.56
25460.85,35725.55
25452.15,35704.81
25477.37,35728.05
25500.9,35761.76
25492.92,35761.18
25452.24,35718.29
25434.96,35690.21
25466.17,35718.76
25491.13,35753.49
25482.31,35753.43
25455.87,35722.16
25438.97,35693.54
25459.69,35711.34
25481.26,35742.52
25479.49,35751.57
25450.5,35716.32
25428.1,35688.65
25462.64,35716.1
25485.77,35747.75
25482.37,35756.66
25451.15,35721.19
25442.23,35702.2
25469.95,35724.7
25492.23,35753.04
25489.35,35762.32
25458.44,35724.79
25437.71,35691.58
25468.76,35714.8
25494.91,35750.77
25496.12,35764.85
25462.48,35730.02
25439.44,35695.6
25475.87,35722.87
25497.73,35754.32
25494.38,35760.93
25464.4,35727.27
25450.84,35702.2
25476.45,35721.21
25499.67,35751.19
25498.56,35760.18
25465.52,35721.95
25445.27,35692.11
25477.26,35718.69
25506.0,35759.93
25504.41,35769.23
25468.25,35727.32
25446.81,35694.3
25472.74,35717.24
25501.82,35755.59
25498.49,35761.98
25465.97,35722.31
25444.35,35691.22
25471.71,35710.8
25497.21,35749.89
25497.15,35761.88
25468.58,35727.05
25447.44,35696.32
25478.89,35718.91
25498.29,35747.93
25494.47,35758.3
25465.03,35726.6
25445.25,35695.06
25467.87,35709.44
25498.78,35750.95
25497.64,35760.84
25465.59,35725.44
25445.0,35692.61
25474.95,35711.92
25498.22,35746.23
25499.54,35760.58
25472.79,35727.18
25454.61,35699.64
25475.53,35712.61
25500.95,35750.36
25498.24,35762.28
25464.54,35725.66
25451.17,35698.77
25480.94,35719.41
25504.55,35751.05
25508.48,35767.24
25477.17,35732.97
25454.03,35698.95
25480.12,35717.84
25503.83,35749.04
25510.51,35767.77
25478.78,35735.72
25460.27,35705.48
25482.69,35720.9
25510.4,35761.02
25506.98,35773.27
25472.43,35737.27
25454.9,35705.01
25483.42,35725.06
25515.43,35767.13
25511.52,35775.26
25471.73,35735.36
25450.68,35702.3
25479.94,35718.29
25505.24,35755.61
25503.29,35766.39
25470.44,35734.2
25446.21,35698.75
25475.38,35717.5
25506.58,35755.82
25511.63,35773.32
25479.76,35735.36
25458.95,35703.69
25480.14,35722.38
25504.01,35757.45
25501.22,35770.08
25479.04,35743.72
25457.25,35712.36
25484.81,35727.52
25513.64,35763.86
25512.66,35777.79
25489.44,35751.84
25469.83,35719.0
25496.12,35737.04
25514.87,35767.26
25511.3,35777.96
25484.92,35747.32
25463.58,35713.57
25492.21,35733.13
25517.26,35767.77
25516.84,35785.12
25489.15,35755.73
25465.63,35721.04
25488.81,35733.31
25523.88,35772.94
25534.86,35794.82
25504.52,35761.47
25473.84,35719.23
25498.87,35735.61
25523.54,35771.82
25525.04,35791.94
25496.81,35762.86
25474.13,35726.29
25499.29,35736.26
25530.65,35775.48
25532.29,35790.86
25498.4,35757.38
25476.99,35727.21
25502.13,35741.46
25533.2,35780.63
25541.76,35804.72
25509.73,35770.37
25479.04,35727.65
25494.15,35735.36
25516.59,35768.91
25522.45,35789.48
25495.76,35763.06
25472.45,35729.71
25491.47,35742.52
25524.89,35785.41
25528.17,35801.86
25500.39,35771.13
25479.49,35736.62
25496.99,35745.56
25524.08,35784.16
25526.9,35801.1
25495.76,35771.44
25474.35,35736.39
25488.77,35739.86
25521.4,35779.46
25523.08,35796.3
25493.75,35766.43
25471.15,35729.35
25490.58,35734.94
25523.57,35779.78
25526.99,35796.45
25499.9,35769.41
25481.3,35737.33
25497.48,35742.41
25525.49,35779.29
25525.36,35794.66
25494.94,35766.99
25470.86,35734.98
25489.66,35744.66
25522.49,35782.91
25526.09,35800.96
25502.09,35775.91
25475.49,35739.23
25483.51,35737.2
25513.64,35774.14
25516.71,35790.3
25489.57,35762.9
25470.04,35731.74
25492.52,35739.23
25516.1,35772.29
25520.17,35792.65
25487.4,35760.87
25469.23,35729.33
25488.95,35739.63
25516.44,35775.04
25519.28,35793.05
25496.39,35769.79
25473.88,35736.71
25489.84,35743.39
25516.42,35777.39
25525.42,35802.84
25499.18,35776.34
25469.05,35735.23
25481.5,35739.45
25514.4,35781.39
25516.37,35798.71
25493.08,35775.06
25465.7,35736.86
25485.41,35742.36
25523.28,35786.39
25528.02,35811.25
25501.08,35783.11
25478.04,35745.71
25495.09,35752.13
25532.55,35792.61
25539.75,35812.39
25510.96,35781.97
25484.92,35745.49
25502.22,35751.03
25534.27,35789.84
25541.14,35812.37
25521.98,35788.74
25493.64,35752.87
25506.18,35755.79
25542.3,35797.05
25546.37,35812.39
25516.71,35781.54
25495.03,35747.5
25509.06,35752.69
25540.89,35792.16
25548.11,35812.72
25525.87,35791.69
25498.53,35755.77
25510.98,35759.91
25544.09,35801.32
25550.44,35821.08
25521.89,35793.61
25497.8,35760.82
25507.01,35759.08
25541.81,35798.89
25547.39,35817.04
25522.99,35790.53
25493.53,35754.7
25506.47,35757.31
25544.51,35803.49
25551.31,35824.12
25526.92,35801.26
25494.73,35761.07
25505.28,35762.7
25536.4,35799.54
25542.19,35822.22
25517.71,35797.55
25493.19,35761.23
25504.95,35760.91
25541.18,35800.45
25546.97,35820.75
25521.18,35797.64
25492.63,35760.15
25509.8,35762.63
25543.57,35800.14
25553.21,35821.66
25527.72,35797.21
25505.75,35760.73
25520.95,35764.87
25558.01,35806.67
25569.03,35830.32
25541.85,35802.6
25513.73,35762.52
25523.7,35761.92
25555.22,35802.29
25564.52,35825.46
25542.3,35804.79
25510.13,35764.6
25518.34,35763.86
25549.32,35803.27
25562.75,35832.71
25536.33,35807.98
25508.32,35766.84
25520.46,35764.18
25556.04,35802.44
25560.96,35818.8
25531.68,35794.37
25502.33,35756.71
25515.23,35758.16
25555.08,35801.97
25567.47,35826.31
25544.49,35802.82
25518.27,35762.97
25523.17,35760.22
25563.33,35805.44
25571.94,35825.73
25541.4,35797.52
25511.77,35757.85
25524.22,35760.13
25561.25,35802.8
25573.61,35827.57
25555.62,35812.68
25523.48,35770.03
25525.78,35762.93
25563.89,35800.65
25574.02,35825.66
25550.32,35806.06
25521.2,35768.02
25530.68,35764.13
25561.48,35800.81
25572.29,35825.49
25547.69,35802.04
25520.77,35764.33
25534.05,35765.0
25572.34,35810.89
25582.15,35836.15
25557.3,35812.07
25532.58,35776.89
25532.42,35766.39
25563.98,35802.15
25573.72,35828.04
25552.22,35808.86
25525.45,35769.25
25532.69,35763.46
25569.43,35800.63
25583.87,35823.05
25561.81,35803.31
25532.13,35766.81
25539.77,35768.24
25573.19,35805.48
25578.58,35824.95
25557.7,35808.14
25525.71,35764.27
25530.34,35756.73
25565.32,35795.85
25578.51,35821.71
25557.1,35802.78
25528.75,35763.24
25531.46,35759.35
25564.87,35798.62
25579.92,35824.77
25561.12,35806.35
25530.47,35765.2
25534.45,35756.75
25571.38,35798.31
25576.59,35820.61
25552.98,35805.73
25519.79,35763.93
25525.09,35757.58
25564.76,35798.98
25578.91,35824.19
25553.79,35806.18
25525.71,35769.68
25533.49,35764.0
25569.25,35803.52
25577.7,35828.1
25556.96,35808.48
25532.42,35774.37
25541.63,35773.34
25572.27,35805.62
25580.05,35826.11
25562.19,35812.93
25532.35,35776.11
25534.97,35763.77
25572.47,35801.59
25592.37,35833.87
25566.86,35815.12
25535.66,35773.38
25534.47,35763.28
25567.96,35802.71
25579.63,35828.21
25556.49,35810.38
25530.7,35774.7
25535.21,35765.83
25570.51,35803.98
25583.87,35829.04
25569.01,35817.02
25540.73,35779.98
25534.34,35762.52
25572.21,35801.91
25584.99,35825.84
25559.96,35805.64
25541.67,35776.92
25542.92,35764.91
25579.4,35801.93
25590.38,35827.07
25566.68,35809.59
25543.19,35776.16
25545.0,35771.08
25581.59,35811.65
25592.59,35837.82
25567.44,35820.95
25535.64,35781.77
25537.94,35770.34
25572.72,35807.23
25583.69,35830.09
25562.44,35814.38
25534.36,35781.63
25530.34,35768.91
25567.11,35805.3
25575.24,35824.86
25556.56,35809.64
25525.49,35766.84
25528.71,35756.78
25568.56,35800.83
25575.63,35821.87
25552.38,35806.6
25523.61,35767.46
25530.72,35756.8
25571.11,35801.55
25585.77,35831.81
25569.68,35820.41
25539.64,35780.47
25537.02,35771.42
25575.49,35809.55
25588.16,35837.87
25570.62,35826.63
25543.39,35788.41
25539.64,35771.17
25574.6,35806.87
25586.02,35828.86
25568.36,35816.68
25539.44,35782.41
25539.08,35770.25
25569.93,35801.68
25582.71,35827.77
25564.61,35815.09
25531.01,35771.98
25527.28,35755.95
25564.29,35791.76
25582.4,35822.83
25559.46,35807.76
25525.56,35769.23
25524.22,35758.99
25562.73,35800.74
25580.43,35829.78
25563.91,35816.23
25537.38,35779.33
25539.19,35768.51
25574.71,35804.81
25590.49,35833.13
25577.5,35822.34
25544.96,35779.2
25536.76,35759.13
25573.23,35793.79
25586.67,35824.48
25564.47,35812.79
25539.28,35778.79
25533.65,35759.93
25567.24,35795.07
25579.02,35816.75
25562.75,35807.83
25529.51,35765.02
25530.59,35751.93
25567.62,35789.84
25584.3,35821.15
25573.32,35813.68
25544.33,35773.14
25540.18,35757.85
25573.03,35795.96
25590.0,35827.27
25567.58,35811.83
25535.28,35769.41
25524.44,35746.96
25564.31,35785.32
25583.13,35817.24
25571.27,35811.09
25546.72,35776.96
25541.94,35760.18
25579.71,35796.79
25599.99,35830.49
25579.58,35819.86
25545.23,35780.31
25538.34,35760.84
25572.54,35795.07
25589.62,35820.08
25577.46,35812.25
25550.55,35779.91
25542.43,35762.63
25581.73,35802.49
25593.71,35827.43
25580.65,35820.77
25547.35,35774.21
25538.01,35754.96
25571.98,35790.37
25585.95,35818.82
25569.48,35814.29
25539.97,35775.48
25532.64,35756.04
25569.79,35792.94
25588.81,35819.74
25572.88,35811.85
25537.92,35768.09
25529.69,35745.82
25568.23,35787.33
25587.9,35820.08
25578.06,35817.93
25541.79,35774.23
25533.69,35753.8
25568.47,35788.58
25587.83,35820.03
25570.46,35811.74
25538.12,35772.58
25534.63,35755.7
25562.88,35785.93
25578.91,35812.66
25566.28,35804.01
25538.12,35768.58
25526.05,35746.7
25568.41,35785.68
25584.3,35814.02
25571.15,35810.58
25536.85,35770.19
25529.25,35753.92
25559.06,35785.16
25573.59,35812.03
25564.92,35812.95
25537.83,35777.65
25535.19,35764.55
25567.13,35792.94
25589.48,35824.91
25573.1,35820.77
25541.94,35786.48
25537.87,35767.71
25573.84,35800.41
25587.83,35830.32
25573.44,35825.33
25534.77,35776.65
25524.3,35754.72
25561.92,35789.9
25583.98,35823.5
25573.95,35819.86
25544.62,35781.54
25531.37,35757.18
25562.42,35787.31
25581.44,35818.02
25572.59,35817.17
25546.39,35786.39
25533.76,35763.28
25570.15,35799.22
25589.15,35830.56
25568.41,35819.74
25535.35,35781.97
25529.42,35762.77
25566.13,35797.52
25585.13,35828.14
25578.49,35825.38
25546.7,35786.82
25537.54,35765.2
25575.69,35799.78
25589.84,35827.25
25571.11,35821.33
25540.73,35782.41
25529.54,35758.95
25562.71,35791.58
25582.26,35823.03
25576.94,35826.58
25542.88,35786.55
25522.03,35754.99
25559.38,35787.2
25581.44,35819.7
25574.44,35820.19
25542.63,35781.59
25528.91,35756.8
25562.55,35792.38
25582.64,35824.5
25574.2,35822.94
25540.29,35780.58
25527.95,35759.41
25567.24,35792.96
25585.55,35820.55
25574.8,35815.59
25545.36,35778.68
25530.18,35754.0
25570.26,35789.7
25592.17,35822.29
25584.07,35826.63
25548.69,35783.49
25533.38,35756.8
25564.56,35782.97
25584.39,35812.12
25574.84,35814.45
25541.45,35777.34
25525.76,35750.45
25558.01,35780.74
25581.26,35812.32
25573.61,35814.27
25541.45,35776.96
25528.57,35755.59
25556.65,35781.5
25574.53,35807.38
25562.97,35807.11
25531.75,35773.38
25522.79,35750.96
25557.03,35777.56
25577.46,35807.58
25569.52,35812.52
25536.38,35778.3
25520.71,35753.78
25553.61,35781.39
25574.55,35814.96
25567.06,35817.26
25539.39,35780.65
25520.19,35749.29
25556.94,35781.99
25578.8,35813.39
25572.03,35817.04
25539.53,35781.86
25521.47,35756.4
25555.78,35785.88
25580.97,35821.42
25574.87,35827.68
25548.87,35794.82
25535.3,35767.17
25565.68,35793.28
25580.99,35820.05
25568.36,35819.47
25539.08,35781.41
25529.78,35759.19
25561.81,35786.48
25582.04,35815.85
25573.48,35817.13
25542.75,35781.66
25525.33,35751.79
25550.39,35776.92
25574.22,35813.39
25571.29,35824.14
25538.41,35785.43
25518.03,35752.98
25550.64,35781.01
25576.85,35814.11
25570.22,35818.58
25540.96,35784.72
25525.45,35755.61
25554.73,35777.27
25580.9,35814.02
25581.21,35822.43
25553.92,35784.18
25538.83,35758.95
25572.67,35789.93
25598.47,35824.39
25588.52,35825.6
25553.47,35785.32
25528.55,35751.7
25557.86,35775.11
25583.94,35811.72
25587.05,35825.49
25551.96,35780.8
25532.58,35750.52
25562.77,35777.36
25586.24,35815.85
25581.46,35823.99
25549.41,35786.39
25529.36,35753.76
25562.44,35781.7
25584.68,35812.7
25571.98,35812.7
25537.67,35769.88
25527.28,35748.57
25563.89,35779.06
25592.63,35815.96
25587.74,35824.3
25548.94,35782.48
25530.36,35750.45
25562.62,35780.25
25587.74,35819.16
25582.98,35824.95
25549.96,35787.62
25536.64,35761.76
25572.81,35789.86
25599.63,35825.55
25591.85,35831.95
25559.6,35793.95
25542.59,35764.94
25573.32,35790.91
25597.75,35824.82
25597.84,35833.6
25564.36,35793.9
25546.46,35763.3
25577.97,35790.24
25601.84,35827.74
25597.48,35836.39
25556.38,35788.54
25535.06,35758.72
25563.55,35781.7
25590.87,35817.11
25588.01,35825.2
25554.99,35789.88
25534.72,35757.67
25566.62,35781.88
25595.63,35818.91
25591.52,35825.13
25560.96,35789.63
25538.07,35755.28
25568.56,35782.59
25598.54,35820.95
25585.53,35818.33
25549.32,35778.39
25532.98,35753.69
25560.02,35774.39
25587.18,35810.53
25589.15,35824.39
25553.56,35782.68
25529.78,35747.12
25561.37,35774.61
25587.34,35808.99
25581.48,35816.28
25554.1,35783.67
25537.72,35754.61
25569.52,35778.5
25593.82,35813.62
25592.41,35824.84
25552.2,35780.89
25531.21,35750.03
25557.52,35771.11
25576.68,35798.89
25575.04,35810.51
25547.57,35779.29
25532.29,35755.39
25558.48,35776.13
25578.58,35802.93
25575.98,35816.41
25543.82,35781.18
25523.59,35751.41
25550.97,35773.27
25575.74,35807.94
25568.49,35812.1
25543.88,35780.47
25526.45,35754.16
25547.39,35769.56
25572.32,35800.18
25573.32,35810.53
25545.34,35779.75
25528.89,35752.26
25553.79,35770.25
25577.44,35798.73
25579.27,35810.6
25551.2,35779.62
25526.7,35746.72
25556.4,35771.73
25585.46,35808.57
25585.57,35817.8
25549.18,35776.16
25531.68,35747.21
25561.45,35773.27
25588.32,35809.17
25585.62,35818.49
25551.51,35784.38
25526.12,35748.64
25553.85,35769.27
25583.61,35804.3
25586.71,35817.8
25558.32,35787.55
25534.36,35757.63
25558.53,35775.38
25587.52,35811.0
25588.03,35820.28
25560.16,35788.09
25539.1,35757.54
25566.75,35776.45
25591.85,35809.71
25593.71,35824.04
25565.95,35795.85
25542.32,35763.66
25565.7,35781.36
25592.59,35815.07
25595.12,35826.58
25563.31,35792.32
25535.62,35757.22
25561.52,35777.74
25593.55,35817.37
25597.33,35828.44
25569.23,35793.97
25550.59,35767.15
25570.15,35784.43
25590.4,35814.91
25588.75,35823.95
25563.89,35794.11
25540.58,35761.63
25560.18,35776.04
25591.56,35814.04
25595.85,35829.15
25564.27,35796.92
25541.92,35766.9
25568.52,35787.04
25597.24,35823.81
25602.31,35838.85
25573.77,35809.15
25554.7,35779.4
25580.25,35797.39
25608.53,35829.38
25603.72,35837.64
25572.94,35805.77
25551.6,35777.65
25569.21,35788.11
25598.83,35823.21
25611.19,35844.87
25583.52,35814.8
25557.01,35781.77
25575.69,35793.19
25602.87,35825.91
25605.35,35837.29
25574.4,35805.97
25550.68,35775.78
25564.65,35783.49
25593.48,35820.43
25594.65,35832.86
25563.94,35800.68
25536.4,35764.02
25554.5,35777.79
25592.99,35820.86
25599.88,35835.23
25572.27,35806.27
25553.23,35776.56
25569.99,35787.22
25596.48,35819.92
25602.04,35835.63
25571.71,35803.98
25548.0,35770.12
25571.06,35785.93
25602.67,35824.26
25604.06,35838.2
25565.46,35800.45
25542.1,35768.6
25559.73,35778.86
25587.34,35812.43
25589.39,35828.37
25557.9,35796.16
25538.19,35763.77
25560.13,35777.77
25587.72,35813.51
25591.25,35829.62
25564.2,35802.04
25540.8,35768.69
25558.3,35780.54
25588.14,35816.79
25591.88,35828.64
25569.19,35798.44
25542.46,35763.71
25560.61,35774.32
25593.22,35812.01
25602.34,35833.55
25571.47,35804.74
25542.79,35765.96
25559.2,35774.77
25584.95,35806.91
25593.22,35823.79
25562.5,35794.66
25541.4,35763.37
25556.07,35768.58
25585.66,35804.32
25591.47,35820.68
25568.16,35796.52
25539.19,35762.03
25557.83,35772.09
25588.9,35808.86
25591.36,35820.99
25560.81,35787.85
25533.6,35750.12
25552.25,35756.73
25590.64,35799.83
25599.63,35823.61
25570.42,35793.32
25541.99,35760.82
25557.77,35770.39
25581.93,35799.69
25590.58,35819.45
25567.89,35796.14
25543.77,35761.05
25553.65,35760.35
25581.26,35797.43
25597.17,35821.93
25569.61,35794.77
25543.42,35758.32
25556.78,35761.18
25586.78,35793.48
25597.48,35813.64
25567.02,35785.81
25543.86,35756.35
25557.99,35767.35
25585.08,35801.14
25592.1,35819.74
25572.56,35797.66
25539.17,35760.44
25555.24,35769.59
25589.3,35808.3
25590.02,35820.19
25566.44,35797.08
25540.46,35761.92
25553.54,35763.82
25589.6,35805.59
25594.15,35821.78
25569.5,35793.97
25546.1,35758.95
25558.01,35764.2
25584.39,35800.14
25588.05,35816.97
25565.68,35794.77
25543.64,35764.85
25551.96,35765.5
25579.07,35798.42
25590.49,35818.16
25563.91,35788.18
25538.92,35754.88
25557.12,35765.09
25581.3,35796.18
25591.88,35819.61
25564.29,35794.04
25534.25,35754.21
25550.21,35758.72
25580.81,35792.59
25585.21,35810.46
25558.93,35786.86
25531.12,35753.56
25544.4,35761.76
25576.97,35799.43
25586.18,35818.07
25560.78,35792.14
25539.26,35757.67
25554.35,35763.26
25590.53,35806.02
25596.68,35819.81
25570.82,35790.8
25536.85,35749.11
25554.73,35763.48
25592.7,35803.92
25600.3,35822.89
25575.04,35797.5
25546.12,35760.09
25560.81,35766.39
25591.36,35801.88
25598.8,35823.0
25576.36,35801.3
25550.14,35766.99
25566.13,35769.85
25597.6,35805.3
25602.13,35822.0
25580.81,35798.17
25549.32,35760.24
25560.31,35763.5
25593.84,35800.74
25604.15,35821.06
25580.39,35798.08
25551.15,35761.47
25561.32,35766.3
25591.88,35802.11
25597.24,35818.49
25570.26,35791.82
25540.13,35753.92
25549.27,35755.32
25587.58,35797.86
25600.05,35821.53
25583.38,35804.88
25555.78,35766.39
25560.87,35765.09
25593.04,35800.92
25605.44,35821.87
25580.27,35794.77
25553.94,35759.5
25569.32,35768.4
25599.14,35803.43
25608.3,35821.26
25582.67,35796.72
25551.82,35758.72
25559.13,35759.91
25595.0,35799.92
25602.89,35820.77
25583.04,35803.98
25550.7,35764.78
25555.06,35762.7
25590.49,35800.77
25604.03,35821.89
25582.71,35801.04
25553.45,35763.66
25561.95,35764.64
25597.64,35805.23
25611.92,35827.05
25586.58,35804.43
25561.72,35770.19
25571.83,35773.83
25603.61,35811.05
25607.25,35826.47
25584.16,35805.06
25557.43,35769.47
25571.22,35775.53
25608.64,35816.3
25620.11,35837.63
25598.71,35821.33
25565.34,35784.05
25574.48,35780.43
25609.13,35818.89
25617.45,35839.23
25592.3,35818.13
25564.49,35780.85
25569.7,35776.18
25599.16,35805.41
25609.94,35824.46
25586.13,35803.22
25558.64,35768.98
25565.5,35772.16
25603.05,35815.96
25619.55,35844.13
25598.29,35821.38
25574.73,35782.84
25577.48,35776.89
25607.12,35812.81
25617.27,35835.5
25595.12,35816.9
25563.31,35778.53
25566.44,35772.91
25603.9,35810.96
25615.39,35834.09
25592.97,35816.1
25566.91,35780.43
25571.8,35774.05
25605.17,35810.22
25613.62,35832.28
25594.96,35816.95
25569.03,35781.25
25572.92,35776.54
25608.13,35814.98
25616.46,35835.12
25594.78,35817.48
25567.73,35781.52
25571.42,35773.25
25606.89,35809.21
25622.09,35833.15
25599.34,35814.78
25567.04,35775.91
25574.55,35774.57
25617.42,35816.43
25631.64,35840.89
25608.15,35825.11
25578.31,35789.07
25581.62,35784.18
25613.11,35817.98
25620.98,35839.97
25595.07,35821.11
25565.72,35786.95
25566.35,35781.23
25608.06,35822.4
25620.15,35843.03
25603.39,35829.11
25577.05,35793.25
25567.76,35778.48
25603.36,35819.63
25613.96,35840.48
25600.26,35825.82
25572.59,35787.38
25572.21,35779.11
25610.49,35818.96
25624.96,35842.03
25609.94,35827.68
25584.05,35792.38
25579.74,35781.36
25606.09,35814.04
25616.69,35838.34
25599.99,35824.05
25572.09,35788.43
25565.52,35776.29
25597.53,35806.69
25612.17,35830.49
25594.49,35815.2
25567.78,35782.21
25571.69,35775.78
25612.21,35819.94
25625.29,35841.47
25599.52,35820.64
25569.79,35786.15
25570.69,35783.13
25610.25,35819.99
25625.31,35842.43
25604.01,35825.69
25577.5,35793.88
25579.78,35786.5
25619.7,35824.28
25631.17,35844.02
25609.31,35828.06
25579.31,35792.65
25577.1,35785.01
25613.24,35823.83
25624.11,35845.47
25601.4,35828.97
25575.56,35793.55
25573.84,35781.63
25607.45,35816.64
25622.88,35841.45
25613.31,35836.13
25581.82,35798.8
25581.19,35788.76
25621.49,35828.79
25635.08,35855.17
25612.97,35839.88
25577.05,35796.61
25575.47,35785.12
25614.56,35823.5
25635.42,35855.62
25614.99,35842.41
25579.36,35798.08
25578.02,35786.17
25613.53,35823.79
25625.85,35846.56
25609.02,35832.93
25575.56,35793.95
25575.16,35781.63
25618.63,35824.66
25630.43,35847.68
25611.48,35831.92
25586.51,35796.54
25586.51,35785.52
25623.5,35827.48
25635.21,35852.93
25618.94,35845.02
25589.75,35808.97
25584.23,35793.5
25623.32,35831.75
25637.07,35857.14
25622.23,35848.8
25585.1,35800.96
25585.24,35787.76
25618.25,35820.26
25638.14,35853.83
25623.01,35843.34
25594.11,35805.68
25588.01,35788.0
25616.89,35818.76
25626.25,35845.56
25613.38,35839.7
25577.68,35797.3
25571.11,35779.4
25611.03,35821.71
25630.9,35851.26
25617.69,35841.45
25589.08,35802.42
25585.35,35787.36
25626.45,35830.47
25644.56,35859.5
25630.74,35850.7
25598.51,35808.79
25594.13,35789.23
25635.28,35827.59
25651.71,35856.67
25635.95,35848.38
25601.71,35804.34
25594.42,35787.6
25629.72,35825.2
25647.49,35852.29
25633.0,35843.91
25602.31,35805.04
25593.78,35782.82
25630.14,35815.9
25641.23,35843.1
25618.74,35828.93
25589.48,35788.56
25589.35,35777.77
25630.28,35820.26
25648.54,35854.19
25636.13,35852.89
25599.25,35807.45
25596.23,35788.61
25624.96,35816.95
25645.03,35849.31
25636.29,35846.41
25607.63,35811.63
25601.33,35794.86
25641.43,35832.75
25655.58,35860.87
25643.4,35856.69
25606.54,35814.98
25592.95,35790.93
25626.83,35819.86
25647.84,35850.66
25637.52,35850.1
25604.84,35810.55
25595.52,35790.91
25632.73,35828.48
25650.95,35858.79
25640.22,35853.83
25602.34,35813.19
25587.45,35789.59
25619.66,35823.12
25642.01,35856.29
25635.84,35853.45
25608.21,35814.09
25607.74,35799.49
25647.04,35836.17
25667.38,35869.7
25651.15,35860.15
25613.76,35814.6
25601.26,35792.29
25640.09,35831.59
25656.63,35864.0
25643.44,35860.94
25609.64,35819.41
25601.49,35796.36
25639.6,35831.77
25660.23,35866.28
25652.31,35867.53
25619.26,35826.07
25603.12,35796.86
25638.46,35831.7
25660.76,35867.48
25650.1,35861.23
25619.46,35824.14
25607.7,35799.13
25644.74,35834.67
25659.98,35864.36
25646.86,35862.55
25612.19,35820.08
25612.01,35805.35
25651.38,35838.54
25663.11,35861.63
25650.23,35858.86
25618.32,35818.73
25602.8,35795.29
25635.01,35827.68
25647.6,35850.95
25640.15,35851.82
25614.34,35816.57
25609.18,35799.34
25643.4,35833.04
25658.04,35862.34
25648.6,35866.9
25618.27,35830.94
25605.91,35800.74
25637.58,35831.59
25655.29,35860.98
25647.2,35858.59
25617.62,35820.48
25600.48,35793.59
25633.72,35824.1
25657.14,35858.14
25651.35,35865.47
25618.63,35828.14
25606.0,35806.69
25640.15,35835.46
25660.43,35864.16
25648.27,35862.7
25614.09,35823.72
25597.75,35796.96
25636.69,35830.49
25657.75,35865.0
25652.92,35869.16
25622.01,35829.49
25608.62,35803.22
25633.07,35826.13
25651.6,35859.46
25643.78,35861.85
25616.53,35825.84
25604.32,35802.38
25637.52,35834.41
25652.74,35861.65
25643.22,35864.76
25607.86,35826.16
25592.25,35796.18
25633.27,35832.5
25651.4,35861.94
25640.82,35861.76
25607.92,35821.62
25595.63,35795.02
25630.43,35829.09
25649.86,35863.39
25641.43,35865.3
25611.86,35827.57
25601.8,35804.45
25637.03,35834.34
25658.37,35869.61
25640.78,35866.14
25607.05,35829.09
25592.84,35799.87
25626.74,35830.49
25651.73,35864.67
25649.32,35869.48
25620.75,35835.12
25606.29,35807.45
25641.54,35839.88
25663.04,35874.44
25650.55,35872.36
25611.59,35824.93
25597.84,35795.85
25635.01,35827.66
25654.95,35860.89
25642.1,35862.46
25607.68,35823.72
25587.36,35790.93
25620.42,35818.54
25646.41,35853.61
25639.37,35854.84
25607.79,35818.09
25592.72,35793.21
25629.58,35822.92
25648.27,35856.31
25639.53,35858.23
25612.15,35822.27
25597.17,35793.95
25631.66,35823.83
25653.72,35861.23
25642.28,35863.15
25600.66,35815.41
25587.96,35792.76
25623.68,35823.79
25651.89,35859.8
25649.86,35865.14
25616.01,35827.01
25593.66,35791.98
25622.52,35814.55
25637.7,35844.02
25636.18,35849.43
25609.49,35816.39
25591.27,35788.29
25621.38,35816.79
25642.55,35845.2
25633.29,35845.31
25602.54,35806.27
25588.57,35779.2
25621.07,35808.05
25647.08,35847.37
25639.33,35854.54
25607.63,35817.64
25588.66,35784.83
25623.55,35815.52
25644.02,35849.22
25636.2,35851.62
25601.44,35813.62
25586.69,35788.05
25622.47,35814.76
25642.97,35848.26
25640.78,35860.02
25606.69,35817.86
25587.74,35785.88
25615.25,35811.54
25639.44,35849.31
25637.49,35856.76
25603.65,35816.12
25585.66,35786.66
25615.03,35812.32
25639.08,35847.5
25641.83,35864.22
25604.32,35822.43
25581.03,35785.21
25620.33,35818.58
25637.54,35846.52
25635.95,35859.08
25602.67,35823.48
25585.66,35795.38
25619.88,35821.31
25642.23,35854.05
25641.23,35863.13
25605.73,35822.78
25584.39,35786.73
25619.72,35815.96
25646.9,35853.02
25645.14,35860.04
25605.76,35820.17
25579.47,35780.54
25608.71,35801.84
25643.13,35849.0
25642.84,35863.64
25618.47,35832.77
25602.6,35802.57
25624.73,35815.99
25646.23,35850.66
25642.37,35864.18
25615.3,35829.38
25596.43,35797.1
25625.78,35820.52
25652.89,35859.64
25648.31,35866.75
25617.06,35828.91
25601.53,35800.96
25631.62,35823.88
25654.57,35858.21
25644.63,35863.17
25615.52,35827.99
25597.02,35795.96
25623.53,35815.72
25647.17,35848.53
25640.24,35857.96
25608.35,35823.83
25588.92,35794.6
25614.52,35810.6
25645.63,35851.32
25648.69,35870.73
25620.75,35844.22
25593.53,35810.36
25616.95,35825.89
25645.85,35863.71
25648.74,35879.87
25619.03,35843.55
25596.9,35808.48
25621.29,35828.19
25648.65,35864.56
25646.79,35873.9
25617.87,35845.04
25604.95,35817.02
25626.03,35830.43
25655.96,35869.34
25650.73,35877.25
25618.07,35840.55
25597.15,35808.28
25625.09,35832.08
25657.3,35872.27
25651.76,35877.25
25619.72,35840.35
25599.79,35809.86
25625.11,35827.43
25652.2,35866.46
25653.12,35877.7
25624.98,35845.94
25600.28,35813.46
25628.55,35837.07
25655.62,35875.46
25652.78,35886.93
25622.56,35850.34
25605.06,35819.54
25631.88,35837.85
25660.16,35875.35
25658.44,35887.82
25627.41,35850.14
25605.62,35816.34
25629.27,35828.95
25659.53,35866.97
25663.65,35885.46
25623.75,35845.13
25602.4,35813.73
25623.17,35829.55
25647.75,35867.62
25653.05,35882.35
25621.33,35845.27
25606.25,35817.3
25626.56,35830.94
25649.72,35864.02
25657.72,35882.17
25630.16,35851.77
25605.11,35816.28
25626.16,35831.19
25655.0,35870.26
25658.21,35887.58
25634.01,35859.04
25611.66,35827.97
25633.67,35846.14
25657.57,35877.52
25654.75,35887.27
25627.03,35856.2
25602.42,35821.53
25622.38,35833.53
25646.9,35864.49
25650.44,35885.25
25614.23,35848.49
25588.25,35812.3
25612.17,35827.18
25639.64,35862.75
25646.73,35879.11
25620.78,35846.32
25594.96,35806.84
25623.95,35829.49
25656.31,35871.22
25651.13,35881.39
25616.75,35848.53
25594.87,35815.65
25622.56,35833.45
25655.87,35872.87
25650.35,35882.28
25618.7,35848.71
25594.96,35815.16
25611.1,35828.14
25642.17,35866.82
25651.26,35885.23
25623.12,35855.3
25600.64,35823.95
25617.04,35835.7
25646.44,35872.45
25647.13,35883.45
25618.52,35852.27
25594.51,35817.17
25613.62,35828.68
25643.31,35864.18
25642.97,35880.32
25620.37,35855.24
25589.42,35813.06
25609.98,35826.56
25643.35,35869.77
25644.38,35885.9
25610.76,35852.33
25586.96,35820.55
25614.47,35836.62
25642.12,35871.73
25643.91,35886.26
25614.65,35852.55
25588.61,35813.93
25605.53,35822.78
25636.87,35862.9
25644.22,35885.68
25616.75,35858.61
25587.87,35819.83
25612.28,35833.38
25642.59,35867.89
25644.42,35883.98
25614.72,35856.45
25590.67,35824.66
25616.04,35839.25
25650.44,35878.75
25654.24,35890.22
25620.57,35859.66
25597.71,35826.36
25611.28,35828.04
25638.5,35861.9
25647.13,35883.47
25623.32,35857.54
25595.65,35822.0
25612.66,35831.21
25644.38,35875.24
25648.69,35893.12
25615.79,35859.08
25590.71,35819.52
25610.81,35824.59
25648.63,35869.99
25653.52,35890.8
25622.36,35858.1
25598.6,35825.69
25613.0,35836.11
25639.78,35867.04
25645.12,35880.54
25617.13,35850.07
25589.95,35813.89
25610.99,35824.86
25642.79,35864.36
25648.89,35882.77
25618.5,35852.33
25591.09,35816.84
25610.31,35828.19
25647.2,35871.33
25646.95,35886.2
25613.15,35852.49
25590.15,35817.64
25611.39,35826.02
25645.85,35864.51
25647.02,35880.34
25613.22,35845.4
25593.6,35818.65
25606.56,35825.31
25641.81,35866.7
25647.04,35886.71
25618.76,35860.58
25590.64,35821.22
25611.1,35830.14
25643.46,35866.61
25648.36,35882.42
25616.42,35850.36
25586.67,35816.75
25608.33,35828.48
25646.9,35875.42
25651.91,35893.79
25626.68,35864.31
25601.13,35827.86
25615.75,35829.44
25652.63,35872.63
25661.95,35898.38
25633.22,35872.96
25597.31,35826.92
25605.06,35825.91
25642.46,35869.45
25654.97,35894.17
25629.27,35868.63
25602.89,35834.38
25620.51,35846.07
25655.76,35888.99
25663.74,35907.0
25636.87,35878.1
25608.5,35836.64
25623.61,35839.1
25659.85,35885.19
25671.25,35911.43
25645.23,35883.96
25620.75,35843.55
25640.27,35850.83
25665.86,35883.85
25664.65,35898.2
25640.42,35875.09
25613.29,35836.24
25633.76,35841.76
25670.6,35882.3
25675.74,35902.53
25650.5,35879.38
25620.75,35840.33
25628.46,35841.49
25662.84,35884.18
25668.65,35903.74
25644.18,35880.36
25622.21,35847.41
25635.08,35846.79
25672.72,35888.05
25682.29,35911.41
25655.2,35888.59
25626.56,35849.13
25637.65,35850.66
25673.28,35894.13
25675.98,35908.16
25647.06,35881.7
25614.96,35841.38
25624.11,35843.03
25654.44,35880.88
25662.78,35902.31
25636.06,35874.77
25616.57,35843.12
25624.6,35839.99
25650.79,35870.14
25663.09,35894.13
25641.07,35875.4
25606.74,35833.67
25615.63,35832.21
25650.26,35869.36
25661.48,35892.56
25635.51,35868.71
25606.94,35827.12
25616.28,35821.78
25649.97,35858.34
25663.0,35885.3
25641.05,35864.02
25607.92,35821.91
25616.73,35822.16
25653.48,35862.9
25660.27,35885.52
25632.91,35861.65
25614.32,35832.55
25627.12,35834.34
25663.51,35881.01
25675.54,35904.43
25652.74,35879.53
25617.27,35837.27
25627.48,35837.18
25663.87,35877.99
25671.18,35899.07
25645.47,35873.81
25617.49,35834.18
25620.69,35827.5
25654.84,35868.49
25665.01,35892.88
25637.92,35871.78
25613.06,35837.49
25624.29,35835.86
25660.65,35875.75
25671.11,35898.55
25645.52,35874.73
25610.87,35832.01
25617.18,35830.36
25656.56,35875.64
25670.17,35903.7
25646.35,35882.06
25611.25,35834.74
25615.95,35826.63
25654.04,35869.23
25664.25,35890.22
25642.12,35874.86
25616.86,35840.26
25618.7,35829.98
25653.28,35870.44
25663.13,35891.63
25646.3,35873.66
25615.37,35834.2
25620.89,35829.35
25656.07,35868.02
25665.63,35888.38
25646.97,35871.64
25613.33,35828.32
25619.41,35822.2
25650.82,35857.36
25666.24,35884.25
25646.64,35868.47
25616.04,35831.72
25620.46,35824.73
25660.14,35867.98
25672.7,35894.38
25644.11,35876.49
25611.34,35836.17
25618.52,35829.82
25653.52,35867.24
25667.85,35894.46
25641.99,35869.99
25613.87,35833.85
25617.49,35825.11
25651.15,35862.16
25659.96,35886.93
25640.29,35872.52
25616.1,35839.25
25614.36,35823.61
25643.06,35855.28
25661.88,35887.38
25639.3,35870.44
25603.9,35826.38
25607.14,35818.76
25643.73,35860.2
25657.43,35887.16
25637.56,35871.8
25608.08,35831.07
25614.03,35824.73
25647.66,35863.8
25654.55,35888.7
25635.77,35873.97
25611.86,35836.08
25607.12,35819.54
25645.97,35862.39
25664.92,35892.83
25643.35,35873.63
25612.8,35835.23
25611.83,35825.66
25647.24,35869.03
25662.06,35896.36
25638.05,35875.51
25611.5,35838.63
25611.21,35823.56
25648.65,35860.8
25660.56,35889.34
25643.62,35879.42
25612.06,35837.8
25617.36,35827.14
25653.39,35864.25
25658.93,35884.85
25641.76,35870.3
25615.99,35838.65
25615.52,35829.09
25654.55,35869.52
25665.55,35896.43
25645.97,35879.85
25623.55,35846.3
25622.79,35833.22
25661.88,35872.22
25676.43,35897.3
25655.87,35882.19
25622.68,35838.63
25624.35,35831.14
25661.46,35873.01
25672.23,35894.31
25662.84,35886.08
25632.35,35848.46
25629.38,35836.68
25664.45,35876.63
25674.69,35901.35
25661.79,35892.83
25631.75,35856.18
25630.65,35841.18
25674.31,35883.58
25688.46,35911.43
25668.25,35900.01
25633.16,35857.25
25632.91,35844.66
25669.7,35879.98
25686.56,35908.32
25670.8,35898.75
25637.96,35859.5
25637.29,35844.69
25674.51,35882.75
25687.25,35911.43
25666.93,35895.18
25636.64,35860.55
25628.0,35843.21
25663.91,35879.98
25677.53,35907.2
25665.95,35897.44
25634.9,35855.19
25633.05,35843.3
25669.32,35878.86
25683.72,35904.93
25658.37,35886.42
25629.18,35847.77
25629.16,35833.85
25663.8,35870.44
25676.03,35894.64
25658.95,35885.12
25627.37,35846.25
25627.66,35836.02
25665.21,35875.29
25682.85,35903.58
25664.88,35890.57
25634.07,35853.96
25631.57,35840.77
25663.56,35875.15
25671.56,35896.86
25655.76,35887.54
25629.58,35852.71
25628.46,35840.06
25668.23,35880.49
25684.19,35908.03
25669.39,35895.02
25637.52,35852.15
25638.43,35842.12
25671.34,35877.99
25688.5,35907.5
25677.88,35902.24
25641.92,35859.19
25636.73,35843.73
25668.81,35877.16
25691.65,35907.99
25671.11,35896.01
25643.24,35857.25
25640.11,35841.09
25672.99,35872.45
25685.98,35894.78
25673.77,35892.95
25650.1,35864.31
25648.36,35854.16
25688.3,35890.08
25703.5,35917.04
25686.74,35908.37
25652.4,35870.82
25644.04,35854.41
25683.47,35891.58
25700.44,35920.1
25689.69,35913.57
25658.86,35876.98
25648.69,35860.91
25687.05,35898.55
25703.03,35925.02
25693.13,35918.11
25664.07,35878.01
25658.08,35859.98
25694.31,35895.65
25713.87,35927.79
25702.61,35922.4
25669.84,35882.71
25658.75,35863.39
25690.67,35896.63
25709.69,35929.15
25694.2,35923.9
25657.14,35879.42
25644.67,35857.41
25680.52,35895.09
25702.81,35925.09
25691.83,35918.89
25660.16,35880.88
25648.65,35857.79
25687.25,35892.68
25705.78,35923.52
25687.63,35915.56
25656.72,35875.87
25652.16,35856.96
25687.0,35891.83
25706.16,35921.93
25694.98,35913.38
25661.05,35877.01
25655.31,35864.29
25688.66,35898.0
25704.13,35925.71
25694.13,35920.06
25666.69,35881.39
25658.01,35864.78
25689.33,35897.68
25710.74,35927.14
25696.15,35920.62
25661.1,35881.25
25654.13,35863.08
25695.07,35899.52
25713.49,35929.11
25696.93,35921.24
25660.99,35879.91
25657.14,35866.12
25695.74,35905.77
25713.4,35933.85
25698.09,35924.57
25663.51,35886.53
25654.41,35868.58
25688.28,35899.43
25704.77,35924.53
25697.4,35922.61
25668.27,35892.86
25654.79,35871.4
25690.74,35905.5
25707.84,35929.27
25688.08,35919.99
25656.02,35885.08
25654.57,35871.8
25688.35,35900.39
25705.2,35927.95
25689.84,35921.27
25662.73,35882.21
25650.48,35861.29
25684.77,35892.83
25695.63,35916.5
25683.7,35914.18
25655.98,35879.29
25645.07,35857.23
25680.39,35889.73
25696.3,35920.13
25685.15,35913.02
25656.83,35879.93
25645.9,35861.43
25684.32,35895.43
25699.77,35920.88
25692.86,35921.22
25664.56,35886.73
25652.56,35867.2
25687.81,35901.17
25704.26,35929.15
25697.11,35927.1
25662.17,35883.36
25645.41,35856.64
25689.02,35894.66
25707.03,35924.75
25695.21,35922.67
25663.02,35887.27
25652.16,35869.83
25688.7,35898.58
25705.31,35928.02
25696.19,35929.94
25664.67,35891.45
25653.61,35870.28
25687.76,35900.12
25707.17,35935.14
25670.42,35893.95
25656.29,35871.33
25691.34,35902.76
25707.17,35930.52
25694.54,35926.49
25662.82,35892.3
25648.31,35871.73
25682.18,35902.42
25698.31,35928.71
25689.64,35925.82
25657.54,35887.09
25645.14,35867.15
25674.67,35896.03
25692.84,35922.54
25690.98,35928.46
25660.76,35893.08
25655.51,35874.04
25689.96,35904.41
25709.58,35936.51
25697.44,35935.52
25665.48,35897.37
25656.36,35880.34
25689.6,35911.54
25696.62,35927.88
25690.22,35930.56
25662.66,35898.55
25646.68,35873.39
25678.44,35904.48
25697.38,35931.39
25684.37,35925.36
25651.89,35887.07
25639.75,35865.59
25678.2,35895.92
25697.73,35921.64
25688.1,35920.28
25653.16,35882.17
25642.01,35860.67
25673.08,35889.05
25697.11,35924.15
25690.94,35927.1
25661.63,35894.04
25650.37,35874.68
25680.66,35904.12
25704.75,35932.39
25694.34,35927.32
25662.82,35891.85
25645.54,35868.51
25680.01,35899.94
25695.21,35925.71
25687.29,35929.07
25650.82,35887.63
25635.82,35862.84
25673.35,35895.83
25689.51,35918.43
25683.94,35919.79
25653.28,35884.38
25638.3,35861.23
25673.41,35890.15
25694.02,35917.35
25688.86,35920.91
25663.54,35889.55
25638.48,35856.31
25672.05,35884.76
25689.06,35910.13
25682.8,35913.69
25653.52,35880.94
25635.28,35857.98
25671.83,35887.87
25693.17,35916.44
25684.34,35918.29
25650.71,35882.57
25633.56,35857.05
25668.14,35885.48
25688.93,35913.62
25687.5,35922.58
25658.59,35892.7
25647.35,35871.84
25679.54,35896.05
25696.08,35922.34
25692.12,35927.39
25661.21,35893.97
25644.02,35869.25
25673.95,35893.79
25696.44,35923.75
25681.91,35918.22
25653.99,35886.13
25638.23,35866.08
25671.87,35894.64
25698.13,35925.8
25696.93,35933.63
25662.57,35898.15
25645.54,35872.52
25676.81,35897.82
25699.41,35928.3
25692.79,35929.42
25662.46,35896.77
25643.57,35872.76
25670.82,35896.12
25692.79,35926.41
25691.16,35930.92
25659.94,35894.8
25642.1,35870.5
25668.94,35893.19
25691.92,35924.08
25691.5,35932.28
25654.64,35894.02
25634.05,35867.33
25660.56,35885.64
25689.44,35915.77
25686.2,35918.89
25654.46,35889.26
25638.21,35868.89
25667.2,35894.35
25691.97,35927.37
25690.38,35935.61
25661.9,35903.18
25640.09,35872.0
25667.04,35896.7
25694.71,35930.83
25695.65,35937.67
25661.03,35901.93
25646.35,35878.68
25675.98,35902.06
25702.7,35933.8
25698.38,35939.5
25670.13,35907.59
25648.09,35876.54
25676.52,35899.34
25693.75,35924.24
25681.37,35921.69
25656.52,35890.22
25642.39,35866.55
25668.5,35889.32
25689.15,35920.26
25685.8,35928.55
25655.46,35897.04
25650.41,35880.0
25675.09,35892.61
25697.82,35921.4
25691.72,35928.84
25660.45,35896.81
25642.5,35869.39
25677.01,35894.31
25698.58,35922.18
25690.85,35924.08
25661.95,35892.23
25642.5,35862.95
25668.43,35886.71
25692.68,35921.18
25689.15,35930.72
25658.88,35896.88
25636.53,35866.3
25667.51,35888.99
25689.31,35915.86
25690.51,35926.43
25659.94,35896.34
25639.66,35870.1
25669.21,35892.96
25699.5,35926.65
25698.6,35932.48
25672.7,35904.63
25652.13,35877.72
25676.07,35896.45
25701.58,35931.19
25701.73,35941.63
25663.69,35900.32
25645.03,35872.87
25671.0,35892.16
25692.55,35919.45
25696.66,35935.77
25664.52,35904.52
25646.66,35879.62
25674.15,35900.16
25695.81,35926.56
25695.07,35938.9
25663.29,35904.72
25638.93,35872.52
25663.67,35889.43
25696.39,35930.36
25696.44,35941.25
25666.06,35911.05
25650.1,35886.66
25676.12,35906.24
25701.51,35935.12
25703.63,35944.46
25671.89,35911.9
25645.92,35879.6
25676.54,35906.36
25709.22,35943.32
25707.99,35953.59
25665.01,35913.91
25641.67,35880.83
25665.59,35894.4
25695.92,35929.85
25697.64,35943.35
25666.51,35910.13
25648.16,35883.87
25667.83,35896.41
25692.86,35927.19
25692.73,35939.01
25658.1,35903.54
25634.05,35870.35
25656.31,35885.64
25680.05,35917.11
25687.43,35935.68
25662.66,35907.14
25645.25,35877.61
25668.27,35892.77
25696.32,35930.59
25697.84,35946.48
25666.24,35913.73
25646.93,35890.78
25667.02,35909.28
25692.28,35940.4
25696.73,35950.79
25663.29,35914.96
25644.69,35890.55
25665.9,35903.56
25690.49,35934.92
25693.38,35948.78
25667.94,35919.54
25647.38,35889.82
25669.26,35904.61
25698.31,35938.83
25694.29,35946.81
25662.55,35914.83
25641.09,35887.13
25665.79,35902.33
25693.8,35936.53
25699.1,35949.29
25671.27,35919.79
25646.1,35888.99
25668.74,35905.77
25704.95,35944.58
25709.85,35955.21
25681.21,35924.48
25657.48,35893.35
25678.42,35909.82
25710.7,35948.18
25712.39,35960.47
25680.21,35927.21
25662.04,35900.77
25682.18,35914.63
25708.89,35944.58
25706.2,35953.03
25678.49,35925.11
25655.09,35893.91
25679.56,35915.72
25707.01,35948.45
25706.14,35957.16
25679.22,35928.59
25660.36,35902.09
25677.57,35913.69
25709.02,35949.18
25712.87,35960.04
25684.59,35933.54
25658.39,35899.23
25679.47,35910.45
25711.84,35947.41
25715.48,35962.23
25688.66,35936.75
25669.12,35907.61
25687.81,35916.86
25720.04,35956.76
25722.95,35968.18
25693.66,35936.2
25668.83,35906.11
25687.65,35919.59
25715.3,35955.68
25709.6,35962.46
25679.09,35934.77
25655.09,35903.05
25675.47,35914.63
25703.61,35945.98
25711.9,35960.91
25680.39,35929.38
25655.62,35894.51
25677.39,35909.28
25703.66,35942.27
25705.42,35952.49
25679.72,35927.95
25656.85,35897.84
25671.85,35903.43
25708.93,35943.86
25709.87,35954.99
25680.23,35927.81
25649.81,35891.65
25668.47,35901.57
25700.46,35939.21
25704.13,35954.86
25677.84,35930.74
25657.07,35901.71
25674.69,35909.04
25699.65,35938.72
25701.2,35954.84
25671.71,35927.57
25652.63,35896.34
25673.73,35907.65
25702.47,35939.64
25711.88,35957.32
25690.29,35934.59
25670.49,35903.7
25684.23,35913.75
25705.89,35946.03
25705.27,35956.78
25681.73,35931.37
25659.58,35896.79
25678.8,35906.38
25704.21,35937.78
25709.8,35957.03
25683.49,35933.8
25656.18,35898.46
25672.79,35907.61
25702.45,35942.88
25711.84,35960.0
25683.99,35934.74
25659.2,35901.39
25672.86,35908.12
25703.68,35945.25
25709.91,35959.62
25685.55,35933.91
25662.42,35904.75
25677.26,35912.7
25705.22,35946.57
25715.03,35968.7
25692.28,35942.3
25672.7,35911.92
25687.58,35913.91
25710.29,35939.1
25717.45,35957.12
25691.65,35932.84
25664.03,35899.79
25680.46,35906.8
25710.5,35943.01
25718.5,35961.59
25696.75,35936.86
25669.44,35901.04
25674.17,35900.61
25702.78,35936.64
25711.77,35955.71
25686.91,35928.95
25657.92,35889.95
25673.06,35896.41
25711.57,35938.03
25717.04,35953.09
25692.57,35935.66
25664.94,35904.72
25671.63,35904.23
25706.25,35938.88
25714.12,35956.63
25692.84,35938.07
25665.12,35903.14
25674.89,35904.19
25698.63,35935.19
25711.26,35960.51
25683.0,35931.95
25647.22,35886.95
25659.8,35890.6
25691.85,35928.39
25701.67,35945.52
25676.03,35925.46
25655.18,35896.48
25679.16,35911.12
25716.31,35947.5
25718.03,35958.82
25684.05,35928.55
25656.79,35894.69
25672.3,35897.3
25702.11,35933.02
25712.19,35953.07
25693.44,35935.17
25669.55,35901.55
25680.37,35900.77
25712.44,35936.64
25715.81,35951.19
25691.61,35925.45
25667.65,35894.24
25678.76,35898.53
25712.02,35933.63
25722.59,35953.85
25695.47,35929.78
25670.8,35898.44
25674.35,35896.57
25711.23,35935.75
25724.49,35960.74
25702.85,35939.66
25675.6,35904.03
25684.99,35906.8
25717.31,35945.27
25727.51,35965.07
25701.51,35943.68
25667.0,35903.07
25677.48,35903.56
25712.64,35938.99
25719.88,35953.92
25698.27,35937.11
25669.03,35904.34
25676.72,35905.19
25710.0,35944.42
25716.78,35960.47
25694.58,35939.23
25667.18,35906.02
25678.98,35905.44
25711.03,35942.68
25716.87,35957.18
25693.98,35937.56
25669.41,35905.02
25683.52,35911.54
25711.41,35941.85
25717.04,35955.46
25692.46,35935.41
25671.0,35904.05
25686.27,35908.99
25722.92,35945.96
25735.26,35966.04
25707.32,35942.41
25680.39,35908.23
25684.79,35905.73
25719.79,35943.13
25726.54,35960.67
25700.41,35937.71
25674.91,35905.04
25687.29,35908.79
25717.6,35940.22
25725.85,35959.29
25705.13,35940.29
25673.23,35902.45
25675.29,35900.72
25705.42,35933.29
25718.52,35952.38
25698.74,35936.64
25670.4,35903.25
25678.11,35901.95
25715.97,35943.26
25720.76,35958.25
25700.55,35937.6
25677.21,35906.47
25680.41,35902.33
25717.31,35937.87
25728.29,35961.36
25713.94,35947.48
25685.1,35912.08
25689.15,35911.96
25722.28,35951.95
25729.56,35968.74
25702.18,35945.7
25676.25,35915.74
25684.43,35914.43
25724.26,35952.78
25732.4,35971.38
25705.38,35947.46
25670.62,35905.37
25678.96,35902.51
25716.89,35939.93
25732.51,35966.79
25716.53,35954.16
25690.45,35924.06
25696.08,35919.86
25734.19,35957.05
25736.76,35972.43
25715.1,35952.82
25685.33,35917.8
25685.95,35911.86
25727.44,35955.82
25736.38,35973.66
25710.94,35950.05
25681.91,35913.95
25683.85,35907.63
25722.36,35947.66
25729.9,35966.1
25711.99,35950.9
25680.34,35915.7
25680.07,35908.1
25718.72,35945.23
25726.59,35965.27
25714.54,35954.05
25684.34,35917.6
25690.0,35915.9
25730.01,35958.17
25739.49,35977.57
25715.59,35956.2
25682.42,35915.16
25687.09,35915.36
25718.43,35948.22
25724.8,35962.44
25710.09,35950.72
25687.54,35920.41
25682.67,35910.07
25712.96,35945.02
25726.7,35968.34
25706.94,35949.34
25675.25,35909.44
25678.53,35902.73
25708.93,35933.09
25719.93,35954.16
25707.93,35946.81
25679.87,35913.73
25682.02,35908.46
25718.97,35943.73
25733.76,35968.65
25711.55,35950.88
25679.09,35911.45
25679.0,35904.59
25712.57,35941.98
25720.51,35960.78
25703.14,35946.5
25680.81,35917.15
25675.58,35909.6
25706.81,35942.83
25717.65,35965.5
25701.51,35953.74
25673.71,35915.63
25670.53,35904.25
25703.66,35941.05
25721.4,35967.51
25703.86,35951.53
25673.08,35912.66
25675.11,35907.41
25709.76,35944.71
25722.7,35969.23
25711.75,35957.61
25686.58,35922.25
25688.79,35916.26
25724.13,35953.9
25730.68,35970.53
25711.95,35951.66
25676.97,35913.3
25677.86,35911.56
25716.93,35950.59
25728.73,35973.41
25714.52,35959.69
25686.02,35918.98
25686.27,35909.71
25717.4,35944.38
25729.63,35968.02
25708.66,35949.79
25678.62,35914.36
25677.75,35908.03
25721.09,35948.22
25736.96,35970.24
25715.68,35955.89
25679.16,35915.25
25673.28,35905.57
25711.77,35948.33
25731.28,35974.73
25715.73,35956.45
25691.0,35920.82
25688.97,35907.5
25725.92,35946.54
25740.96,35972.43
25728.18,35967.98
25691.77,35930.52
25689.44,35925.27
25728.69,35961.7
25742.19,35979.33
25726.21,35968.2
25693.31,35929.04
25692.53,35916.97
25730.5,35953.14
25737.9,35973.43
25708.93,35949.76
25683.92,35913.8
25684.23,35903.45
25720.51,35939.57
25736.38,35967.06
25719.17,35954.05
25688.66,35915.81
25678.13,35894.53
25717.51,35935.59
25736.94,35966.88
25711.1,35952.38
25679.49,35918.76
25680.7,35906.63
25717.87,35934.36
25727.24,35955.98
25706.9,35946.54
25676.54,35909.55
25679.38,35905.48
25715.17,35942.36
25727.82,35960.04
25712.42,35949.61
25679.56,35911.03
25670.96,35895.85
25709.15,35931.81
25727.59,35957.0
25719.3,35953.56
25692.37,35922.63
25684.68,35907.03
25721.47,35940.29
25733.32,35958.46
25720.24,35949.0
25690.04,35915.81
25681.88,35902.09
25716.51,35936.82
25734.08,35961.72
25722.97,35956.78
25687.72,35914.74
25680.79,35897.32
25718.54,35933.63
25724.55,35951.06
25710.67,35941.69
25680.43,35906.2
25673.86,35894.17
25708.69,35927.05
25725.78,35957.21
25713.87,35953.27
25679.34,35912.12
25677.97,35899.07
25717.65,35935.1
25732.69,35963.35
25721.13,35960.98
25689.42,35922.79
25672.79,35898.82
25707.28,35935.88
25724.69,35957.99
25716.6,35954.88
25686.71,35922.05
25673.19,35898.24
25711.35,35936.64
25726.92,35962.35
25715.99,35956.51
25690.63,35920.84
25678.6,35900.23
25707.3,35931.81
25723.1,35960.74
25713.69,35957.54
25688.01,35923.88
25673.1,35897.75
25705.78,35930.52
25724.29,35957.0
25714.85,35950.57
25688.17,35918.49
25681.46,35905.91
25713.8,35939.84
25725.87,35968.27
25711.97,35964.58
25682.13,35922.96
25681.95,35909.37
25713.2,35941.34
25728.56,35969.95
25717.2,35965.95
25692.3,35929.15
25689.11,35913.44
25730.01,35951.06
25744.47,35974.86
25727.17,35972.54
25692.79,35935.79
25688.88,35917.22
25731.28,35950.68
25748.29,35979.91
25725.87,35970.35
25690.0,35928.5
25690.27,35913.78
25729.16,35948.82
25739.29,35976.38
25729.0,35976.18
25701.78,35940.11
25687.47,35915.5
25720.02,35947.95
25733.52,35973.86
25730.79,35971.0
25704.59,35934.52
25692.79,35914.8
25725.14,35950.01
25735.75,35974.28
25722.16,35965.27
25691.61,35922.02
25680.88,35900.45
25713.67,35936.93
25723.64,35962.19
25711.21,35955.37
25689.66,35922.79
25677.93,35902.15
25708.66,35933.09
25722.12,35962.64
25718.65,35964.54
25695.52,35929.45
25677.75,35905.35
25701.04,35931.46
25729.07,35965.36
25725.31,35964.29
25696.62,35928.84
25690.47,35912.84
25732.02,35950.23
25744.34,35973.41
25728.89,35968.31
25700.57,35932.64
25689.17,35910.27
25722.28,35941.47
25745.59,35974.86
25734.99,35975.22
25701.85,35938.61
25688.32,35913.91
25725.27,35948.27
25748.63,35975.85
25731.28,35969.5
25693.08,35927.99
25683.65,35910.6
25717.02,35940.46
25733.79,35968.27
25731.44,35971.96
25700.68,35932.3
25685.75,35908.01
25724.33,35941.89
25744.18,35973.41
25742.82,35981.68
25715.59,35946.9
25697.93,35921.78
25732.78,35953.63
25751.67,35982.8
25736.85,35979.8
25706.14,35942.23
25698.31,35921.53
25728.02,35953.76
25745.16,35980.03
25743.04,35980.18
25709.85,35941.36
25694.47,35919.86
25721.54,35949.74
25742.08,35977.61
25735.89,35972.25
25709.04,35937.49
25696.03,35918.65
25721.52,35946.27
25740.11,35975.63
25738.17,35976.2
25705.73,35940.51
25694.98,35922.74
25728.44,35948.96
25750.15,35976.83
25744.8,35986.73
25708.44,35951.44
25696.26,35927.77
25736.71,35960.87
25753.52,35981.9
25750.24,35985.66
25715.44,35948.58
25691.63,35921.67
25732.04,35956.18
25762.33,35989.26
25749.39,35984.25
25714.23,35948.11
25703.34,35927.93
25733.76,35956.58
25751.02,35985.32
25747.4,35989.3
25715.26,35952.13
25696.64,35924.77
25732.58,35957.21
25777.01,36012.48
25765.1,36010.04
25697.42,35939.01
25668.27,35899.31
25705.0,35928.37
25738.66,35970.41
25722.63,35962.91
25680.25,35918.63
25673.3,35899.56
25713.54,35934.14
25731.13,35961.23
25721.67,35960.13
25693.42,35927.32
25682.18,35911.45
25736.76,35973.19
25733.81,35978.21
25700.33,35938.54
25688.26,35912.86
25727.46,35946.86
25744.49,35974.35
25735.64,35974.46
25701.73,35936.86
25689.33,35915.63
25723.75,35945.14
25747.44,35977.23
25738.12,35977.16
25703.34,35940.73
25690.69,35914.91
25726.37,35942.25
25739.53,35974.48
25732.36,35977.1
25710.96,35946.43
25696.86,35920.91
25725.16,35942.9
25745.36,35973.37
25733.96,35974.86
25698.43,35935.59
25678.58,35908.9
25711.84,35935.37
25732.6,35960.67
25728.8,35962.21
25697.93,35926.96
25684.34,35905.95
25715.66,35933.63
25734.63,35962.23
25726.92,35965.39
25694.4,35927.39
25681.48,35902.51
25716.51,35933.69
25738.26,35966.35
25725.25,35964.07
25690.63,35925.87
25674.96,35901.37
25705.64,35929.0
25723.5,35960.02
25710.5,35960.83
25685.48,35927.63
25678.44,35906.55
25701.24,35925.09
25721.89,35952.42
25719.39,35959.73
25695.83,35933.36
25676.97,35906.45
25705.82,35931.34
25733.41,35964.65
25728.6,35964.65
25693.51,35922.56
25679.18,35902.73
25705.73,35927.59
25733.16,35962.3
25724.64,35963.98
25701.29,35934.5
25687.21,35910.8
25716.66,35933.04
25739.26,35963.13
25734.23,35964.92
25701.67,35923.92
25686.04,35901.08
25715.66,35930.5
25743.84,35967.93
25741.97,35974.17
25715.05,35938.92
25676.12,35892.48
25700.55,35912.08
25728.02,35947.82
25724.76,35950.99
25693.66,35912.43
25682.78,35889.26
25711.72,35913.55
25728.38,35939.79
25728.4,35948.06
25696.99,35914.85
25678.26,35889.95
25709.65,35919.54
25737.34,35957.83
25742.55,35967.15
25711.86,35929.33
25687.07,35898.15
25713.18,35919.01
25735.78,35949.43
25728.44,35952.09
25697.29,35916.82
25678.26,35891.22
25704.64,35912.93
25731.91,35941.4
25735.19,35954.46
25705.02,35920.44
25680.86,35887.85
25709.38,35911.27
25742.73,35946.72
25741.47,35953.99
25715.88,35927.93
25698.89,35903.23
25719.12,35920.04
25746.93,35952.4
