6981.32,17480.14
6992.83,17656.02
7214.38,17891.05
7304.86,17855.09
7198.38,17666.66
6984.36,17480.58
6996.86,17660.22
7217.69,17903.63
7328.33,17884.39
7210.65,17682.06
6982.08,17469.14
7007.58,17659.98
7237.52,17919.64
7313.33,17869.71
7215.88,17698.54
6979.85,17494.82
6981.7,17659.91
7208.28,17905.29
7295.85,17860.12
7189.86,17670.01
6968.4,17471.42
6987.22,17665.12
7218.92,17927.28
7310.72,17890.54
7206.6,17701.22
6975.04,17492.65
6978.5,17671.13
7221.42,17940.83
7317.83,17905.91
7203.77,17709.67
6978.28,17507.96
6994.24,17692.86
7213.69,17938.19
7295.94,17890.8
7185.73,17693.06
6957.67,17490.37
6956.94,17657.65
7198.22,17919.97
7293.42,17880.08
7172.43,17672.74
6943.64,17467.08
6940.75,17635.03
7178.06,17898.7
7271.6,17856.72
7170.53,17673.08
6947.66,17468.63
6957.27,17643.08
7193.64,17907.37
7294.96,17887.01
7184.32,17690.09
6949.85,17469.92
6945.96,17636.71
7175.42,17897.06
7285.04,17882.36
7163.42,17674.17
6931.59,17466.28
6953.81,17656.45
7189.68,17914.03
7282.4,17879.63
7181.57,17696.23
6960.53,17492.18
6946.01,17642.75
7182.91,17906.67
7279.85,17875.45
7168.09,17681.75
6946.94,17479.31
6967.8,17671.38
7193.86,17933.7
7277.59,17880.41
7171.36,17682.78
6959.22,17486.24
6963.06,17655.8
7179.56,17907.81
7278.69,17880.54
7164.83,17684.43
6955.55,17489.79
6955.35,17653.36
7172.09,17901.8
7262.06,17860.63
7168.0,17678.44
6956.4,17484.43
6951.95,17651.24
7171.51,17907.28
7283.96,17885.84
7184.81,17701.35
6952.29,17483.42
6957.61,17644.78
7181.46,17899.52
7274.67,17870.8
7167.18,17677.95
6949.58,17477.99
6944.42,17635.59
7169.25,17897.98
7269.19,17880.03
7168.29,17687.38
6947.91,17481.7
6941.8,17636.84
7176.68,17906.18
7283.27,17884.57
7181.68,17694.4
6962.43,17501.93
6945.58,17650.26
7163.24,17898.4
7281.95,17881.37
7181.64,17696.59
6944.49,17482.28
6933.13,17637.89
7173.35,17914.61
7268.74,17883.18
7165.03,17684.97
6957.0,17486.95
6953.6,17650.68
7176.43,17913.71
7277.91,17888.95
7193.33,17708.93
6969.5,17503.05
6961.58,17661.65
7192.88,17918.34
7290.56,17890.31
7189.21,17701.96
6961.58,17485.61
6956.11,17650.68
7175.2,17906.5
7269.79,17870.02
7192.57,17699.77
6981.25,17509.6
6972.65,17668.18
7186.87,17917.31
7279.02,17880.63
7182.26,17698.18
6971.75,17502.55
6959.51,17646.99
7182.08,17903.63
7279.11,17875.76
7185.84,17695.85
6966.73,17496.21
6959.64,17657.79
7179.56,17921.03
7274.2,17891.45
7191.03,17715.01
6966.64,17491.8
6947.66,17637.56
7176.99,17906.29
7281.93,17886.83
7194.06,17705.58
6977.59,17499.0
6970.59,17651.19
7174.42,17900.19
7277.39,17881.35
7190.73,17709.8
6966.08,17495.04
6952.04,17643.82
7196.05,17924.82
7297.13,17898.0
7200.01,17712.51
6980.87,17505.13
6956.94,17647.51
7179.96,17912.6
7284.7,17890.0
7173.41,17689.19
6969.94,17495.2
6957.45,17648.65
7176.43,17911.19
7285.46,17896.13
7188.16,17709.62
6956.62,17493.53
6933.2,17636.93
7173.03,17909.87
7273.66,17883.0
7187.76,17707.54
6955.93,17479.33
6945.0,17632.17
7184.34,17914.77
7287.32,17894.56
7185.48,17696.05
6963.31,17483.29
6951.57,17639.86
7178.46,17914.9
7278.98,17890.47
7195.96,17708.53
6962.66,17482.33
6949.81,17628.22
7178.37,17903.81
7282.49,17892.53
7185.95,17706.36
6964.83,17492.88
6941.71,17631.68
7176.85,17908.13
7281.62,17889.4
7196.46,17713.06
6962.43,17484.7
6934.14,17620.51
7169.05,17902.36
7283.54,17896.57
7200.3,17717.49
6971.31,17489.05
6935.97,17616.55
7171.11,17899.23
7278.33,17881.33
7200.66,17712.04
6992.5,17512.48
6968.58,17642.3
7192.52,17909.36
7293.06,17891.74
7201.8,17713.51
6973.05,17492.5
6940.33,17624.82
7168.14,17898.87
7283.45,17892.59
7197.4,17711.21
6990.71,17511.16
6958.52,17638.23
7187.67,17907.5
7296.61,17894.31
7208.75,17711.97
6990.87,17501.35
6971.2,17641.72
7185.84,17903.59
7296.68,17898.81
7208.39,17721.87
6983.78,17505.64
6953.23,17634.32
7176.56,17900.53
7296.19,17899.16
7213.85,17723.59
6997.46,17508.88
6963.77,17630.45
7195.79,17916.06
7309.96,17916.11
7216.77,17728.53
6993.03,17509.22
6969.12,17647.93
7199.32,17927.42
7299.32,17909.71
7226.48,17739.62
7002.06,17513.73
6952.38,17632.15
7186.69,17914.27
7307.79,17916.24
7225.89,17741.76
7009.24,17525.33
6972.49,17645.45
7198.56,17924.09
7309.15,17914.56
7214.67,17727.15
7003.61,17516.01
6976.72,17649.41
7201.64,17921.65
7322.25,17921.61
7233.09,17739.1
7014.27,17526.96
6979.13,17652.98
7206.47,17928.24
7319.48,17922.97
7249.25,17756.92
7033.69,17538.54
6978.17,17645.38
7197.98,17923.51
7317.67,17919.64
7246.84,17751.06
7024.57,17536.26
6993.7,17668.16
7208.17,17932.33
7319.21,17929.52
7246.3,17761.61
7041.04,17560.83
6999.92,17680.45
7217.85,17951.42
7324.29,17935.29
7261.75,17773.23
7050.1,17563.2
7005.39,17688.81
7225.34,17972.63
7343.31,17969.68
7262.48,17784.34
7037.58,17565.19
6995.72,17684.79
7209.17,17955.4
7323.91,17953.5
7263.31,17794.58
7057.81,17589.57
7010.98,17704.66
7223.03,17975.56
7347.87,17985.87
7275.07,17821.43
7054.79,17597.28
7030.07,17731.06
7256.29,18019.06
7354.8,17998.09
7269.79,17821.69
7071.15,17623.25
7035.26,17749.59
7262.17,18033.86
7377.93,18034.04
7294.58,17855.65
7073.75,17625.04
7033.74,17742.39
7243.89,18012.58
7373.46,18027.46
7301.62,17864.56
7075.87,17643.66
7038.83,17763.33
7269.7,18046.24
7390.78,18051.85
7318.43,17886.02
7100.72,17666.21
7046.21,17778.09
7262.26,18049.05
7394.4,18061.59
7331.35,17907.14
7107.39,17677.64
7056.65,17767.18
7285.17,18055.25
7393.33,18060.14
7316.73,17891.52
7102.22,17673.37
7063.02,17797.6
7301.78,18096.13
7416.55,18096.93
7350.64,17927.62
7133.63,17713.4
7079.07,17817.56
7304.91,18100.35
7418.86,18105.58
7349.39,17942.59
7126.83,17717.69
7068.45,17819.23
7297.31,18111.24
7418.45,18124.38
7347.53,17948.58
7133.18,17727.15
7081.32,17838.66
7306.7,18122.93
7424.82,18127.22
7337.12,17943.49
7138.92,17741.76
7092.12,17856.0
7309.04,18132.65
7442.8,18151.92
7366.13,17975.63
7149.41,17755.85
7085.82,17853.37
7318.65,18137.43
7460.9,18162.56
7399.92,18005.71
7178.24,17774.67
7128.46,17881.19
7347.26,18162.27
7466.02,18165.8
7395.77,17995.99
7198.63,17800.66
7137.09,17896.55
7340.29,18142.49
7462.73,18152.86
7403.68,18005.29
7186.2,17783.14
7125.65,17878.29
7336.58,18149.75
7471.92,18166.22
7388.91,17986.83
7178.96,17771.0
7133.8,17881.55
7359.58,18170.56
7490.47,18186.59
7425.5,18018.77
7201.51,17789.66
7148.13,17897.94
7392.44,18200.06
7518.63,18204.98
7434.35,18016.31
7212.91,17783.83
7145.41,17877.48
7366.55,18168.79
7509.76,18193.11
7437.07,18019.1
7213.53,17792.5
7156.04,17892.32
7383.34,18182.25
7507.97,18193.85
7437.59,18027.71
7220.37,17804.53
7152.87,17893.91
7378.94,18188.29
7508.58,18201.0
7444.09,18036.76
7240.0,17818.43
7192.46,17926.9
7412.04,18216.36
7532.16,18222.95
7461.66,18048.14
7256.52,17832.4
7189.64,17925.34
7405.38,18213.72
7531.82,18224.7
7463.56,18057.24
7244.0,17832.69
7181.19,17923.21
7403.3,18210.81
7529.14,18232.23
7473.91,18079.01
7263.85,17852.47
7199.56,17944.16
7421.38,18237.3
7545.84,18251.29
7479.47,18083.39
7258.8,17851.18
7187.16,17935.89
7410.56,18228.5
7540.49,18251.61
7485.62,18098.95
7267.6,17872.03
7193.19,17951.45
7412.89,18240.86
7542.17,18266.2
7468.3,18095.14
7265.19,17880.86
7192.88,17972.54
7410.14,18260.3
7546.6,18289.61
7478.65,18117.34
7268.99,17896.08
7176.34,17962.06
7399.16,18258.74
7553.28,18301.52
7482.6,18126.77
7269.19,17903.93
7191.87,17991.37
7416.31,18287.66
7548.59,18307.06
7479.81,18140.68
7268.68,17914.12
7191.38,17985.93
7420.31,18290.34
7547.42,18308.18
7479.99,18135.27
7263.71,17907.44
7181.15,17984.64
7424.22,18295.48
7554.71,18316.9
7483.99,18138.37
7272.61,17909.71
7187.83,17978.31
7406.38,18266.96
7540.74,18290.86
7475.38,18126.46
7266.33,17898.94
7191.34,17983.23
7407.95,18273.69
7535.24,18288.62
7461.66,18116.29
7249.41,17888.68
7185.75,17974.58
7407.3,18270.83
7540.36,18291.3
7482.74,18132.34
7261.37,17895.88
7192.14,17977.71
7415.17,18276.33
7542.69,18296.04
7474.11,18124.16
7248.89,17885.6
7191.11,17984.86
7404.44,18276.1
7532.05,18299.35
7475.76,18130.91
7267.13,17902.72
7183.92,17975.96
7420.06,18284.31
7549.9,18308.4
7479.79,18133.97
7257.23,17897.8
7176.25,17974.09
7398.61,18272.75
7537.21,18299.33
7465.44,18119.31
7265.17,17903.37
7185.1,17979.41
7405.49,18268.77
7535.96,18291.39
7479.54,18131.18
7276.36,17909.33
7182.8,17968.99
7403.99,18261.67
7536.54,18286.39
7475.34,18126.24
7273.01,17907.75
7189.53,17976.79
7405.02,18265.44
7541.66,18293.85
7475.12,18125.59
7271.65,17904.15
7188.88,17971.49
7400.26,18262.58
7545.95,18296.04
7490.09,18130.26
7275.2,17898.23
7195.07,17970.6
7404.95,18260.01
7539.82,18293.25
7489.53,18141.44
7255.17,17885.51
7173.32,17954.51
7396.37,18251.45
7543.91,18288.67
7478.13,18121.68
7265.72,17893.2
7191.18,17970.94
7409.11,18264.97
7531.17,18281.74
7464.16,18106.86
7271.87,17899.92
7187.0,17964.41
7407.14,18255.65
7546.87,18286.14
7497.29,18137.55
7292.73,17914.32
7193.35,17964.95
7407.46,18255.76
7540.05,18281.89
7497.24,18131.58
7304.73,17920.71
7205.96,17976.19
7413.25,18263.05
7562.35,18302.84
7506.3,18138.35
7302.07,17915.86
7210.29,17978.18
7407.23,18255.09
7551.02,18287.88
7490.05,18120.18
7280.23,17889.93
7191.36,17953.19
7412.96,18258.22
7557.75,18294.43
7507.35,18132.29
7295.36,17900.46
7202.38,17958.46
7417.07,18251.23
7554.62,18285.16
7492.6,18115.89
7283.94,17889.49
7200.46,17957.82
7402.14,18240.1
7552.3,18286.97
7516.06,18143.56
7309.6,17908.51
7207.48,17956.79
7411.79,18244.48
7552.14,18283.79
7497.8,18123.78
7296.3,17900.42
7209.85,17960.95
7414.88,18250.38
7569.84,18302.59
7527.31,18154.78
7310.74,17917.34
7223.28,17981.62
7437.5,18277.31
7579.01,18311.17
7534.42,18161.24
7334.1,17935.13
7225.96,17975.47
7431.26,18263.14
7575.59,18301.94
7516.71,18133.59
7300.93,17900.64
7209.64,17960.81
7426.23,18262.74
7570.31,18300.47
7517.03,18135.56
7311.68,17909.65
7218.07,17965.73
7430.19,18257.6
7580.44,18303.35
7529.41,18144.47
7326.39,17920.82
7223.73,17970.44
7434.17,18265.31
7583.41,18314.68
7528.38,18153.97
7334.21,17937.39
7246.01,18000.37
7457.41,18297.32
7594.56,18328.36
7536.27,18153.04
7336.8,17927.39
7233.52,17973.46
7445.12,18275.97
7582.65,18314.3
7538.84,18161.04
7322.45,17922.1
7222.32,17971.56
7437.39,18270.11
7580.77,18308.51
7535.4,18152.68
7330.79,17921.29
7226.45,17965.84
7445.46,18272.08
7600.91,18325.21
7555.72,18171.23
7349.34,17945.1
7239.8,17984.06
7447.24,18272.62
7585.98,18310.12
7536.25,18157.01
7336.69,17926.12
7235.73,17966.09
7443.67,18262.58
7576.1,18298.01
7521.43,18132.32
7337.16,17924.06
7233.9,17971.23
7433.59,18258.33
7578.38,18302.75
7531.22,18150.87
7321.69,17912.98
7223.75,17957.41
7438.62,18255.47
7596.33,18315.38
7552.23,18160.26
7338.12,17919.84
7218.88,17944.79
7432.22,18246.2
7588.48,18307.04
7543.2,18151.07
7327.68,17911.68
7216.64,17948.32
7428.65,18252.93
7571.34,18301.09
7538.82,18152.52
7333.14,17913.96
7230.45,17954.64
7437.27,18253.89
7590.96,18310.91
7541.03,18146.15
7334.64,17911.3
7227.39,17950.89
7432.92,18248.03
7579.9,18302.9
7526.01,18126.64
7330.72,17901.36
7228.6,17949.9
7440.4,18251.54
7589.67,18304.09
7537.88,18142.31
7340.51,17909.6
7233.43,17943.51
7440.23,18247.2
7582.05,18295.68
7544.21,18142.75
7337.72,17912.75
7224.51,17952.61
7442.66,18252.05
7588.19,18297.43
7554.91,18156.46
7347.22,17921.72
7224.33,17939.11
7444.38,18244.23
7599.28,18302.66
7563.05,18156.16
7362.89,17934.55
7232.49,17958.55
7440.4,18261.78
7591.39,18304.76
7545.93,18141.14
7345.54,17914.27
7227.62,17942.37
7440.0,18248.77
7592.91,18306.28
7544.05,18143.09
7339.96,17910.14
7233.52,17946.53
7429.16,18232.79
7582.47,18293.65
7544.45,18146.62
7342.55,17911.19
7227.66,17931.73
7432.69,18229.3
7601.69,18299.78
7558.24,18143.42
7338.26,17896.35
7228.02,17934.3
7444.23,18243.72
7597.56,18301.43
7564.57,18156.75
7357.43,17920.98
7245.52,17949.88
7444.72,18240.36
7595.48,18296.45
7557.44,18145.03
7355.53,17908.37
7233.94,17929.18
7441.19,18233.81
7603.64,18300.65
7558.82,18145.3
7362.58,17922.23
7236.51,17935.73
7453.57,18241.93
7600.91,18297.0
7565.31,18146.98
7359.45,17913.02
7242.81,17941.57
7447.49,18243.45
7602.23,18303.69
7562.49,18146.55
7358.48,17910.36
7253.88,17949.3
7454.02,18249.55
7608.85,18309.88
7554.29,18142.93
7361.06,17921.85
7254.66,17954.4
7461.08,18251.45
7613.67,18311.24
7567.36,18151.38
7372.59,17923.57
7253.32,17943.69
7439.4,18228.83
7592.98,18289.58
7571.68,18152.37
7368.1,17913.13
7241.88,17928.6
7452.21,18236.54
7611.51,18305.88
7570.22,18153.57
7364.09,17914.1
7248.33,17935.46
7459.67,18236.65
7612.85,18300.22
7567.99,18143.47
7359.36,17905.65
7247.26,17928.87
7451.49,18225.81
7609.96,18292.53
7577.73,18149.59
7380.39,17916.08
7266.28,17943.0
7461.97,18240.79
7624.43,18313.21
7582.56,18161.17
7378.27,17925.41
7254.01,17937.41
7454.62,18236.34
7616.02,18307.78
7580.46,18149.93
7370.93,17908.89
7252.6,17929.99
7454.55,18232.03
7609.25,18296.98
7569.95,18139.74
7365.21,17903.59
7246.64,17923.1
7454.78,18228.43
7621.85,18307.84
7582.07,18152.01
7376.88,17910.52
7249.1,17921.25
7451.27,18229.03
7604.04,18290.61
7571.25,18138.44
7375.65,17908.11
7263.38,17929.05
7461.19,18228.27
7623.96,18301.83
7583.12,18147.09
7386.45,17923.1
7265.81,17932.78
7462.51,18232.79
7622.44,18305.88
7592.08,18156.48
7386.78,17913.94
7265.01,17928.36
7456.85,18224.85
7629.14,18308.87
7599.01,18162.89
7401.31,17930.46
7269.01,17937.7
7459.51,18227.65
7616.94,18292.44
7585.71,18148.32
7394.85,17923.13
7268.36,17932.74
7458.98,18227.06
7608.2,18288.62
7571.61,18130.91
7388.95,17915.97
7265.9,17923.6
7451.0,18209.92
7616.29,18287.17
7589.31,18141.73
7383.25,17897.8
7262.17,17911.08
7467.85,18220.98
7628.78,18298.84
7589.4,18148.21
7395.54,17919.39
7266.31,17922.77
7465.17,18219.09
7630.39,18294.86
7590.79,18138.02
7404.86,17909.56
7265.95,17907.28
7458.6,18206.79
7619.55,18280.33
7590.03,18131.13
7397.82,17903.95
7254.82,17894.49
7451.71,18196.42
7628.9,18290.01
7598.94,18143.22
7388.32,17892.3
7262.48,17899.52
7450.08,18193.11
7624.98,18279.12
7599.37,18137.12
7390.49,17897.47
7276.52,17915.46
7469.98,18208.47
7637.95,18290.37
7609.2,18147.25
7410.47,17915.01
7269.52,17908.84
7451.6,18195.75
7628.83,18287.26
7605.74,18143.63
7403.5,17906.41
7259.09,17893.38
7456.36,18197.74
7618.21,18275.86
7596.78,18136.05
7395.32,17899.12
7254.24,17886.94
7443.87,18184.44
7612.18,18270.31
7596.78,18139.58
7397.78,17899.72
7257.01,17881.53
7457.15,18191.48
7613.18,18266.58
7578.65,18118.84
7400.33,17907.19
7269.57,17906.23
7466.11,18208.47
7624.11,18284.82
7583.3,18129.19
7394.96,17898.92
7256.69,17883.76
7447.49,18178.96
7617.74,18269.33
7589.51,18128.7
7403.81,17905.47
7262.86,17891.34
7462.93,18197.07
7624.47,18275.93
7597.04,18129.25
7391.21,17885.4
7261.84,17888.59
7450.37,18180.1
7612.47,18259.43
7588.71,18118.35
7398.94,17896.68
7261.41,17888.5
7447.44,18175.79
7603.37,18249.13
7586.16,18117.23
7402.81,17895.21
7249.65,17868.5
7431.66,18160.75
7620.56,18267.83
7605.65,18127.33
7408.31,17890.13
7267.0,17876.79
7457.3,18181.02
7624.36,18275.66
7593.42,18129.59
7418.34,17915.06
7277.35,17899.79
7458.17,18192.49
7636.63,18288.6
7611.06,18144.16
7413.69,17909.54
7272.39,17896.28
7451.56,18182.5
7621.1,18276.19
7601.45,18136.67
7399.86,17898.27
7275.11,17900.93
7476.93,18213.72
7635.8,18291.42
7607.86,18148.19
7407.37,17908.06
7258.66,17882.02
7456.77,18191.68
7623.96,18283.57
7602.39,18145.14
7402.81,17906.03
7259.15,17889.67
7460.88,18198.92
7638.4,18299.91
7608.33,18156.16
7411.03,17918.03
7278.09,17905.45
7459.54,18197.83
7618.97,18281.0
7601.29,18143.31
7413.34,17910.01
7255.98,17879.63
7448.23,18187.44
7632.36,18292.02
7605.23,18147.0
7412.53,17917.36
7274.96,17900.28
7462.6,18201.58
7628.69,18291.26
7610.63,18156.1
7412.46,17913.65
7262.28,17885.78
7440.49,18178.96
7623.98,18285.27
7613.94,18159.03
7418.81,17925.99
7275.78,17903.7
7463.02,18199.59
7637.46,18297.18
7614.79,18157.06
7419.97,17928.18
7259.47,17892.1
7449.01,18190.1
7624.76,18289.87
7607.35,18154.96
7423.1,17927.08
7275.98,17898.11
7454.33,18189.33
7635.83,18298.21
7614.77,18151.87
7424.33,17921.63
7283.74,17902.0
7461.55,18192.71
7621.41,18278.9
7603.62,18144.32
7413.34,17911.53
7264.9,17881.28
7449.32,18179.93
7625.83,18282.14
7605.34,18146.22
7410.03,17906.34
7257.95,17872.14
7441.7,18170.69
7622.73,18278.68
7597.72,18136.79
7399.46,17893.42
7263.47,17878.69
7443.67,18174.78
7620.67,18276.42
7605.31,18135.67
7420.51,17914.72
7270.96,17882.94
7450.19,18179.54
7625.88,18281.92
7611.86,18144.16
7405.42,17906.67
7260.7,17886.71
7457.57,18188.04
7628.45,18281.83
7611.6,18145.99
7427.73,17929.47
7273.19,17893.87
7445.79,18170.4
7618.66,18274.61
7611.51,18148.19
7423.1,17914.21
7260.45,17875.79
7444.11,18173.82
7610.23,18268.55
7605.4,18145.32
7428.69,17925.47
7275.63,17885.69
7455.45,18175.19
7627.49,18271.92
7614.9,18140.54
7420.15,17902.0
7278.09,17876.86
7455.36,18168.62
7624.54,18270.76
7626.68,18152.23
7440.47,17921.99
7283.79,17888.28
7454.15,18170.83
7628.76,18271.68
7611.64,18131.85
7430.08,17908.98
7277.26,17880.01
7452.61,18176.97
7633.7,18287.04
7621.81,18150.55
7435.67,17919.39
7263.44,17868.83
7448.03,18171.59
7625.21,18276.57
7624.11,18154.49
7445.16,17926.81
7277.28,17876.54
7451.71,18171.56
7627.4,18282.97
7607.21,18137.81
7433.5,17909.63
7281.19,17873.3
7461.48,18172.86
7634.95,18272.46
7610.99,18131.82
7425.12,17906.38
7267.62,17870.2
7469.71,18188.51
7648.3,18296.71
7632.34,18160.41
7448.96,17929.21
7275.96,17872.63
7443.33,18154.0
7611.95,18252.48
7616.09,18130.77
7435.82,17908.87
7274.17,17859.15
7453.84,18154.2
7636.45,18269.85
7610.77,18124.78
7424.22,17896.15
7272.23,17862.37
7447.69,18160.17
7637.23,18277.36
7634.13,18152.54
7443.26,17917.98
7276.16,17867.6
7452.94,18165.82
7624.25,18259.54
7614.26,18130.75
7434.75,17906.81
7286.29,17868.12
7454.71,18148.63
7641.9,18269.87
7628.78,18139.83
7433.97,17907.48
7266.64,17849.77
7438.82,18139.42
7631.09,18262.25
7629.9,18141.95
7449.17,17919.68
7286.33,17868.36
7452.74,18155.52
7626.95,18264.77
7620.8,18132.88
7440.18,17907.55
7284.48,17872.1
7450.89,18154.8
7632.2,18258.98
7638.28,18138.64
7453.95,17913.34
7286.47,17856.65
7456.32,18152.19
7632.56,18264.77
7631.65,18142.31
7447.69,17914.14
7289.44,17866.11
7467.25,18158.33
7649.71,18278.56
7644.54,18158.45
7445.7,17910.86
7270.55,17848.78
7456.05,18159.05
7642.62,18282.81
7635.38,18151.94
7451.49,17920.98
7295.36,17872.32
7464.1,18157.53
7623.93,18249.75
7625.36,18131.82
7449.41,17909.29
7268.68,17843.29
7446.19,18146.15
7635.67,18268.3
7623.38,18134.13
7442.26,17901.2
7278.09,17847.67
7443.24,18141.5
7630.64,18259.94
7620.49,18120.67
7441.39,17896.68
7283.32,17849.32
7452.94,18136.74
7635.98,18252.72
7631.18,18130.86
7449.34,17908.96
7278.82,17844.2
7444.72,18127.09
7633.81,18257.31
7623.42,18125.41
7446.68,17895.68
7291.72,17847.78
7459.11,18140.18
7647.31,18263.07
7639.36,18130.24
7463.9,17913.31
7289.26,17849.16
7457.28,18135.85
7633.95,18248.61
7629.19,18118.41
7450.91,17893.51
7278.38,17834.66
7467.25,18147.25
7643.8,18258.83
7634.31,18126.17
7453.88,17897.22
7279.02,17840.63
7447.67,18138.02
7626.39,18249.28
7633.66,18129.25
7468.54,17915.84
7305.91,17865.9
7464.32,18143.04
7652.03,18260.21
7635.91,18122.79
7471.05,17912.66
7298.98,17854.3
7457.57,18141.14
7643.02,18263.34
7644.59,18144.38
7468.1,17918.05
7302.6,17859.24
7465.01,18142.71
7648.07,18256.52
7647.4,18132.38
7457.08,17899.88
7281.3,17832.8
7454.51,18132.2
7641.21,18259.09
7639.45,18129.99
7457.28,17900.08
7295.97,17849.68
7456.39,18133.21
7640.5,18254.24
7641.66,18133.14
7464.12,17903.19
7290.45,17840.13
7453.52,18131.24
7636.25,18252.1
7639.38,18130.08
7470.78,17912.38
7311.21,17859.02
7469.01,18142.66
7653.86,18264.77
7656.01,18143.4
7481.53,17929.21
7307.3,17866.15
7460.23,18139.27
7642.69,18257.64
7651.36,18139.11
7466.49,17903.77
7296.03,17845.54
7470.82,18146.93
7660.48,18273.62
7655.72,18143.27
7475.36,17921.23
7305.35,17858.95
7457.95,18133.54
7645.23,18260.57
7647.25,18138.98
7451.98,17900.46
7286.58,17839.64
7465.39,18138.08
7652.32,18264.93
7648.7,18140.61
7481.17,17921.11
7308.37,17848.94
7463.07,18132.36
7651.47,18263.21
7650.09,18138.46
7459.69,17900.6
7305.78,17853.75
7480.03,18150.49
7653.33,18268.15
7653.89,18144.07
7485.13,17929.5
7311.19,17861.99
7472.66,18150.87
7651.07,18267.14
7655.27,18148.01
7467.85,17911.12
7297.04,17843.98
7461.21,18137.46
7649.39,18264.12
7670.27,18158.15
7484.86,17917.07
7300.44,17841.38
7466.18,18137.61
7661.17,18276.22
7664.75,18154.04
7485.06,17923.82
7301.15,17847.24
7453.41,18124.34
7660.46,18275.14
7657.35,18150.38
7474.83,17917.36
7312.62,17857.9
7470.27,18147.07
7651.67,18266.16
7663.92,18151.47
7480.06,17921.81
7308.01,17854.64
7479.32,18152.21
7666.11,18279.57
7669.91,18158.29
7499.48,17934.66
7328.06,17865.44
7475.94,18148.92
7668.03,18283.08
7678.63,18166.18
7473.95,17909.92
7306.67,17849.5
7479.16,18148.9
7649.12,18262.18
7663.63,18150.04
7473.28,17908.82
7320.78,17863.13
7471.79,18141.93
7657.42,18269.49
7674.94,18161.15
7497.11,17931.4
7322.3,17858.91
7477.04,18140.99
7659.38,18269.47
7659.05,18146.78
7487.81,17921.47
7320.02,17852.81
7465.21,18121.72
7653.97,18254.11
7671.32,18152.28
7496.19,17925.85
7319.19,17848.85
7465.35,18126.57
7647.81,18256.14
7660.28,18143.47
7492.35,17924.91
7309.36,17842.64
7469.82,18131.27
7665.28,18270.11
7673.33,18152.99
7489.8,17919.15
7304.39,17833.43
7475.14,18138.08
7665.8,18270.94
7667.79,18144.25
7499.99,17925.96
7317.42,17842.28
7465.82,18118.61
7664.73,18258.54
7679.41,18146.24
7495.17,17911.44
7315.23,17826.83
7470.58,18115.17
7672.46,18268.77
7674.05,18142.44
7505.51,17922.16
7330.66,17847.69
7474.27,18120.76
7672.01,18258.78
7681.18,18143.07
7497.07,17909.89
7320.8,17835.53
7473.08,18113.25
7672.53,18262.34
7689.02,18151.58
7510.59,17917.34
7324.89,17833.72
7467.99,18116.45
7653.68,18247.58
7690.3,18147.96
7529.16,17934.44
7332.18,17840.02
7482.42,18121.97
7677.78,18263.36
7686.36,18140.88
7511.71,17915.08
7332.36,17836.38
7499.57,18134.28
7699.28,18275.52
7703.46,18150.53
7536.52,17929.88
7375.07,17865.19
7515.89,18140.96
7701.23,18271.41
7713.63,18151.61
7540.16,17925.79
7354.28,17839.42
7500.42,18120.74
7700.98,18263.39
7711.11,18151.52
7537.5,17920.51
7353.46,17836.87
7505.13,18124.83
7699.86,18265.91
7709.92,18146.51
7528.96,17910.79
7338.06,17813.69
7497.42,18104.46
7686.0,18238.82
7714.3,18137.75
7543.15,17914.43
7361.23,17831.93
7520.62,18125.12
7714.55,18264.71
7722.62,18146.4
7542.98,17914.41
7370.06,17838.5
7509.34,18114.32
7706.57,18260.44
7715.15,18137.19
7549.55,17919.35
7372.59,17837.54
7514.48,18118.03
7707.71,18261.02
7713.41,18135.49
7554.67,17922.66
7375.94,17838.23
7523.24,18118.9
7710.01,18254.74
7717.43,18136.23
7546.13,17916.22
7363.98,17827.57
7515.39,18108.89
7708.11,18245.82
7724.52,18135.51
7556.9,17913.11
7368.7,17819.08
7517.56,18102.81
7701.9,18235.69
7726.91,18129.01
7559.61,17904.37
7386.27,17826.46
7525.81,18100.58
7707.44,18233.08
7731.98,18131.73
7567.16,17908.2
7391.32,17819.55
7540.49,18103.3
7734.62,18246.58
7753.53,18138.8
7575.21,17907.97
7381.31,17802.52
7527.8,18079.16
7726.64,18228.96
7744.52,18120.29
7570.96,17893.26
7383.63,17806.88
7527.62,18087.3
7720.65,18230.51
7738.64,18116.49
7575.97,17897.02
7388.75,17807.12
7527.67,18087.23
7729.5,18240.01
7753.26,18134.06
7582.96,17913.16
7399.39,17824.8
7539.35,18100.53
7734.96,18253.24
7742.49,18135.94
7577.0,17915.1
7412.22,17837.07
7551.74,18110.05
7741.73,18250.51
7752.84,18135.45
7583.57,17907.48
7403.39,17817.2
7539.53,18087.99
7754.0,18257.08
7760.73,18140.43
7600.06,17923.17
7426.1,17838.95
7560.3,18114.32
7742.62,18246.15
7755.83,18129.07
7593.13,17912.84
7404.37,17815.59
7547.78,18098.63
7742.64,18249.62
7762.78,18147.38
7594.65,17924.89
7404.66,17818.03
7542.08,18090.12
7746.73,18246.6
7769.38,18144.81
7595.88,17915.88
7411.97,17820.44
7556.79,18101.98
7746.27,18250.27
7764.53,18142.71
7602.63,17919.95
7416.11,17827.5
7557.68,18108.6
7756.66,18260.66
7767.03,18138.02
7602.54,17915.91
7409.54,17813.04
7554.4,18097.27
7758.31,18252.75
7777.36,18149.19
7606.81,17920.15
7417.09,17819.17
7554.17,18095.55
7747.94,18240.65
7770.02,18135.62
7601.18,17917.81
7422.43,17825.96
7561.53,18097.29
7758.65,18254.24
7780.19,18145.95
7615.37,17920.24
7414.03,17807.7
7550.44,18083.52
7766.58,18256.28
7780.33,18142.31
7609.18,17918.37
7419.42,17823.86
7547.04,18086.09
7746.0,18240.36
7774.9,18142.24
7608.31,17922.66
7422.88,17822.21
7560.19,18100.42
7752.26,18247.49
7762.38,18130.17
7606.77,17921.7
7419.57,17828.22
7543.04,18087.77
7737.17,18229.66
7766.05,18131.96
7604.47,17910.52
7425.65,17818.12
7558.76,18092.22
7748.81,18242.55
7770.38,18131.02
7622.82,17923.51
7426.32,17820.89
7567.21,18105.83
7767.28,18256.93
7784.2,18146.26
7606.28,17912.04
7417.76,17807.23
7553.37,18081.06
7765.31,18251.18
7793.56,18150.13
7625.99,17924.38
7433.92,17820.02
7560.16,18086.38
7759.48,18245.37
7781.49,18138.73
7623.31,17929.41
7428.18,17823.97
7563.25,18087.99
7754.45,18234.17
7783.15,18136.45
7625.7,17920.02
7427.33,17809.02
7567.27,18087.72
7768.59,18246.42
7781.92,18139.42
7619.8,17920.58
7426.59,17814.03
7553.73,18082.09
7758.42,18242.89
7793.78,18147.0
7639.18,17934.66
7444.85,17822.7
7571.52,18088.3
7774.7,18252.68
7794.43,18145.37
7607.66,17907.3
7404.6,17790.85
7534.06,18057.37
7718.19,18206.03
7717.9,18077.38
7543.07,17847.85
7345.36,17735.86
7462.02,17992.08
7646.11,18137.05
7656.75,18017.25
7489.64,17790.07
7296.75,17685.44
7425.54,17953.59
7625.14,18114.55
7645.03,18004.96
7495.08,17795.27
7306.67,17687.74
7452.99,17979.94
7661.66,18147.8
7689.74,18045.19
7528.27,17822.74
7338.84,17720.87
7476.79,17999.88
7680.69,18165.78
7715.69,18069.96
7585.04,17875.27
7404.82,17782.2
7524.92,18044.09
7726.35,18207.42
7753.51,18107.51
7593.6,17888.3
7413.92,17797.69
7531.76,18055.45
7733.01,18216.04
7769.78,18127.55
7602.7,17896.24
7425.2,17798.8
7550.08,18066.71
7747.81,18226.15
7786.14,18135.6
7629.95,17917.69
7425.29,17797.53
7542.55,18062.71
7746.67,18227.36
7767.37,18121.56
7616.18,17914.95
7421.38,17793.98
7545.66,18058.85
7763.59,18243.49
7790.99,18143.2
7620.58,17913.92
7436.96,17813.96
7560.77,18080.41
7767.59,18252.34
7808.92,18159.29
7656.68,17952.29
7450.42,17829.0
7562.69,18083.9
7761.06,18248.63
7783.79,18139.31
7625.3,17918.48
7433.34,17807.39
7565.04,18081.29
7758.0,18241.55
7777.58,18130.04
7635.02,17924.49
7435.06,17806.0
7553.12,18072.77
7763.81,18246.53
7788.71,18134.06
7644.77,17933.05
7457.68,17822.36
7576.21,18083.97
7773.47,18246.04
7787.82,18127.17
7631.51,17913.67
7438.86,17804.13
7568.77,18078.92
7767.59,18243.34
7802.28,18144.65
7646.4,17929.03
7428.29,17800.84
7556.88,18077.67
7787.84,18271.95
7813.83,18162.54
7648.34,17936.58
7451.2,17821.09
7564.52,18078.4
7780.42,18258.42
7803.24,18151.45
7629.68,17914.97
7446.57,17811.46
7562.44,18082.36
7762.07,18251.94
7794.86,18150.8
7634.86,17924.11
7448.27,17815.26
7573.2,18086.79
7763.5,18242.09
7786.65,18131.85
7637.5,17920.87
7437.03,17795.97
7556.16,18063.14
7763.65,18242.87
7790.79,18138.87
7635.67,17922.72
7435.26,17800.55
7555.58,18064.48
7768.48,18243.89
7796.09,18143.63
7635.11,17923.48
7438.35,17807.92
7563.41,18080.64
7770.32,18250.62
7788.44,18139.2
7623.04,17913.78
7434.26,17807.72
7555.02,18076.79
7756.23,18246.98
7777.38,18137.12
7627.4,17920.98
7435.22,17803.46
7543.8,18064.14
7749.3,18242.11
7787.3,18146.6
7643.18,17934.64
7449.03,17818.45
7562.02,18078.52
7767.97,18251.85
7802.08,18153.77
7640.63,17932.0
7439.06,17809.98
7539.47,18053.01
7764.73,18247.38
7798.14,18156.16
7640.81,17934.97
7438.91,17809.58
7565.31,18083.14
7776.17,18264.71
7795.95,18156.79
7648.16,17942.66
7459.74,17829.34
7565.13,18080.13
7766.05,18252.79
7792.89,18150.24
7643.2,17936.4
7457.91,17823.64
7576.62,18088.75
7774.79,18261.4
7808.56,18163.5
7658.0,17951.04
7452.07,17819.32
7560.72,18076.17
7772.24,18257.62
7808.72,18165.84
7643.6,17943.49
7448.74,17825.65
7580.04,18101.76
7779.52,18269.04
7805.97,18165.46
7659.47,17959.04
7446.13,17819.17
7556.7,18072.12
7769.53,18256.3
7818.15,18178.45
7662.16,17962.11
7459.54,17831.82
7563.56,18079.39
7756.48,18242.11
7802.19,18157.15
7644.25,17936.76
7440.74,17814.99
7565.46,18086.72
7775.01,18263.36
7807.75,18157.8
7646.51,17934.55
7453.99,17815.81
7561.17,18073.4
7777.47,18259.12
7813.57,18166.22
7658.04,17946.64
7452.21,17812.46
7556.32,18062.71
7775.37,18258.27
7823.49,18177.73
7660.73,17948.23
7469.24,17826.97
7585.06,18092.96
7798.93,18276.75
7835.63,18183.03
7677.22,17966.46
7473.66,17838.5
7581.06,18092.89
7786.88,18270.29
7832.81,18180.82
7684.93,17961.75
7482.16,17830.48
7589.27,18083.99
7789.78,18264.48
7823.54,18166.16
7675.9,17954.35
7484.5,17835.87
7599.17,18099.12
7805.77,18277.78
7843.63,18186.18
7683.93,17964.83
7484.17,17838.3
7603.86,18103.55
7812.0,18281.38
7845.66,18185.58
7697.07,17972.79
7492.62,17841.25
7596.82,18093.92
7817.48,18287.84
7855.72,18193.56
7692.82,17970.42
7493.6,17846.66
7598.32,18099.68
7800.94,18273.27
7854.83,18197.7
7703.06,17983.9
7496.91,17852.07
7592.69,18095.9
7814.26,18292.47
7841.15,18191.48
7693.58,17978.31
7489.49,17846.06
7585.65,18092.28
7795.57,18275.28
7839.45,18187.99
7697.14,17978.16
7497.33,17852.29
7600.91,18103.97
7805.68,18278.38
7843.7,18190.32
7683.52,17971.25
7487.1,17845.68
7600.24,18109.92
7807.87,18290.43
7844.21,18190.68
7693.27,17975.5
7491.48,17840.09
7594.25,18095.95
7805.52,18288.93
7846.36,18200.76
7702.77,17989.89
7497.65,17853.77
7607.55,18110.86
7807.89,18285.54
7848.23,18195.84
7703.44,17987.81
7495.63,17850.77
7589.71,18097.56
7808.69,18296.36
7846.09,18202.99
7695.15,17986.63
7497.67,17853.54
7604.33,18108.76
7806.48,18291.64
7856.84,18214.66
7707.75,17999.68
7505.51,17864.03
7597.8,18110.46
7803.19,18295.68
7847.83,18205.9
7714.95,18006.61
7508.6,17871.52
7597.56,18112.8
7804.89,18298.12
7852.93,18216.96
7700.87,17999.77
7498.65,17865.82
7602.36,18115.06
7808.2,18292.96
7851.34,18212.42
7693.2,17990.09
7495.84,17857.57
7609.49,18117.41
7802.06,18288.44
7843.7,18195.97
7695.53,17982.96
7484.84,17847.46
7580.08,18098.99
7794.81,18293.76
7842.33,18205.23
7700.29,17995.57
7485.96,17849.5
7578.52,18098.47
7787.08,18290.48
7821.05,18188.82
7684.1,17983.79
7489.06,17853.32
7594.21,18111.8
7811.91,18306.26
7850.58,18214.08
7713.77,18010.43
7495.3,17862.75
7599.15,18115.66
7815.04,18313.59
7855.48,18225.86
7701.36,18005.09
7493.94,17859.29
7591.5,18110.54
7809.12,18306.79
7846.56,18211.37
7689.47,17988.75
7482.56,17847.62
7586.47,18102.28
7791.33,18286.32
7842.56,18206.26
7689.76,17986.56
7483.56,17844.63
7583.19,18096.2
7802.97,18296.56
7848.41,18213.27
7697.34,18000.37
7490.23,17854.71
7589.22,18102.65
7810.46,18302.66
7858.11,18221.32
7712.36,18010.01
7492.73,17851.51
7591.75,18108.47
7808.43,18303.42
7855.81,18215.62
7712.56,18008.11
7507.46,17864.72
7597.45,18109.52
7803.11,18296.69
7857.96,18221.19
7702.41,17995.12
7489.67,17842.32
7588.28,18093.83
7799.44,18289.49
7844.97,18204.42
7709.7,18002.85
7496.4,17848.67
7587.81,18092.26
7805.54,18294.28
7846.71,18209.05
7701.47,18000.44
7498.36,17859.29
7587.21,18100.55
7793.43,18288.89
7847.99,18212.78
7709.7,18007.3
7500.22,17859.2
7598.34,18107.06
7806.08,18297.0
7849.31,18206.48
7706.26,17997.96
7511.57,17865.41
7599.41,18107.15
7812.43,18302.23
7855.77,18216.74
7705.74,18000.71
7485.4,17834.52
7585.31,18085.56
7808.76,18298.1
7860.84,18219.55
7714.1,18005.49
7497.2,17853.08
7590.16,18100.17
7806.86,18298.32
7853.6,18214.06
7701.72,17997.51
7490.02,17848.47
7586.49,18098.01
7801.07,18295.39
7858.69,18219.0
7712.11,18003.97
7500.55,17857.1
7579.72,18093.49
7785.25,18283.7
7845.48,18213.14
7699.55,17999.26
7489.06,17845.79
7581.0,18092.26
7804.87,18296.71
7856.06,18219.67
7708.92,18007.44
7494.34,17850.62
7573.73,18083.01
7784.35,18280.64
7843.7,18208.8
7700.73,17996.48
7497.87,17850.88
7573.55,18079.01
7780.22,18270.25
7852.44,18215.29
7714.88,18005.29
7499.77,17846.39
7572.95,18075.88
7799.37,18291.79
7853.8,18219.22
7711.17,18003.93
7506.48,17853.5
7587.41,18099.23
7799.06,18296.91
7854.6,18223.29
7714.41,18013.79
7493.67,17850.19
7576.53,18090.16
7804.65,18309.88
7857.62,18232.61
7713.65,18016.58
7504.55,17863.04
7590.38,18105.49
7806.66,18313.72
7857.96,18233.64
7715.51,18028.27
7497.36,17865.7
7571.83,18089.76
7798.93,18303.4
7859.39,18228.67
7716.22,18013.16
7498.52,17853.21
7573.26,18086.61
7789.23,18292.35
7854.83,18224.54
7713.23,18013.63
7500.04,17854.04
7577.11,18091.79
7789.0,18297.49
7847.94,18223.38
7705.67,18010.99
7482.09,17841.86
7580.06,18098.86
7793.11,18300.47
7845.71,18223.22
7703.28,18014.5
7505.25,17870.87
7581.96,18104.44
7786.1,18296.49
7845.95,18222.06
7709.79,18014.83
7481.04,17837.52
7564.59,18084.04
7780.89,18295.24
7842.04,18224.03
7708.29,18016.69
7492.37,17858.91
7578.16,18099.37
7793.81,18302.12
7853.17,18231.71
7717.25,18028.98
7499.77,17864.25
7579.61,18101.98
7792.91,18303.02
7848.28,18228.5
7706.97,18022.17
7495.9,17865.73
7555.11,18081.02
7765.73,18286.97
7837.06,18225.37
7699.8,18013.7
7482.31,17849.95
7551.38,18075.45
7774.36,18289.89
7826.66,18208.47
7689.78,18003.39
7479.77,17847.98
7560.54,18082.29
7766.16,18281.47
7828.52,18217.14
7703.84,18020.18
7483.5,17851.06
7564.34,18085.98
7781.96,18291.95
7838.0,18211.78
7703.28,18006.97
7470.56,17828.71
7541.77,18056.61
7776.86,18280.98
7828.63,18211.69
7695.12,18009.22
7484.06,17847.6
7560.39,18079.05
7784.84,18295.42
7843.14,18229.01
7713.54,18029.52
7487.32,17854.3
7555.76,18079.41
7771.5,18286.21
7830.46,18210.19
7702.34,18010.88
7495.19,17856.76
7551.11,18069.98
7763.99,18275.75
7816.63,18196.4
7696.87,18004.33
7474.2,17834.34
7530.75,18046.55
7760.08,18269.18
7833.53,18216.29
7700.06,18013.79
7476.3,17842.66
7535.53,18057.48
7752.57,18265.24
7816.65,18197.25
7682.12,17985.91
7475.36,17829.27
7540.85,18051.2
7758.98,18267.63
7827.04,18204.02
7688.98,17990.85
7478.54,17830.77
7546.08,18061.91
7781.33,18295.42
7830.93,18207.91
7688.31,17985.44
7481.44,17824.49
7545.12,18050.8
7760.59,18262.54
7820.7,18193.31
7697.56,17999.26
7484.1,17834.99
7546.87,18059.29
7747.07,18257.04
7821.39,18189.6
7691.64,17987.23
7477.08,17827.26
7543.49,18051.67
7762.16,18274.21
7821.9,18204.82
7688.37,17996.91
7468.86,17821.74
7536.31,18048.18
7757.98,18262.8
7823.58,18195.75
7694.63,17997.71
7469.77,17825.25
7526.19,18041.08
7757.82,18268.73
7807.58,18187.75
7682.09,17986.02
7475.85,17828.15
7538.15,18048.88
7746.73,18254.4
7805.09,18180.77
7684.69,17986.07
7470.2,17818.1
7533.05,18040.63
7752.64,18261.58
7826.26,18200.2
7688.35,17981.71
7483.05,17826.21
7536.47,18038.75
7755.79,18252.5
7826.66,18191.95
7689.18,17982.87
7469.46,17811.5
7538.04,18041.41
7759.94,18261.11
7819.42,18189.94
7680.19,17977.73
7466.53,17809.96
7540.43,18043.56
7759.77,18262.13
7824.76,18197.52
7691.68,17984.91
7472.32,17810.92
7532.87,18032.04
7756.84,18258.31
7814.48,18185.8
7696.69,17993.4
7483.77,17826.74
7542.17,18049.84
7770.61,18278.34
7827.98,18200.69
7691.01,17987.9
7478.87,17822.97
7538.66,18044.43
7766.81,18270.47
7831.07,18203.73
7692.15,17991.61
7483.77,17826.88
7537.37,18040.52
7759.85,18262.29
7810.57,18184.55
7685.24,17988.55
7495.57,17847.29
7556.28,18064.97
7767.81,18279.66
7835.85,18213.07
7700.38,18004.06
7479.52,17829.27
7551.69,18057.48
7777.85,18280.51
7845.04,18217.05
7714.88,18013.14
7497.78,17838.97
7548.27,18051.98
7765.47,18272.91
7828.59,18210.72
7695.33,18001.76
7475.23,17820.69
7538.26,18048.83
7772.17,18279.28
7830.89,18202.5
7704.27,17999.05
7473.15,17815.66
7528.54,18035.82
7755.7,18264.82
7820.25,18201.47
7695.41,18000.87
7487.14,17838.44
7543.65,18055.09
7762.78,18273.45
7825.95,18206.32
7701.87,18005.89
7493.8,17840.25
7544.5,18053.26
7768.19,18282.12
7824.67,18209.16
7691.82,18001.51
7473.06,17823.97
7531.84,18042.21
7759.43,18268.39
7838.78,18208.42
7712.42,18008.71
7499.1,17845.74
7554.15,18062.47
7767.99,18279.52
7835.38,18215.91
7715.69,18017.58
7488.39,17829.67
7546.35,18047.0
7767.7,18276.28
7834.91,18214.75
7704.89,18008.93
7497.91,17844.63
7556.79,18062.06
7776.93,18282.92
7851.88,18231.74
7720.65,18023.24
7513.58,17854.75
7573.06,18076.71
7793.09,18302.19
7864.93,18245.75
7736.16,18035.91
7513.52,17853.48
7555.0,18058.51
7794.46,18303.22
7863.54,18243.11
7725.23,18028.27
7509.87,17852.81
7569.73,18075.5
7802.64,18313.95
7867.95,18247.61
7746.8,18048.32
7517.9,17860.79
7580.57,18083.43
7798.21,18306.19
7860.97,18240.99
7736.25,18041.17
7528.11,17875.67
7571.9,18079.7
7782.7,18291.42
7872.71,18252.81
7756.68,18060.66
7530.86,17877.28
7587.72,18094.94
7819.89,18326.11
7889.05,18266.47
7766.14,18073.02
7542.84,17887.72
7596.87,18098.86
7816.23,18323.85
7886.23,18267.61
7763.03,18068.79
7530.15,17876.21
7589.67,18098.9
7823.13,18336.21
7894.93,18274.7
7774.7,18078.89
7561.91,17909.07
7610.19,18118.97
7826.22,18337.93
7909.46,18290.88
7773.04,18081.29
7546.46,17899.01
7603.35,18118.7
7837.77,18359.45
7906.33,18299.02
7785.87,18102.43
7571.25,17921.36
7608.82,18122.26
7824.47,18353.22
7903.76,18302.41
7788.08,18106.5
7567.43,17924.78
7629.03,18145.21
7848.55,18368.69
7913.17,18303.2
7793.25,18111.24
7582.56,17936.94
7626.88,18144.16
7849.28,18378.07
7929.46,18322.3
7805.7,18119.13
7593.65,17949.01
7647.11,18162.22
7870.45,18392.51
7929.93,18323.91
7801.0,18122.08
7580.77,17940.04
7631.6,18152.03
7880.11,18405.74
7945.6,18341.84
7816.11,18134.3
7587.19,17943.67
7656.12,18169.98
7891.26,18415.85
7954.16,18355.21
7825.97,18147.09
7610.61,17968.05
7656.93,18172.53
7891.57,18412.23
7967.84,18359.81
7846.38,18162.36
7639.78,17990.99
7676.77,18187.57
7901.23,18425.53
7989.79,18374.45
7870.92,18174.49
7656.25,18001.96
7700.13,18208.51
7919.25,18436.88
7988.31,18374.88
7873.78,18180.57
7652.41,17991.77
7715.67,18217.59
7941.87,18454.16
8022.49,18409.95
7895.33,18206.63
7675.54,18016.69
7723.51,18222.5
7947.01,18458.49
8022.11,18400.09
7902.97,18203.8
7687.39,18027.71
7730.44,18229.5
7961.38,18470.9
8033.66,18415.18
7912.63,18216.89
7699.08,18038.21
