21610.74,33516.8
21530.36,33471.07
21595.88,33525.45
21682.4,33570.06
21673.35,33542.23
21618.29,33515.72
21535.41,33467.36
21595.65,33518.9
21685.1,33568.03
21688.68,33553.99
21625.04,33524.11
21540.02,33477.41
21590.91,33523.32
21671.54,33566.57
21678.6,33559.04
21620.8,33535.91
21533.92,33483.47
21596.05,33530.92
21673.12,33568.74
21678.29,33553.07
21623.66,33526.74
21542.3,33482.64
21604.48,33537.07
21678.64,33574.64
21672.56,33559.04
21610.65,33531.57
21523.34,33478.17
21583.34,33525.94
21664.52,33568.09
21663.89,33549.21
21615.57,33528.91
21527.34,33472.56
21586.78,33521.71
21669.59,33565.25
21676.45,33554.55
21624.06,33534.12
21537.27,33482.64
21590.78,33530.27
21676.43,33577.32
21673.55,33553.86
21621.27,33526.52
21545.05,33482.42
21598.62,33527.41
21682.8,33572.88
21675.13,33548.65
21608.79,33516.06
21517.78,33462.93
21560.18,33499.72
21630.59,33534.25
21620.71,33510.32
21560.16,33483.45
21472.43,33429.78
21517.11,33466.33
21599.94,33507.77
21610.36,33498.18
21567.11,33481.68
21492.72,33441.36
21533.16,33474.38
21617.76,33520.89
21634.77,33517.47
21587.34,33501.0
21498.27,33447.98
21547.26,33487.02
21635.21,33536.94
21641.09,33520.64
21595.32,33503.36
21507.14,33453.65
21553.52,33496.82
21634.19,33538.86
21649.09,33533.45
21600.88,33514.38
21514.65,33464.34
21565.39,33506.49
21651.08,33551.73
21657.81,33535.75
21602.87,33510.65
21516.28,33460.2
21571.73,33507.48
21662.88,33558.82
21671.31,33546.86
21614.54,33521.0
21519.81,33462.66
21566.19,33501.84
21651.75,33550.04
21657.92,33538.41
21614.45,33523.79
21535.64,33477.91
21587.45,33520.11
21669.88,33565.59
21674.78,33550.21
21606.85,33511.41
21510.27,33445.94
21559.8,33486.11
21649.81,33540.98
21660.72,33533.72
21606.11,33508.68
21520.57,33458.14
21572.99,33500.88
21651.04,33540.31
21658.86,33527.14
21617.58,33513.33
21535.37,33467.33
21578.24,33508.55
21653.83,33550.73
21667.02,33542.1
21626.74,33528.04
21540.89,33475.58
21593.08,33515.05
21684.5,33569.37
21695.92,33560.59
21652.83,33546.52
21565.34,33496.34
21598.24,33521.56
21689.21,33577.62
21693.46,33566.13
21638.99,33541.61
21555.53,33490.6
21595.12,33520.53
21678.13,33569.32
21687.47,33561.5
21634.1,33537.2
21542.25,33479.98
21583.43,33517.73
21665.84,33567.25
21668.99,33550.77
21627.95,33541.47
21545.03,33493.82
21583.83,33528.42
21666.57,33574.4
21677.59,33563.02
21631.48,33548.45
21545.61,33497.22
21590.85,33535.17
21673.1,33581.53
21684.16,33573.13
21625.69,33546.91
21539.48,33489.3
21588.3,33524.29
21674.26,33570.24
21677.37,33551.4
21630.7,33535.24
21541.92,33481.44
21580.03,33514.52
21667.06,33566.86
21676.56,33556.2
21620.48,33530.84
21534.54,33478.46
21578.11,33514.11
21657.86,33557.79
21673.77,33553.45
21638.19,33547.75
21555.87,33501.82
21603.74,33545.0
21687.9,33594.69
21689.15,33574.02
21633.18,33544.31
21548.18,33489.26
21584.25,33515.03
21667.76,33563.8
21673.84,33546.97
21622.05,33523.28
21529.74,33465.97
21570.68,33498.91
21655.67,33552.63
21671.89,33548.83
21634.03,33539.73
21547.13,33487.92
21577.46,33511.19
21671.87,33571.89
21681.26,33563.85
21624.44,33538.66
21541.4,33488.97
21580.41,33520.22
21661.12,33565.34
21678.73,33559.89
21628.69,33540.45
21535.41,33483.54
21579.33,33516.95
21669.37,33570.82
21675.25,33556.45
21633.34,33544.65
21549.49,33491.94
21582.58,33518.96
21671.6,33577.04
21684.68,33567.98
21632.64,33544.96
21543.95,33491.47
21580.5,33521.51
21672.23,33581.44
21675.85,33563.02
21627.08,33537.94
21542.74,33483.05
21587.16,33519.99
21675.22,33576.34
21681.95,33562.64
21625.49,33533.56
21535.7,33480.88
21575.22,33513.82
21664.96,33568.27
21686.58,33566.08
21628.91,33540.51
21539.91,33489.64
21578.62,33524.26
21662.66,33575.18
21676.74,33566.8
21629.16,33550.1
21531.72,33486.73
21572.88,33515.77
21663.47,33572.39
21672.12,33558.46
21627.46,33543.24
21546.16,33497.91
21588.74,33534.86
21674.93,33589.26
21685.95,33577.17
21642.86,33560.45
21544.53,33496.59
21593.28,33538.37
21682.0,33595.36
21689.08,33581.95
21650.64,33573.73
21560.29,33516.73
21590.35,33538.5
21676.52,33592.23
21698.22,33590.45
21657.07,33577.73
21565.05,33518.9
21597.89,33543.91
21685.51,33602.07
21701.35,33596.13
21654.06,33576.97
21555.48,33513.36
21586.17,33534.75
21677.55,33593.71
21698.04,33591.16
21649.65,33570.06
21561.59,33517.13
21595.49,33545.81
21678.44,33597.33
21702.27,33596.48
21659.71,33582.2
21555.2,33515.9
21588.9,33542.46
21679.67,33603.63
21698.29,33599.34
21659.91,33587.05
21568.74,33530.03
21588.83,33541.32
21676.54,33598.36
21701.17,33602.65
21668.99,33598.76
21580.32,33544.36
21612.64,33567.74
21705.87,33625.38
21729.85,33625.67
21687.14,33608.33
21592.12,33548.43
21616.55,33567.94
21699.27,33619.32
21709.6,33605.45
21661.12,33581.93
21573.12,33528.87
21603.99,33554.77
21690.31,33610.18
21711.21,33608.73
21665.66,33589.84
21577.21,33534.9
21603.9,33558.04
21690.49,33612.3
21700.41,33596.48
21664.83,33582.51
21571.06,33521.87
21602.65,33549.9
21694.07,33614.41
21708.88,33602.96
21675.18,33593.78
21572.54,33525.58
21601.37,33552.23
21692.05,33609.94
21706.25,33597.87
21668.14,33586.73
21571.06,33530.14
21607.45,33561.23
21705.09,33627.84
21714.72,33617.87
21668.67,33596.82
21572.29,33535.95
21598.49,33560.23
21677.12,33610.05
21701.89,33604.57
21667.87,33591.23
21575.65,33533.18
21602.42,33552.56
21688.81,33608.95
21708.21,33605.0
21666.95,33588.99
21573.72,33535.1
21602.42,33559.71
21681.71,33608.62
21702.45,33602.94
21661.7,33586.27
21563.76,33526.16
21587.83,33540.6
21682.35,33603.25
21707.86,33605.09
21666.15,33588.05
21567.87,33525.36
21595.07,33547.26
21677.64,33599.59
21701.58,33597.78
21660.25,33583.29
21564.02,33527.01
21578.13,33538.81
21666.71,33597.15
21697.02,33599.36
21661.32,33582.31
21567.15,33526.99
21585.79,33546.52
21677.21,33609.63
21696.84,33603.16
21657.34,33587.72
21564.09,33534.01
21584.7,33552.05
21685.88,33619.08
21702.72,33607.66
21668.09,33593.29
21578.82,33539.24
21592.77,33554.84
21683.16,33617.0
21704.62,33611.12
21664.2,33594.67
21574.02,33542.7
21598.11,33563.33
21682.51,33620.4
21709.62,33620.58
21670.62,33601.02
21571.13,33540.87
21595.9,33563.13
21678.11,33615.03
21697.37,33606.76
21665.97,33594.52
21572.83,33541.23
21592.57,33560.96
21678.33,33614.36
21707.19,33612.6
21674.51,33600.06
21577.01,33544.36
21596.14,33564.45
21683.34,33620.11
21704.46,33613.2
21667.87,33597.98
21577.28,33545.25
21600.1,33566.53
21689.35,33624.89
21707.75,33610.09
21672.88,33592.57
21579.96,33540.91
21597.71,33559.64
21681.75,33618.79
21705.96,33617.0
21673.99,33607.72
21582.42,33553.21
21598.45,33567.69
21679.04,33618.65
21706.2,33614.79
21673.05,33601.0
21578.31,33550.48
21588.54,33561.19
21675.25,33615.93
21704.75,33617.0
21667.29,33601.4
21575.31,33548.67
21589.42,33563.89
21680.37,33621.25
21704.39,33610.23
21671.45,33598.34
21577.37,33545.39
21582.73,33553.01
21674.22,33614.34
21700.71,33610.25
21671.36,33600.06
21575.31,33543.78
21582.15,33554.5
21668.74,33611.48
21696.84,33607.5
21667.71,33598.31
21580.12,33549.59
21587.61,33554.59
21672.23,33608.51
21701.89,33608.39
21673.41,33602.85
21576.14,33548.8
21583.27,33556.05
21681.5,33625.27
21708.75,33621.43
21669.1,33599.05
21578.06,33548.98
21583.6,33555.29
21664.05,33605.87
21688.41,33598.71
21654.93,33585.89
21562.12,33532.69
21573.59,33541.23
21665.72,33603.41
21695.18,33601.06
21670.51,33597.55
21579.22,33549.36
21588.39,33561.46
21678.49,33622.68
21703.81,33619.55
21675.27,33611.57
21568.63,33549.05
21570.73,33552.49
21662.39,33611.39
21693.13,33610.83
21658.06,33593.51
21567.46,33544.85
21579.58,33559.04
21673.86,33626.41
21697.29,33623.77
21661.97,33608.71
21566.77,33552.4
21579.58,33564.29
21663.6,33619.21
21696.59,33619.62
21669.77,33611.86
21568.0,33554.86
21566.66,33556.79
21653.81,33616.24
21679.87,33609.87
21651.26,33598.89
21565.3,33553.19
21569.34,33556.25
21652.76,33612.33
21684.12,33610.25
21657.41,33598.98
21568.14,33551.44
21571.02,33558.33
21654.37,33611.95
21686.11,33606.14
21661.25,33594.0
21562.71,33537.45
21564.92,33540.63
21661.9,33606.0
21692.03,33600.01
21663.38,33590.96
21567.76,33539.35
21568.05,33541.9
21660.76,33605.04
21699.05,33609.38
21666.62,33595.05
21566.93,33539.04
21567.89,33548.45
21655.06,33611.19
21685.08,33610.27
21653.61,33594.2
21556.04,33539.93
21567.89,33554.59
21661.86,33616.11
21689.75,33606.59
21661.86,33591.95
21564.76,33537.74
21560.74,33542.23
21652.65,33608.77
21693.48,33615.17
21662.93,33598.94
21574.15,33551.71
21573.32,33557.05
21662.26,33617.61
21691.94,33610.68
21666.13,33595.95
21570.75,33540.89
21565.28,33539.82
21658.64,33605.98
21694.07,33609.16
21663.38,33593.24
21577.35,33551.18
21576.47,33552.52
21663.4,33610.38
21693.46,33608.26
21667.13,33594.58
21569.95,33541.23
21565.3,33543.17
21663.06,33611.5
21701.26,33614.92
21672.72,33599.95
21584.86,33556.38
21585.66,33562.6
21676.18,33623.26
21711.28,33622.77
21676.5,33602.7
21573.86,33544.25
21572.94,33549.34
21663.31,33611.64
21695.12,33611.64
21662.33,33594.27
21569.92,33547.4
21569.97,33554.86
21662.95,33616.08
21700.39,33614.36
21674.69,33601.89
21576.34,33549.86
21565.05,33549.79
21657.41,33616.13
21699.21,33624.6
21674.42,33614.47
21576.94,33562.39
21566.68,33559.91
21657.7,33623.68
21702.04,33629.85
21676.12,33616.75
21584.32,33564.96
21576.41,33562.8
21667.6,33624.98
21701.62,33623.37
21673.39,33607.5
21579.98,33557.41
21573.88,33562.95
21671.67,33634.19
21720.66,33644.27
21695.05,33626.61
21595.25,33567.94
21583.18,33565.03
21668.76,33619.55
21709.42,33618.23
21687.9,33607.16
21591.07,33556.25
21579.45,33554.84
21665.14,33615.19
21704.46,33618.61
21676.3,33606.9
21586.17,33563.47
21576.9,33560.67
21674.55,33628.15
21720.96,33636.6
21685.33,33612.11
21594.2,33565.7
21578.75,33561.46
21664.12,33617.78
21708.17,33619.66
21684.32,33600.91
21596.99,33558.26
21575.74,33551.04
21668.74,33618.23
21707.07,33619.79
21678.31,33602.7
21585.39,33556.54
21575.69,33555.8
21667.11,33616.48
21707.9,33617.56
21681.95,33602.2
21586.4,33550.95
21574.04,33549.12
21666.3,33615.7
21706.43,33620.13
21679.87,33603.12
21589.95,33557.59
21585.59,33560.09
21690.82,33633.72
21727.88,33630.16
21695.0,33607.16
21596.9,33555.38
21583.07,33555.51
21681.15,33626.84
21728.82,33636.45
21696.53,33616.04
21604.82,33571.38
21588.68,33566.84
21673.81,33623.04
21719.61,33630.07
21706.05,33622.66
21607.92,33566.42
21593.04,33564.12
21683.02,33628.11
21725.87,33629.2
21705.51,33619.73
21605.73,33566.26
21586.78,33557.54
21675.11,33620.44
21722.41,33627.17
21700.1,33613.69
21612.57,33568.54
21592.59,33561.55
21680.72,33625.54
21720.15,33630.46
21692.35,33612.62
21602.27,33565.25
21586.76,33558.59
21678.42,33626.66
21725.54,33631.91
21698.58,33611.34
21602.69,33559.94
21584.1,33550.28
21667.67,33605.0
21711.61,33611.37
21691.54,33599.72
21606.27,33555.8
21584.14,33549.21
21675.6,33619.95
21729.78,33634.43
21708.06,33617.8
21611.3,33560.61
21584.97,33548.83
21670.91,33612.6
21720.66,33624.24
21693.69,33606.03
21608.71,33562.93
21584.21,33551.78
21673.3,33616.57
21718.32,33622.52
21697.46,33610.7
21600.59,33554.06
21577.66,33539.89
21665.97,33603.66
21707.57,33606.25
21691.09,33598.98
21602.24,33557.21
21582.93,33550.7
21672.99,33616.48
21727.19,33630.72
21700.12,33611.08
21599.96,33559.29
21578.55,33551.62
21666.51,33612.3
21717.22,33622.48
21704.15,33615.88
21611.83,33568.14
21578.51,33546.28
21670.75,33612.64
21719.88,33622.75
21693.02,33605.91
21606.56,33564.52
21583.16,33557.99
21675.47,33626.28
21729.18,33642.53
21706.31,33627.77
21616.08,33581.73
21594.27,33574.53
21677.32,33634.73
21731.82,33646.88
21706.81,33628.49
21616.62,33584.34
21592.86,33577.21
21671.71,33631.39
21715.52,33633.99
21699.63,33623.57
21605.4,33569.37
21582.84,33559.46
21678.2,33628.6
21732.53,33641.27
21710.0,33619.88
21622.34,33574.02
21596.7,33563.02
21690.87,33633.54
21729.83,33633.0
21714.32,33620.84
21620.86,33568.25
21591.4,33554.17
21678.6,33619.35
21732.8,33630.68
21711.99,33612.3
21621.09,33568.56
21597.78,33558.89
21683.7,33619.08
21737.61,33633.25
21718.65,33622.75
21623.63,33571.27
21589.3,33553.23
21680.65,33620.53
21727.55,33629.0
21709.31,33617.0
21622.74,33571.63
21591.18,33558.37
21681.5,33626.32
21738.72,33641.01
21713.0,33615.48
21623.37,33565.95
21596.21,33554.17
21683.56,33623.08
21735.75,33640.85
21711.63,33622.88
21625.31,33581.98
21599.09,33573.95
21688.52,33641.12
21742.95,33651.8
21712.62,33623.37
21622.61,33577.71
21583.8,33555.53
21672.07,33619.68
21727.93,33636.45
21704.57,33616.22
21621.82,33577.82
21588.39,33564.56
21672.65,33627.95
21728.89,33643.62
21712.3,33627.48
21632.29,33592.08
21595.0,33572.5
21679.63,33633.43
21731.15,33644.34
21711.34,33627.71
21631.15,33589.71
21592.95,33568.21
21679.43,33628.98
21731.1,33639.08
21712.48,33622.3
21628.53,33579.54
21593.24,33561.99
21670.24,33619.5
21723.68,33632.16
21708.82,33620.13
21619.28,33572.97
21576.67,33551.04
21660.52,33613.98
21712.06,33625.56
21691.21,33606.7
21606.83,33567.56
21568.29,33547.11
21644.96,33601.36
21713.4,33626.93
21707.1,33621.8
21620.08,33572.61
21587.07,33555.62
21673.77,33621.34
21726.88,33634.32
21706.36,33614.99
21618.67,33572.25
21579.92,33548.92
21672.14,33616.87
21726.05,33631.24
21709.27,33615.57
21628.06,33572.3
21585.44,33547.93
21670.71,33611.97
21724.13,33625.98
21703.59,33605.27
21623.81,33566.35
21588.74,33550.08
21678.42,33618.14
21740.18,33642.08
21719.53,33627.44
21633.31,33580.77
21592.3,33556.07
21674.98,33619.46
21725.54,33628.38
21713.33,33613.31
21635.5,33578.04
21590.69,33555.98
21670.71,33615.23
21723.57,33625.43
21708.73,33609.73
21627.59,33571.18
21587.29,33554.3
21664.0,33612.98
21720.87,33628.67
21709.36,33620.09
21634.88,33588.55
21600.9,33575.07
21680.48,33635.93
21733.96,33645.66
21717.42,33624.84
21636.6,33584.52
21594.11,33561.46
21672.56,33620.42
21732.02,33637.5
21713.58,33621.07
21630.59,33581.66
21590.26,33560.47
21677.03,33624.22
21731.46,33633.07
21721.22,33617.65
21644.4,33580.23
21595.38,33554.39
21680.41,33620.55
21734.9,33635.29
21721.56,33623.08
21643.13,33588.84
21589.66,33558.75
21663.96,33615.17
21725.85,33635.71
21707.92,33617.04
21632.46,33582.13
21589.24,33559.64
21674.2,33624.8
21737.36,33644.38
21717.96,33624.46
21630.77,33580.54
21579.78,33554.71
21670.13,33624.82
21728.76,33642.61
21708.86,33626.66
21632.76,33591.86
21586.13,33565.7
21669.84,33628.2
21727.44,33641.63
21713.33,33628.8
21630.81,33585.91
21584.27,33559.24
21660.76,33615.12
21723.15,33634.99
21709.67,33620.35
21633.72,33584.14
21583.56,33556.61
21667.42,33619.88
21730.1,33638.66
21718.88,33622.57
21639.04,33585.28
21584.83,33554.46
21666.6,33620.22
21729.2,33640.16
21720.51,33627.46
21644.42,33593.64
21587.04,33562.15
21659.29,33615.97
21722.7,33638.08
21707.68,33622.72
21633.69,33590.0
21590.02,33567.94
21674.66,33630.79
21735.66,33649.63
21723.19,33635.48
21643.06,33592.84
21601.08,33567.38
21675.69,33624.31
21729.56,33635.11
21721.22,33623.5
21648.63,33593.15
21589.95,33558.89
21664.05,33614.43
21730.21,33641.65
21718.18,33627.53
21635.3,33585.02
21586.96,33559.63
21667.51,33622.03
21738.95,33651.85
21726.36,33636.65
21645.7,33598.02
21596.68,33574.96
21675.2,33633.0
21742.12,33654.95
21727.15,33641.05
21644.98,33600.44
21594.42,33574.53
21669.72,33633.9
21736.31,33662.42
21725.6,33651.18
21647.91,33612.6
21590.22,33576.88
21666.28,33634.66
21730.23,33657.32
21720.93,33640.67
21654.26,33613.02
21592.83,33579.94
21664.65,33637.83
21733.61,33663.65
21732.98,33654.86
21653.12,33614.81
21601.98,33588.84
21676.25,33645.75
21744.02,33672.03
21742.79,33664.99
21665.63,33625.7
21603.03,33587.83
21681.86,33649.9
21742.48,33668.3
21737.12,33655.94
21671.33,33630.63
21612.84,33595.52
21676.7,33643.87
21729.72,33660.14
21717.04,33645.48
21633.65,33602.96
21574.04,33566.69
21646.75,33623.41
21711.23,33646.84
21704.01,33633.85
21628.62,33594.22
21572.85,33558.86
21653.05,33619.3
21722.54,33647.62
21715.03,33633.96
21648.76,33606.61
21596.25,33582.6
21674.35,33644.25
21741.14,33666.15
21726.83,33646.71
21646.32,33607.05
21600.26,33586.8
21671.96,33642.1
21733.05,33663.13
21726.95,33647.0
21652.07,33611.41
21590.4,33578.2
21659.64,33634.48
21727.01,33662.02
21718.92,33645.43
21645.07,33606.05
21585.88,33575.02
21661.81,33638.64
21728.26,33664.43
21720.98,33650.66
21656.67,33625.2
21595.09,33588.41
21667.91,33645.27
21730.61,33664.68
21722.68,33650.39
21655.64,33622.25
21593.44,33586.71
21665.52,33645.57
21730.57,33671.14
21713.4,33653.77
21650.26,33631.06
21580.68,33584.46
21655.91,33639.24
21727.59,33666.4
21718.81,33647.96
21659.2,33624.89
21597.51,33588.37
21659.31,33634.9
21731.66,33662.15
21726.21,33646.64
21652.67,33610.81
21585.44,33572.52
21660.83,33633.88
21729.38,33662.26
21726.52,33653.21
21652.27,33616.6
21592.88,33585.71
21672.43,33648.38
21736.91,33669.91
21730.07,33655.6
21663.73,33624.53
21600.41,33586.78
21667.42,33637.5
21737.38,33664.95
21734.5,33654.95
21659.58,33618.9
21590.87,33581.48
21663.4,33639.24
21737.9,33670.58
21726.88,33655.27
21650.55,33617.94
21583.58,33577.48
21655.62,33631.75
21726.36,33658.75
21726.92,33650.28
21656.49,33614.95
21592.16,33577.01
21656.76,33628.55
21726.88,33659.87
21724.93,33651.76
21669.08,33633.47
21602.51,33597.6
21676.12,33658.6
21746.26,33684.12
21731.42,33661.3
21659.87,33628.4
21591.7,33588.86
21655.84,33638.1
21727.66,33667.09
21725.87,33655.31
21657.01,33624.46
21581.12,33580.43
21652.31,33640.8
21729.18,33673.48
21724.35,33656.47
21658.62,33627.75
21592.19,33590.0
21661.32,33645.27
21733.18,33673.82
21725.58,33656.72
21659.6,33631.28
21595.21,33594.02
21661.61,33644.79
21736.82,33675.54
21729.85,33656.94
21660.58,33623.77
21593.26,33585.15
21662.59,33641.63
21735.35,33671.98
21733.18,33659.89
21666.8,33630.99
21589.28,33582.87
21663.53,33644.83
21742.26,33682.69
21736.11,33667.65
21670.64,33638.95
21599.56,33601.29
21661.46,33648.49
21744.4,33685.57
21740.31,33669.44
21676.01,33638.75
21600.81,33595.05
21668.52,33648.56
21750.37,33687.52
21738.08,33662.98
21669.05,33629.5
21598.11,33588.39
21668.16,33641.18
21744.96,33676.03
21736.11,33656.45
21670.93,33623.77
21613.44,33595.52
21681.97,33656.03
21754.21,33687.5
21750.59,33673.04
21677.99,33637.23
21602.67,33589.98
21674.62,33647.67
21747.64,33682.54
21739.15,33664.99
21669.81,33632.73
21595.03,33589.95
21660.65,33641.79
21735.48,33675.99
21726.77,33657.66
21666.17,33633.03
21596.01,33590.87
21658.53,33640.65
21737.72,33682.56
21732.4,33667.71
21668.74,33639.4
21599.85,33595.92
21662.55,33644.49
21736.91,33678.69
21733.12,33664.18
21671.54,33635.26
21595.72,33586.98
21657.52,33635.82
21731.53,33667.47
21728.67,33653.55
21668.23,33626.1
21592.97,33579.89
21656.16,33632.85
21740.78,33676.1
21738.99,33657.28
21680.28,33631.46
21605.06,33588.88
21669.19,33641.41
21738.21,33669.08
21738.03,33655.33
21670.78,33622.63
21600.77,33585.3
21669.61,33640.8
21742.08,33667.61
21736.58,33646.97
21673.73,33621.43
21599.18,33583.03
21657.74,33632.4
21737.81,33668.54
21734.57,33651.24
21670.19,33621.36
21598.82,33580.77
21660.87,33627.59
21735.37,33664.43
21734.79,33650.5
21667.71,33619.01
21582.24,33565.66
21644.42,33617.94
21724.06,33657.32
21727.88,33648.56
21669.7,33624.27
21598.98,33586.31
21658.71,33631.26
21735.97,33665.55
21736.58,33651.96
21678.38,33631.64
21594.02,33581.98
21653.56,33629.29
21731.15,33665.26
21734.7,33655.56
21680.1,33632.4
21598.56,33581.24
21660.52,33629.63
21738.14,33667.2
21738.72,33655.94
21687.74,33637.65
21604.32,33590.31
21660.99,33639.24
21743.62,33682.82
21751.64,33678.69
21695.34,33658.29
21620.86,33615.86
21677.41,33662.26
21757.93,33704.21
21763.98,33694.88
21702.8,33663.25
21623.08,33614.88
21674.02,33656.16
21760.45,33705.51
21763.87,33697.45
21705.71,33673.84
21628.91,33626.9
21688.97,33673.77
21768.43,33715.23
21765.73,33698.7
21705.67,33667.63
21625.29,33614.07
21680.9,33655.67
21760.07,33697.06
21755.94,33679.14
21698.27,33657.79
21618.92,33609.07
21675.78,33655.13
21757.86,33701.87
21760.54,33688.77
21705.31,33665.46
21626.23,33614.09
21685.57,33663.09
21767.4,33707.19
21769.55,33695.95
21711.12,33667.96
21636.35,33623.26
21688.1,33665.93
21760.81,33698.02
21760.85,33682.74
21705.51,33660.83
21624.8,33609.33
21680.45,33648.88
21765.37,33691.03
21770.51,33685.26
21714.52,33665.66
21630.41,33610.68
21686.71,33657.61
21770.91,33704.55
21776.25,33693.33
21719.88,33668.77
21634.05,33614.39
21688.88,33656.83
21778.15,33704.66
21785.04,33693.64
21719.73,33658.89
21636.15,33607.1
21689.33,33649.63
21770.89,33691.95
21779.85,33684.39
21716.04,33653.86
21627.93,33601.06
21685.51,33649.63
21772.32,33698.67
21778.78,33686.89
21731.1,33672.05
21647.24,33620.42
21697.04,33656.43
21776.16,33694.94
21776.54,33678.22
21719.48,33652.02
21638.21,33602.29
21690.38,33647.67
21764.76,33686.98
21770.17,33675.47
21721.94,33652.9
21650.5,33612.51
21700.55,33654.37
21781.57,33699.05
21786.33,33686.11
21731.79,33658.48
21645.5,33607.37
21696.77,33653.66
21781.06,33698.63
21786.04,33685.6
21731.39,33662.38
21649.59,33610.9
21697.33,33648.79
21782.15,33698.36
21787.07,33684.55
21733.12,33663.65
21647.06,33612.06
21694.33,33647.76
21778.49,33689.91
21787.99,33679.81
21731.95,33657.28
21650.7,33610.61
21699.56,33649.12
21780.81,33691.61
21785.73,33682.02
21738.14,33667.71
21654.68,33614.21
21702.67,33649.72
21786.67,33697.64
21786.63,33680.79
21734.88,33659.74
21649.61,33606.5
21693.48,33641.41
21777.06,33686.0
21785.73,33678.47
21738.14,33665.44
21655.62,33617.65
21699.25,33649.54
21788.99,33703.73
21792.97,33690.47
21747.31,33673.17
21669.75,33632.2
21711.5,33668.16
21798.0,33716.82
21798.9,33697.82
21748.49,33677.57
21667.69,33628.58
21715.81,33666.26
21797.0,33710.59
21794.27,33689.13
21742.9,33669.62
21657.63,33620.6
21702.02,33658.62
21785.11,33707.75
21786.11,33692.21
21736.15,33672.7
21645.63,33616.13
21698.78,33659.29
21779.56,33704.73
21783.83,33692.55
21733.94,33672.79
21654.06,33625.76
21704.1,33667.16
21783.81,33711.05
21792.75,33699.75
21737.21,33672.43
21651.26,33620.6
21691.88,33655.47
21776.81,33706.18
21781.57,33688.23
21742.53,33675.32
21661.41,33627.1
21698.09,33655.78
21772.86,33694.8
21770.31,33668.23
21720.2,33646.73
21630.43,33591.27
21676.07,33628.64
21760.45,33680.08
21770.29,33668.68
21724.58,33652.94
21632.98,33596.44
21676.65,33632.31
21770.46,33690.92
21777.57,33676.79
21721.74,33650.28
21633.34,33601.96
21674.91,33637.09
21768.38,33691.48
21780.41,33682.27
21726.3,33657.97
21640.36,33605.94
21679.18,33635.84
21765.17,33686.04
21774.49,33674.0
21727.39,33655.94
21638.01,33604.26
21683.63,33644.09
21767.89,33691.61
21775.0,33678.45
21727.66,33660.86
21641.7,33609.71
21673.03,33633.88
21761.21,33686.38
21779.14,33682.87
21737.07,33667.07
21645.45,33610.07
21682.2,33641.45
21775.87,33702.5
21781.77,33686.49
21732.64,33668.01
21645.7,33618.39
21688.08,33651.18
21773.21,33699.61
21787.34,33692.08
21738.48,33667.85
21652.4,33616.98
21688.3,33648.23
21770.02,33693.67
21780.08,33683.99
21737.45,33675.99
21650.03,33628.64
21692.72,33664.99
21771.02,33710.57
21781.19,33697.64
21736.13,33676.21
21643.66,33621.11
21681.06,33654.48
21775.25,33713.61
21784.93,33698.18
21740.54,33676.28
21652.31,33623.41
21687.65,33651.76
21769.57,33698.07
21774.91,33680.14
21730.97,33663.13
21636.85,33604.46
21671.18,33632.82
21759.0,33686.0
21775.65,33678.4
21736.76,33665.08
21642.43,33609.27
21673.44,33633.74
21760.21,33685.82
21778.71,33680.28
21729.92,33660.34
21633.54,33605.46
21670.8,33636.78
21760.18,33689.22
21777.82,33681.04
21746.64,33674.78
21655.17,33623.8
21688.9,33655.56
21772.81,33706.56
21790.94,33698.72
21746.06,33679.85
21645.56,33618.14
21679.78,33650.3
21773.48,33710.0
21785.87,33696.41
21750.35,33687.68
21656.78,33632.98
21685.33,33659.18
21775.09,33715.84
21786.31,33702.94
21738.19,33680.64
21651.98,33634.73
21679.29,33655.33
21763.96,33704.29
21784.21,33700.17
21741.0,33681.08
21647.84,33622.81
21681.53,33650.95
21770.8,33706.56
21783.92,33695.19
21743.73,33679.03
21658.93,33633.9
21686.96,33657.5
21773.46,33709.74
21786.67,33698.16
21743.53,33681.35
21650.19,33626.61
21688.28,33662.42
21773.5,33717.07
21784.34,33701.76
21737.16,33681.53
21639.71,33630.25
21669.12,33659.51
21763.63,33717.96
21789.66,33719.26
21735.37,33688.13
21634.83,33628.85
21665.23,33659.6
21754.08,33712.93
21779.12,33707.91
21742.75,33692.13
21649.94,33638.91
21676.68,33663.2
21770.46,33721.7
21785.6,33709.31
21738.52,33686.04
21645.54,33636.58
21676.65,33669.46
21764.52,33721.54
21779.83,33708.29
21741.12,33691.59
21650.17,33638.93
21678.35,33660.74
21772.59,33718.84
21791.14,33708.38
21748.02,33689.29
21655.33,33637.43
21678.15,33654.51
21755.35,33699.66
21775.47,33690.54
21745.32,33684.23
21649.7,33629.38
21671.49,33647.93
21759.96,33706.3
21781.51,33701.91
21743.8,33690.58
21650.86,33639.17
21679.6,33663.04
21774.02,33723.06
21787.27,33706.38
21747.15,33688.19
21654.21,33632.69
21673.88,33650.39
21763.71,33710.21
21785.57,33704.78
21747.31,33688.7
21650.81,33634.73
21675.56,33657.34
21769.5,33716.55
21792.39,33709.96
21749.16,33687.9
21667.11,33647.89
21680.32,33664.45
21768.23,33721.88
21791.01,33713.7
21744.07,33690.4
21652.34,33639.89
21678.2,33663.94
21767.31,33719.84
21795.25,33716.78
21746.44,33693.22
21647.62,33637.27
21671.16,33659.38
21761.93,33714.43
21778.94,33704.2
21736.85,33685.51
21646.59,33635.3
21666.66,33653.99
21759.2,33713.96
21786.27,33710.97
21744.22,33692.06
21644.8,33640.25
21661.54,33658.26
21752.14,33715.17
21775.02,33707.21
21738.63,33689.53
21641.32,33635.35
21656.45,33653.66
21750.08,33712.17
21779.49,33710.92
21738.86,33693.89
21645.88,33642.13
21662.95,33657.95
21757.59,33721.27
21777.35,33713.54
21737.47,33696.84
21634.34,33636.51
21656.13,33659.13
21744.11,33718.32
21769.14,33716.04
21734.34,33699.93
21638.72,33645.7
21649.07,33657.48
21740.74,33715.73
21769.84,33712.66
21745.65,33704.6
21649.27,33650.04
21660.25,33660.16
21750.95,33716.58
21778.2,33711.48
21748.11,33698.18
21658.71,33646.84
21666.73,33656.56
21750.82,33710.92
21777.39,33709.65
21743.91,33700.53
21641.96,33639.02
21655.8,33650.86
21748.92,33711.13
21782.24,33711.44
21743.84,33694.16
21622.79,33621.09
21635.95,33640.47
21717.2,33692.15
21726.92,33672.25
21694.42,33659.42
21592.48,33601.62
21602.42,33616.0
21693.11,33679.29
21723.59,33677.02
21689.55,33658.48
21603.16,33615.52
21622.21,33636.09
21711.46,33692.57
21736.15,33686.22
21711.39,33678.8
21616.84,33625.85
21627.53,33636.16
21718.9,33691.75
21742.64,33686.45
21707.3,33673.06
21616.84,33625.16
21635.44,33643.13
21735.89,33706.77
21764.96,33700.75
21725.85,33682.13
21625.94,33625.02
21635.77,33634.41
21729.38,33696.33
21752.83,33688.37
21715.46,33670.24
21620.86,33618.7
21634.54,33634.97
21724.22,33696.13
21749.23,33688.55
21723.91,33681.35
21624.06,33623.04
21636.85,33638.35
21732.69,33702.61
21754.79,33693.22
21720.26,33678.0
21621.6,33618.74
21643.39,33639.57
21733.72,33701.64
21752.0,33690.27
21717.78,33675.94
21628.24,33629.41
21639.26,33645.01
21722.97,33699.59
21752.96,33696.62
21722.81,33685.22
21627.23,33635.57
21636.29,33645.59
21730.01,33704.11
21754.42,33694.09
21719.32,33675.61
21622.43,33618.09
21635.77,33633.99
21731.04,33700.55
21764.38,33698.34
21731.44,33684.21
21627.73,33624.93
21635.1,33637.27
21728.51,33702.03
21757.03,33696.98
21728.0,33683.14
21627.48,33624.93
21626.63,33632.51
21719.75,33697.02
21756.2,33698.85
21726.59,33687.92
21619.75,33627.64
21628.82,33642.59
21724.4,33707.48
21752.47,33703.52
21724.87,33690.18
21625.45,33634.9
21635.41,33652.34
21714.92,33698.23
21743.73,33697.15
21716.89,33684.19
21623.05,33632.42
21623.52,33640.58
21717.67,33704.11
21759.67,33710.57
21727.04,33693.87
21627.75,33641.72
21626.63,33648.43
21719.28,33711.75
21754.48,33710.77
21727.64,33700.06
21628.62,33645.99
21623.81,33648.29
21709.04,33704.62
21740.22,33695.97
21718.65,33688.75
21634.28,33647.06
21642.28,33659.16
21736.69,33724.27
21762.91,33717.47
21729.31,33699.57
21629.67,33646.04
21627.46,33647.44
21717.31,33706.0
21750.97,33701.49
21714.63,33676.72
21613.94,33622.63
21613.4,33628.78
21708.1,33693.42
21754.95,33703.05
21722.74,33686.76
21622.72,33632.09
21630.95,33648.05
21724.96,33713.16
21756.27,33708.17
21722.23,33690.65
21625.94,33641.52
21626.74,33646.48
21720.04,33710.95
21756.2,33713.29
21716.55,33687.43
21621.02,33635.42
21622.43,33644.61
21709.0,33704.48
21740.96,33703.25
21716.75,33691.63
21624.46,33645.27
21618.23,33647.02
21707.16,33705.11
21746.86,33707.23
21723.86,33697.8
21625.42,33643.82
21614.54,33639.78
21708.93,33704.35
21740.58,33700.24
21715.23,33687.07
21621.69,33639.84
21618.07,33644.87
21711.88,33710.45
21747.71,33709.58
21722.3,33696.64
21628.24,33644.76
21626.07,33650.37
21719.68,33712.04
21746.53,33705.2
21713.94,33687.5
21622.14,33640.4
21620.13,33642.35
21709.2,33700.62
21745.38,33702.77
21719.81,33689.98
21626.03,33636.96
21630.59,33647.18
21720.51,33709.25
21751.09,33703.7
21725.07,33691.07
21630.68,33641.9
21623.21,33641.36
21705.64,33692.64
21721.13,33686.16
21629.51,33636.6
21630.36,33644.16
21720.31,33705.42
21757.66,33704.78
21730.68,33688.35
21633.63,33634.88
21626.52,33636.42
21717.04,33701.76
21752.67,33702.63
21727.06,33692.23
21636.42,33647.24
21622.9,33640.25
21712.51,33698.34
21750.62,33700.15
21724.11,33689.26
21630.21,33644.2
21617.73,33641.3
21710.79,33706.41
21751.13,33709.47
21729.98,33700.64
21635.35,33652.74
21611.37,33640.61
21705.46,33707.59
21740.83,33710.36
21722.72,33703.97
21630.01,33657.5
21617.42,33657.17
21707.86,33720.94
21750.3,33724.64
21716.44,33703.73
21619.46,33653.66
21608.46,33651.42
21698.0,33714.36
21736.11,33714.16
21713.06,33700.53
21624.82,33656.68
21610.02,33652.2
21699.65,33715.01
21736.33,33714.03
21716.02,33705.85
21628.46,33662.64
21609.73,33652.41
21703.79,33718.14
21741.07,33721.2
21713.13,33704.2
21618.52,33654.11
21606.18,33648.63
21698.94,33712.87
21740.07,33717.38
21714.36,33699.46
21624.22,33653.61
21615.88,33655.27
21707.07,33720.67
21748.07,33724.73
21721.94,33710.74
21630.32,33662.42
21603.14,33645.63
21690.87,33708.42
21734.23,33715.32
21721.07,33712.31
21623.5,33656.27
21607.23,33652.99
21702.49,33724.78
21745.86,33727.08
21719.57,33712.0
21636.55,33679.18
21626.56,33680.12
21715.08,33740.09
21747.42,33734.66
21719.68,33714.21
21628.04,33663.04
21607.03,33650.68
21695.92,33713.58
21732.78,33712.44
21707.19,33697.22
21618.05,33655.82
21601.82,33652.38
21696.7,33719.75
21737.03,33726.39
21721.04,33722.39
21631.19,33676.05
21616.51,33670.13
21710.03,33736.07
21745.36,33735.15
21712.15,33709.58
21630.74,33672.34
21606.89,33663.0
21692.77,33724.42
21737.72,33729.23
21719.17,33717.0
21635.15,33675.56
21620.19,33671.58
21703.9,33730.01
21747.89,33735.69
21728.26,33725.92
21632.26,33674.46
21608.12,33661.23
21700.71,33731.22
21749.32,33742.17
21720.71,33721.16
21619.93,33664.16
21598.11,33654.64
21690.71,33722.14
21732.96,33726.73
21715.72,33716.69
21619.1,33665.57
21592.92,33655.13
21681.88,33720.64
21733.47,33732.52
21714.36,33720.49
21621.47,33669.64
21593.44,33652.76
21681.19,33713.67
21727.73,33720.8
21698.71,33701.02
21609.22,33656.92
21582.93,33648.07
21675.16,33717.76
21726.97,33728.09
21704.37,33708.04
21617.38,33663.87
21596.39,33658.66
21686.85,33724.45
21738.77,33736.34
21710.72,33718.19
21623.28,33672.37
21609.24,33667.98
21688.25,33720.0
21731.35,33722.59
21712.89,33708.84
21629.69,33667.79
21609.26,33663.89
21700.73,33731.26
21743.69,33733.74
21722.59,33722.59
21631.97,33673.66
21603.03,33657.46
21694.04,33725.12
21746.23,33737.12
21726.41,33721.29
21632.62,33665.95
21599.79,33647.4
21689.77,33715.35
21743.29,33725.63
21710.54,33696.77
21624.78,33654.08
21602.98,33649.01
21689.3,33713.61
21736.42,33724.02
21715.28,33707.23
21628.29,33661.73
21595.79,33644.63
21688.59,33711.86
21751.89,33730.97
21732.85,33713.05
21646.21,33668.83
21619.57,33657.9
21702.96,33719.46
21755.53,33733.92
21734.88,33722.77
21646.68,33679.36
21610.11,33657.88
21698.31,33724.29
21754.97,33741.1
21729.45,33718.7
21640.13,33669.17
21614.14,33657.41
21702.45,33723.73
21758.46,33738.91
21731.33,33719.06
21648.31,33681.21
21620.19,33668.23
21698.42,33724.04
21747.2,33737.81
21727.97,33724.33
21637.0,33673.55
21607.16,33656.23
21697.57,33725.29
21751.22,33740.65
21733.81,33727.21
21637.87,33675.67
21609.08,33662.35
21694.89,33723.95
21742.73,33732.16
21720.33,33718.41
21633.43,33676.25
21603.16,33662.2
21685.51,33723.73
21739.8,33738.57
21721.38,33727.13
21637.9,33690.92
21605.73,33676.84
21691.54,33741.45
21744.2,33755.58
21727.26,33742.93
21637.96,33695.54
21602.83,33675.45
21688.21,33737.23
21748.31,33757.7
21725.2,33740.76
21636.82,33694.79
21592.03,33667.34
21675.29,33728.51
21737.21,33746.08
21721.45,33730.1
21638.01,33688.35
21599.45,33666.84
21684.61,33729.65
21740.74,33747.58
21723.32,33734.23
21634.45,33690.0
21599.36,33673.73
21684.66,33730.64
21742.97,33743.85
21725.43,33727.29
21641.81,33687.52
21600.59,33664.68
21685.97,33730.88
21747.84,33749.86
21729.78,33734.13
21645.83,33693.87
21607.72,33674.11
21692.08,33737.25
21746.68,33749.5
21735.69,33740.02
21648.47,33690.2
21602.51,33664.95
21685.97,33727.8
21737.88,33744.63
21710.27,33726.46
21617.51,33677.89
21569.79,33648.18
21625.51,33689.35
21655.22,33684.21
21602.63,33634.12
21495.69,33568.83
21422.4,33519.3
21468.38,33544.13
21508.57,33542.5
21466.23,33504.95
21370.05,33449.96
21312.54,33412.41
21382.75,33465.28
21430.09,33471.02
21414.22,33455.82
21326.4,33411.68
21281.3,33386.8
21362.41,33446.3
21414.91,33455.66
21402.76,33442.3
21330.63,33410.29
21288.9,33390.98
21373.21,33455.71
21444.75,33481.73
21429.98,33468.18
21357.18,33434.57
21318.56,33414.61
21414.67,33487.88
21490.58,33519.66
21488.23,33518.38
21413.75,33485.53
21379.8,33474.55
21474.93,33551.89
21546.14,33578.0
21542.3,33572.12
21477.21,33547.55
21440.62,33529.49
21533.42,33603.68
21598.96,33625.83
21589.17,33612.29
21511.43,33575.8
21475.91,33561.21
21561.63,33627.28
21631.82,33655.04
21625.96,33651.69
21554.3,33622.99
21505.89,33595.72
21595.49,33664.32
21664.38,33688.64
21653.21,33674.89
21577.1,33642.53
21548.82,33633.96
21638.32,33700.89
21700.57,33721.11
21684.75,33702.9
21604.14,33662.93
21555.55,33634.93
21633.85,33692.82
21699.59,33715.55
21697.37,33710.86
21618.47,33673.77
21567.89,33643.09
21650.59,33705.07
21717.54,33731.89
21704.19,33721.5
21620.66,33680.1
21570.01,33650.53
21652.51,33713.83
21717.6,33735.6
21701.49,33716.36
21628.98,33682.96
21584.83,33660.45
21659.04,33716.0
21721.92,33737.63
21714.83,33728.69
21628.51,33682.4
21576.72,33651.2
21656.16,33714.16
21721.38,33740.52
21708.24,33726.05
21635.53,33693.29
21588.54,33665.1
21667.09,33725.72
21730.54,33742.91
21721.83,33729.56
21644.56,33689.4
21590.06,33655.76
21673.32,33720.36
21739.28,33745.59
21725.13,33732.56
21647.6,33699.9
21598.45,33674.64
21683.61,33738.57
21752.63,33760.72
21739.04,33744.85
21659.46,33703.23
21606.02,33668.79
21681.21,33727.39
21750.13,33758.98
21735.82,33739.51
21655.62,33699.79
21600.01,33670.51
21682.67,33734.39
21743.57,33755.85
21722.68,33733.79
21648.8,33700.53
21595.88,33670.87
21674.66,33731.29
21750.71,33766.67
21743.96,33754.46
21669.1,33720.46
21612.57,33686.56
21690.45,33742.86
21755.87,33764.61
21743.06,33746.84
21663.62,33710.5
21611.14,33684.75
21686.51,33740.67
21753.23,33763.23
21734.61,33744.63
21662.1,33713.22
21608.44,33680.17
21682.46,33736.11
21750.95,33765.62
21743.42,33755.13
21671.24,33720.42
21608.28,33679.27
21683.56,33738.37
21753.21,33767.29
21736.71,33749.77
21660.65,33717.05
21600.97,33681.26
21675.45,33735.35
21740.74,33755.18
21728.42,33733.95
21655.04,33699.19
21598.24,33669.46
21675.36,33729.81
21744.98,33753.23
21736.58,33739.98
21660.81,33703.95
21616.15,33682.25
21689.39,33738.66
21751.35,33760.5
21741.09,33745.52
21670.31,33714.43
21610.65,33682.47
21687.27,33743.0
21757.61,33770.04
21748.67,33754.17
21676.74,33720.09
21611.43,33678.27
21684.5,33730.3
21752.96,33754.06
21747.6,33744.18
21676.47,33714.32
21611.45,33675.67
21684.39,33728.51
21758.6,33760.36
21749.63,33747.58
21674.04,33713.56
21613.94,33681.51
21696.28,33747.36
21769.46,33777.78
21756.58,33756.7
21676.16,33714.59
21612.19,33678.33
21680.25,33732.16
21751.4,33760.21
21749.81,33750.42
21680.37,33718.34
21616.15,33677.17
21684.7,33729.41
21755.15,33759.7
21750.33,33745.43
21677.26,33709.92
21619.08,33676.99
21688.86,33731.22
21760.76,33761.01
21750.68,33745.5
21671.04,33707.66
21609.35,33673.26
21683.54,33729.03
21752.4,33753.88
21744.07,33735.96
21678.76,33705.16
21613.31,33666.98
21684.57,33724.18
21760.72,33760.75
21753.19,33750.57
21671.04,33706.99
21609.49,33667.16
21679.31,33721.27
21756.38,33757.93
21745.5,33742.17
21671.58,33709.13
21603.29,33669.26
21674.35,33724.67
21744.18,33749.81
21738.46,33733.95
21676.63,33709.04
21605.75,33667.07
21676.79,33720.09
21747.15,33748.7
21734.14,33730.26
21667.85,33702.45
21605.11,33669.06
21671.31,33721.32
21741.32,33748.52
21732.4,33731.55
21665.46,33702.77
21601.91,33665.66
21668.36,33717.18
21745.88,33750.21
21733.0,33730.77
21660.45,33696.04
21589.64,33648.65
21658.04,33698.52
21741.34,33739.73
21736.15,33726.75
21669.66,33701.36
21602.16,33662.08
21671.33,33719.13
21741.92,33748.29
21731.55,33728.25
21666.19,33699.48
21591.74,33650.98
21659.87,33701.27
21733.58,33733.27
21729.87,33721.52
21669.1,33699.07
21598.89,33656.32
21663.82,33705.49
21732.73,33737.83
21722.52,33718.68
21660.85,33690.36
21594.04,33653.61
21658.62,33705.11
21736.49,33741.68
21736.04,33730.93
21669.84,33699.77
21603.54,33659.94
21669.66,33713.07
21743.08,33748.85
21737.27,33732.63
21667.4,33695.9
21593.08,33649.72
21669.03,33710.3
21735.46,33737.75
21733.94,33727.13
21672.32,33701.18
21602.49,33659.85
21667.82,33710.81
21736.6,33735.4
21733.56,33722.28
21669.57,33695.25
21598.89,33652.45
21669.37,33710.39
21746.75,33745.46
21740.6,33728.13
21671.22,33695.77
21605.53,33659.34
21675.58,33712.13
21752.07,33742.13
21748.83,33730.95
21680.01,33703.21
21600.75,33652.76
21671.89,33709.49
21749.43,33745.01
21742.3,33727.6
21672.97,33694.54
21600.57,33648.79
21668.18,33701.42
21745.81,33739.04
21735.17,33717.8
21666.06,33687.45
21596.52,33647.55
21665.59,33701.91
21747.08,33742.62
21736.49,33722.37
21668.52,33695.34
21598.4,33657.17
21669.7,33714.39
21752.45,33757.1
21741.45,33736.38
21679.74,33710.86
21611.59,33672.07
21680.68,33724.36
21754.37,33756.03
21742.86,33734.44
21683.29,33709.16
21615.05,33669.62
21685.73,33723.19
21767.22,33762.11
21759.06,33749.77
21695.74,33726.73
21626.12,33687.68
21692.43,33742.28
21773.04,33783.57
21768.41,33769.75
21694.18,33732.96
21622.25,33686.27
21688.01,33734.91
21762.42,33768.01
21758.08,33753.99
21692.46,33725.36
21615.32,33676.28
21674.44,33721.07
21754.71,33763.45
21743.82,33743.18
21678.98,33711.13
21614.72,33672.12
21683.29,33729.07
21758.89,33769.44
21756.4,33758.69
21695.0,33735.71
21618.63,33689.38
21677.97,33731.75
21754.84,33767.9
21750.66,33753.61
21684.83,33720.02
21603.88,33666.18
21667.49,33716.87
21744.54,33750.48
21748.29,33737.9
21688.28,33714.9
21611.97,33669.01
21672.14,33717.54
21747.96,33754.39
21749.32,33743.45
21685.42,33716.18
21609.13,33669.41
21670.82,33719.15
21751.89,33762.98
21745.18,33745.57
21680.77,33714.99
21603.38,33665.44
21668.45,33717.18
21748.43,33755.45
21742.55,33740.47
21683.52,33715.64
21600.9,33663.83
21664.05,33718.48
21744.85,33758.31
21744.67,33743.02
21681.48,33714.75
21603.59,33667.05
21669.41,33722.79
21748.54,33762.38
21751.96,33747.73
21698.02,33726.77
21611.74,33673.57
21670.13,33720.58
21748.0,33756.16
21751.62,33743.38
21699.05,33722.05
21633.56,33680.55
21689.19,33725.25
21767.71,33767.36
21760.9,33746.91
21697.31,33722.46
21619.14,33678.38
21675.85,33723.04
21755.76,33765.01
21751.98,33749.48
21693.02,33724.58
21620.04,33677.91
21675.36,33722.19
21760.52,33770.54
21757.72,33749.77
21699.43,33726.08
21619.3,33679.7
21677.15,33727.51
21757.81,33766.98
21758.39,33750.08
21709.0,33732.94
21629.85,33685.48
21690.11,33736.02
21771.54,33782.34
21766.82,33761.37
21705.31,33734.28
21617.22,33678.85
21671.78,33720.64
21755.6,33763.49
21759.38,33749.77
21703.97,33728.8
21614.22,33671.88
21663.94,33714.57
21745.03,33756.72
21750.04,33746.26
21692.79,33725.54
21612.97,33678.18
21673.12,33726.39
21746.53,33764.9
21750.95,33758.06
21700.64,33739.8
21622.9,33690.8
21672.88,33728.87
21752.63,33771.56
21757.3,33761.17
21696.81,33733.92
21615.77,33685.29
21670.96,33730.05
21747.71,33772.14
21746.53,33757.68
21689.71,33733.39
21610.02,33683.21
21662.88,33723.84
21753.1,33774.31
21754.04,33761.1
21696.23,33735.73
21610.78,33683.05
21666.01,33729.81
21744.22,33770.67
21754.64,33763.58
21703.5,33745.05
21619.37,33691.72
21672.34,33734.17
21753.25,33777.24
21753.79,33758.64
21700.99,33738.59
21617.36,33691.68
21660.85,33727.95
21738.66,33767.25
21743.29,33754.13
21695.68,33736.92
21613.2,33685.48
21667.82,33732.49
21751.44,33777.82
21748.92,33756.63
21687.7,33729.59
21604.84,33678.0
21655.55,33720.82
21739.82,33770.71
21744.76,33758.24
21691.03,33737.52
21602.09,33680.01
21649.97,33716.87
21727.88,33760.23
21733.63,33751.71
21682.96,33732.18
21599.79,33681.53
21641.58,33715.04
21725.36,33762.91
21733.58,33751.16
21678.49,33730.01
21595.07,33682.31
21639.08,33718.12
21722.79,33764.57
21734.9,33752.56
21679.78,33728.74
21595.83,33681.39
21644.22,33720.13
21727.26,33765.21
21740.11,33761.82
21681.08,33733.34
21599.76,33685.26
21645.7,33720.49
21725.87,33759.92
21734.19,33748.2
21679.36,33725.5
21597.84,33679.99
21644.94,33716.62
21726.63,33757.14
21733.65,33746.89
21675.8,33720.04
21591.58,33670.42
21647.78,33713.8
21736.04,33759.38
21737.34,33741.28
21685.71,33720.54
21601.98,33677.11
21647.39,33716.8
21725.87,33760.32
21731.06,33742.39
21685.55,33723.93
21600.48,33671.47
21647.37,33708.98
21726.28,33755.31
21730.5,33743.4
21680.61,33726.5
21599.12,33681.86
21651.33,33725.77
21740.42,33777.31
21747.53,33761.17
21696.37,33740.72
21603.36,33686.85
21645.85,33723.37
21733.09,33771.2
21740.98,33756.52
21692.93,33738.68
21605.98,33686.83
21651.33,33723.44
21739.42,33775.18
21749.03,33767.47
21696.86,33748.92
21619.57,33705.47
21667.82,33743.11
21750.33,33785.27
21754.48,33767.36
21703.32,33745.12
21609.96,33685.2
21662.73,33727.98
21744.51,33774.65
21747.67,33756.54
21705.58,33743.15
21619.97,33693.76
21655.6,33726.46
21746.73,33781.04
21754.64,33764.61
21709.64,33747.4
21624.71,33702.07
21658.75,33730.43
21742.05,33782.63
21749.68,33772.64
21704.79,33756.32
21618.63,33706.72
21651.71,33732.09
21737.03,33782.31
21750.82,33775.65
21703.21,33756.79
21627.81,33716.15
21665.63,33744.63
21747.04,33788.37
21758.89,33776.7
21714.25,33758.69
21624.6,33700.51
21667.47,33732.43
21750.82,33782.8
21761.63,33776.08
21711.01,33756.72
21619.75,33705.51
21664.63,33746.55
21749.39,33797.18
21758.15,33784.82
21700.39,33756.79
21613.15,33704.62
21655.71,33739.93
21742.05,33791.39
21752.52,33781.8
21700.59,33759.65
21610.45,33701.11
21654.32,33734.91
21739.26,33783.59
21759.91,33777.48
21718.54,33762.91
21621.8,33702.41
21663.27,33735.46
21754.82,33789.64
21763.74,33772.55
21717.89,33752.56
21626.5,33698.58
21659.46,33724.6
21744.83,33776.17
21752.29,33763.54
21710.65,33750.82
21622.99,33703.25
21663.15,33737.59
21753.5,33791.63
21764.43,33775.72
21711.9,33748.63
21624.4,33696.93
21659.6,33725.52
21741.96,33775.83
21752.52,33760.05
21708.01,33742.08
21616.6,33691.32
21645.54,33716.31
21730.1,33769.51
21744.09,33760.45
21703.79,33746.04
21619.88,33697.0
21660.65,33732.78
21745.97,33782.31
21757.7,33771.29
21715.88,33756.72
21624.89,33703.12
21649.74,33724.42
21738.99,33778.27
21756.4,33770.98
21711.5,33753.79
21621.04,33700.93
21654.88,33727.3
21742.77,33780.44
21755.91,33769.19
21711.21,33755.09
21615.7,33700.17
21652.51,33733.23
21731.77,33780.7
21739.15,33766.29
21698.63,33753.7
21599.18,33692.66
21636.38,33725.2
21729.14,33785.69
21735.71,33769.21
21693.31,33753.32
21611.1,33707.57
21643.1,33734.73
21731.39,33790.79
21743.6,33773.62
21697.49,33751.82
21608.46,33704.21
21635.68,33727.98
21727.1,33787.21
21743.53,33778.49
21700.44,33761.91
21607.86,33705.51
21636.42,33727.46
21726.23,33781.64
21743.13,33770.96
21705.98,33758.15
21614.83,33705.58
21645.63,33729.3
21730.32,33780.28
21742.95,33768.43
21704.91,33755.4
21613.11,33699.57
21643.66,33724.64
21728.96,33776.52
21746.64,33772.08
21697.44,33752.72
21603.88,33694.36
21640.09,33722.5
21729.49,33776.97
21746.01,33770.64
21700.15,33751.07
21623.7,33712.6
21659.02,33743.38
21745.38,33797.87
21758.8,33784.23
21709.11,33756.27
21615.68,33701.2
21643.73,33723.73
21732.38,33781.15
21743.35,33768.43
21701.15,33751.71
21609.26,33697.96
21639.77,33724.45
21731.51,33783.77
21753.12,33778.69
21708.06,33761.46
21612.48,33706.52
21641.99,33731.89
21729.65,33787.52
21747.53,33776.59
21702.22,33756.88
21603.99,33702.36
21628.4,33724.51
21723.26,33782.43
21747.29,33775.23
21701.76,33754.13
21606.0,33698.7
21632.93,33722.39
21725.29,33780.77
21747.29,33774.56
21710.14,33761.1
21616.66,33711.48
21636.6,33729.83
21727.04,33787.16
21746.32,33778.27
21705.2,33764.14
21611.88,33712.46
21633.09,33729.12
21723.62,33783.59
21745.9,33779.61
21702.54,33760.39
21604.5,33702.9
21631.86,33727.06
21722.97,33784.55
21740.89,33776.79
21696.99,33754.6
21599.81,33694.89
21620.71,33713.09
21712.64,33770.15
21734.88,33761.17
21701.04,33752.74
21603.68,33694.43
21629.87,33717.34
21715.19,33769.35
21740.74,33764.75
21700.59,33746.35
21603.41,33692.17
21620.28,33711.23
21714.21,33774.11
21738.52,33771.92
21698.0,33753.12
21604.21,33698.81
21624.44,33714.88
21710.79,33764.61
21732.35,33757.7
21700.48,33748.47
21606.36,33695.63
21633.31,33720.91
21720.73,33778.8
21739.46,33770.71
21706.11,33761.77
21609.84,33704.55
21632.26,33720.13
21722.99,33775.07
21734.7,33758.8
21703.07,33752.27
21612.5,33702.16
21622.36,33710.65
21716.17,33771.85
21740.4,33766.46
21702.43,33747.13
21609.53,33691.14
21627.12,33709.07
21717.49,33765.64
21739.04,33756.09
21704.75,33743.31
21608.48,33689.84
21627.23,33709.02
21719.1,33770.2
21739.89,33761.53
21707.92,33754.8
21605.87,33697.91
21624.89,33715.13
21718.59,33776.01
21747.98,33772.84
21709.8,33756.12
21607.74,33697.0
21631.77,33723.66
21719.28,33780.37
21747.73,33776.17
21715.26,33767.34
21615.01,33711.37
21626.5,33725.59
21717.58,33785.13
21744.78,33780.44
21704.37,33758.49
21609.08,33703.88
21633.02,33725.9
21719.41,33779.9
21739.84,33770.24
21705.96,33754.64
21608.03,33697.78
21617.62,33711.64
21713.04,33776.21
21745.61,33774.76
21712.8,33763.63
21609.98,33706.59
21617.02,33716.2
21709.71,33778.8
21734.9,33770.13
21696.53,33748.07
21606.71,33699.75
21615.66,33716.06
21704.95,33778.54
21732.87,33776.19
21700.88,33761.41
21602.87,33703.59
21614.56,33715.08
21702.0,33774.18
21734.7,33777.87
21706.22,33768.48
21606.49,33707.64
21618.47,33718.37
21714.61,33783.43
21733.12,33772.41
21703.86,33765.46
21622.81,33723.26
21635.73,33734.28
21723.53,33794.41
21750.08,33788.62
21720.93,33775.59
21621.67,33719.08
21623.08,33722.68
21710.25,33784.21
21734.93,33782.58
21709.22,33777.15
21620.42,33731.15
21628.53,33739.71
21723.5,33800.39
21747.6,33790.11
21710.32,33771.68
21609.11,33714.48
21623.28,33726.61
21716.13,33787.68
21751.02,33791.34
21718.88,33783.18
21617.53,33726.39
21629.49,33741.57
21723.66,33805.63
21748.04,33795.14
21717.18,33783.16
21619.9,33725.9
21629.87,33734.04
21722.56,33795.52
21745.1,33782.43
21705.4,33759.87
21613.64,33708.69
21624.26,33719.91
21719.55,33784.88
21752.34,33785.06
21721.6,33769.48
21630.59,33718.48
21639.42,33729.43
21726.92,33785.29
21761.54,33785.4
21731.66,33775.45
21632.89,33718.95
21631.71,33720.09
21727.66,33786.79
21753.19,33778.56
21724.04,33767.76
21628.82,33715.53
21627.59,33716.09
21726.05,33783.72
21752.98,33782.05
21722.36,33770.67
21623.28,33712.15
21619.9,33710.63
21713.82,33776.34
21749.3,33777.24
21719.05,33764.3
21624.82,33714.48
21629.98,33724.89
21723.08,33790.07
21755.42,33788.13
21723.97,33774.47
21634.23,33724.98
21633.31,33727.51
21720.91,33784.39
21756.96,33785.04
21728.62,33770.89
21630.77,33720.15
21633.89,33728.65
21714.45,33780.46
21741.05,33774.63
21714.14,33763.76
21623.39,33717.96
21633.6,33732.67
21723.86,33792.19
21753.74,33789.93
21717.76,33769.82
21629.18,33720.91
21627.26,33722.37
21714.85,33784.1
21749.59,33782.18
21726.1,33770.98
21626.29,33714.41
21618.72,33712.53
21714.85,33780.61
21745.86,33777.73
21717.42,33769.46
21625.51,33721.43
21627.84,33727.98
21711.21,33786.58
21743.53,33783.07
21709.96,33766.42
21621.15,33720.29
21621.42,33720.58
21709.31,33779.3
21734.93,33772.23
21707.83,33763.4
21615.39,33718.5
21613.44,33726.46
21710.9,33797.98
21743.89,33794.52
21716.33,33779.16
21621.06,33721.9
21618.47,33722.9
21713.82,33789.31
21750.44,33789.33
21719.39,33772.03
21625.29,33721.56
21617.51,33723.02
21707.12,33787.23
21742.64,33785.96
21720.89,33777.64
21624.71,33727.98
21612.77,33722.7
21703.52,33786.25
21730.54,33780.39
21705.96,33770.09
21615.68,33718.7
21612.35,33717.67
21705.89,33785.06
21744.31,33784.35
21721.67,33775.43
21634.07,33729.68
21623.59,33723.66
21712.8,33782.89
21739.6,33773.37
21714.38,33764.86
21625.42,33719.46
21612.48,33711.41
21702.49,33776.01
21740.94,33775.23
21710.29,33758.71
21620.69,33712.2
21612.79,33705.67
21703.52,33768.12
21740.4,33765.48
21714.34,33752.25
21622.0,33702.96
21612.5,33700.59
21708.37,33765.91
21750.88,33769.48
21721.2,33752.88
21627.39,33704.51
21618.0,33702.77
21712.21,33773.33
21743.53,33771.2
21713.78,33756.43
21619.57,33704.33
21610.83,33703.84
21697.26,33763.0
21741.94,33768.01
21713.74,33751.98
21623.59,33703.25
21607.9,33694.85
21695.9,33758.38
21739.15,33762.29
21712.55,33746.15
21617.29,33698.56
21602.49,33692.53
21686.09,33752.63
21723.91,33758.04
21696.84,33743.2
21599.27,33688.73
21591.92,33689.02
21680.72,33750.84
21727.55,33761.01
21710.2,33756.56
21617.8,33705.94
21604.1,33698.0
21694.36,33761.26
21731.93,33760.99
21706.81,33750.44
21618.12,33705.74
21603.12,33697.85
21691.09,33761.93
21732.62,33767.05
21706.25,33755.71
21606.94,33705.47
21589.17,33698.34
21686.62,33768.66
21732.69,33773.51
21701.93,33748.76
21617.85,33704.91
21596.32,33692.15
21695.03,33763.61
21734.68,33766.24
21709.69,33754.66
21616.42,33702.14
21608.35,33704.95
21692.35,33767.29
21738.55,33774.98
21713.09,33757.41
21616.95,33704.78
21599.47,33697.11
21688.21,33758.15
21727.37,33761.5
21703.77,33750.98
21617.8,33707.28
21601.4,33699.48
21689.1,33760.59
21738.55,33772.46
21720.55,33766.49
21627.01,33715.01
21600.14,33698.09
21690.54,33763.83
21737.25,33770.42
21712.46,33755.02
21617.51,33703.46
21601.2,33697.51
21692.12,33763.14
21744.18,33778.92
21724.64,33768.97
21637.43,33722.5
21613.26,33711.53
21703.45,33778.76
21747.6,33786.38
21719.61,33768.25
21630.88,33719.77
21614.0,33711.14
21706.31,33776.57
21748.2,33782.92
21720.06,33761.66
21625.69,33706.74
21599.96,33692.32
21697.69,33765.28
21745.88,33773.24
21725.87,33759.2
21642.17,33715.53
21612.88,33697.15
21701.15,33760.59
21749.72,33771.45
21725.85,33759.43
21628.64,33706.09
21605.98,33691.68
21691.56,33753.46
21743.8,33763.25
21724.69,33751.38
21635.73,33705.4
21612.93,33697.22
21700.41,33759.94
21758.89,33779.92
21731.79,33764.9
21633.49,33709.52
21614.36,33699.93
21698.2,33758.09
21746.59,33764.54
21721.76,33752.34
21618.45,33694.92
21598.69,33686.04
21686.96,33749.55
21738.46,33759.2
21713.54,33741.36
21631.28,33700.64
21607.63,33693.49
21689.64,33757.75
21740.11,33770.49
21716.53,33757.01
21622.05,33705.4
21597.22,33689.06
21688.03,33752.36
21734.97,33756.65
21714.67,33742.1
21630.43,33701.02
21595.18,33678.56
21680.5,33743.55
21732.71,33757.26
21714.38,33743.45
21640.06,33711.19
21612.59,33696.62
21698.96,33759.29
21749.81,33771.38
21728.55,33759.09
21626.63,33699.81
21597.28,33682.16
21688.3,33752.38
21734.86,33756.43
21713.96,33741.1
21637.22,33710.68
21604.82,33697.2
21680.25,33749.25
21734.39,33763.83
21715.7,33755.18
21624.93,33709.18
21592.21,33689.55
21673.08,33747.13
21728.42,33763.05
21714.96,33758.64
21629.85,33718.97
21596.32,33700.55
21683.61,33765.33
21736.38,33778.65
21709.78,33753.48
21624.26,33710.88
21588.92,33689.06
21675.49,33751.85
21729.27,33768.75
21703.25,33750.42
21615.07,33703.81
21585.95,33685.15
21669.43,33745.14
21731.28,33766.29
21710.4,33748.47
21627.53,33705.16
21599.5,33691.77
21683.78,33756.25
21728.87,33765.17
21713.96,33756.92
21629.87,33712.09
21592.66,33689.24
21668.76,33743.8
21727.01,33763.07
21720.22,33762.11
21629.65,33716.8
21592.41,33694.98
21676.25,33756.39
21732.2,33773.06
21720.04,33766.54
21629.47,33720.73
21596.95,33700.48
21683.74,33763.25
21736.8,33777.75
21710.43,33756.34
21627.57,33717.47
21586.55,33693.6
21678.24,33762.13
21727.77,33769.11
21705.04,33751.56
21618.76,33711.68
21582.13,33691.77
21675.56,33757.84
21735.53,33774.42
21715.63,33758.71
21631.26,33716.0
21587.52,33685.08
21671.58,33748.96
21730.66,33766.64
21709.04,33746.39
21626.77,33706.9
21589.59,33683.61
21678.69,33749.93
21735.26,33767.18
21723.91,33757.82
21648.09,33722.32
21602.63,33692.95
21690.02,33760.43
21753.79,33782.71
21738.55,33768.28
21658.3,33728.76
21617.36,33705.42
21701.04,33767.52
21755.47,33779.72
21731.48,33761.48
21637.0,33711.41
21596.75,33685.44
21679.72,33743.6
21744.11,33769.39
21732.67,33762.22
21647.39,33720.64
21604.55,33691.81
21690.6,33755.96
21746.39,33773.39
21727.35,33759.2
21650.17,33721.14
21604.97,33692.15
21681.19,33745.39
21741.72,33760.99
21727.33,33746.51
21646.41,33705.31
21608.5,33686.25
21681.73,33740.29
21744.07,33760.03
21730.05,33750.71
21649.61,33715.82
21604.5,33691.36
21685.73,33752.16
21748.65,33771.09
21734.77,33755.98
21656.25,33715.3
21609.13,33683.32
21690.78,33744.11
21753.12,33765.21
21733.83,33748.14
21653.86,33710.34
21607.59,33682.82
21686.58,33742.82
21744.13,33758.78
21732.33,33748.54
21662.66,33718.7
21619.66,33693.51
21698.58,33757.48
21757.63,33778.83
21742.32,33764.07
21661.21,33725.12
21608.21,33691.07
21683.49,33746.55
21751.04,33773.69
21740.56,33763.38
21660.22,33728.13
21611.7,33697.91
21690.78,33755.63
21758.84,33780.59
21743.29,33760.88
21664.12,33720.2
21614.79,33689.96
21694.45,33752.74
21758.82,33772.79
21752.87,33764.07
21678.04,33734.73
21621.09,33698.7
21696.1,33754.6
21763.31,33779.36
21747.62,33759.94
21675.18,33725.29
21639.35,33704.89
21722.41,33768.05
21775.49,33782.27
21757.9,33762.51
21674.02,33717.02
21620.82,33687.39
21695.25,33743.36
21761.61,33769.46
21749.77,33756.68
21673.01,33720.94
21623.9,33696.73
21701.33,33756.92
21761.12,33775.23
21748.07,33756.16
21677.1,33720.04
21628.49,33690.05
21707.61,33751.49
21775.4,33777.98
21758.26,33759.07
21685.3,33727.3
21632.87,33694.45
21709.67,33753.28
21770.13,33774.2
21760.83,33763.18
21688.23,33730.05
21630.97,33696.37
21703.97,33749.01
21769.5,33772.14
21760.41,33759.58
21680.7,33724.07
21624.87,33687.07
21710.96,33751.45
21770.26,33774.51
21760.67,33763.45
21690.98,33733.32
21632.4,33694.67
21714.25,33754.69
21779.85,33775.34
21767.2,33757.32
21695.74,33729.59
21642.08,33702.14
21709.2,33753.82
21768.7,33776.93
21757.66,33762.24
21679.87,33724.02
21625.22,33688.95
21702.63,33747.2
21768.01,33771.5
21759.0,33757.57
21682.24,33721.7
21629.38,33690.52
21710.34,33751.4
21779.61,33778.04
21770.29,33765.82
21690.2,33725.88
21622.88,33687.27
21697.98,33745.88
21768.92,33776.86
21754.53,33761.15
21686.4,33731.66
21639.08,33706.3
21712.91,33766.96
21775.16,33791.01
21760.81,33772.16
21679.76,33728.94
21627.12,33698.18
21699.83,33755.34
21767.2,33781.17
21758.26,33765.64
21678.58,33722.55
21618.72,33686.0
21699.47,33746.39
21771.74,33775.3
21757.16,33757.61
21686.04,33726.64
21628.53,33693.42
21696.77,33747.24
21766.51,33777.82
21763.56,33767.43
21694.87,33734.95
21626.54,33689.35
21697.78,33743.04
21766.71,33770.47
21767.09,33764.97
21690.94,33729.63
21633.98,33697.13
21703.97,33749.52
21773.15,33779.77
21770.22,33769.15
21697.78,33733.39
21639.35,33704.06
21707.7,33759.87
21779.18,33786.34
21769.21,33768.97
21700.39,33738.53
21636.8,33702.85
21704.06,33756.03
21769.99,33783.12
21761.57,33770.55
21685.91,33730.7
21631.01,33700.44
21698.49,33752.77
21771.43,33785.22
21764.85,33775.83
21687.76,33740.74
21624.98,33699.19
21698.65,33751.09
21770.29,33782.76
21765.08,33771.81
21692.59,33739.53
21628.62,33700.57
21702.29,33758.49
21769.5,33788.41
21754.97,33773.29
21686.51,33743.33
21620.71,33703.95
21690.11,33758.91
21764.94,33787.79
21770.2,33782.02
21707.59,33754.95
21644.06,33716.11
21706.78,33764.07
21772.7,33793.36
21761.97,33773.8
21689.3,33736.85
21620.98,33695.63
21691.83,33748.94
21763.87,33778.65
21759.54,33767.74
21677.37,33723.73
21617.78,33687.57
21686.29,33741.63
21758.17,33775.52
21749.43,33760.97
21686.18,33732.74
21613.76,33685.82
21690.58,33744.94
21759.15,33774.67
21749.5,33757.08
21681.66,33725.29
21611.32,33682.74
21679.87,33737.68
21758.15,33776.86
21749.65,33763.14
21686.69,33739.49
21614.65,33697.55
21684.39,33752.56
21754.13,33779.88
21747.73,33764.07
21676.34,33730.3
21604.99,33684.5
21678.08,33736.85
21756.36,33774.09
21755.09,33766.94
21691.34,33738.68
21619.77,33690.83
21677.68,33735.31
21755.91,33772.03
21757.5,33765.33
21678.46,33726.17
21607.16,33684.75
21681.28,33744.83
21759.0,33780.35
21752.29,33762.22
21692.41,33739.58
21626.07,33700.51
21690.38,33747.76
21768.01,33782.4
21761.7,33763.96
21701.24,33735.13
21624.06,33688.95
21684.63,33738.15
21757.84,33773.02
21763.18,33770.33
21696.53,33740.18
21618.85,33691.41
21684.1,33744.85
21758.73,33779.05
21756.67,33765.57
21691.07,33737.52
21623.05,33697.67
21677.79,33737.86
21756.16,33777.6
21760.83,33769.44
21705.04,33749.79
21639.33,33713.83
21697.69,33759.29
21762.84,33786.32
21759.71,33773.46
21691.83,33741.59
21621.42,33697.82
21689.13,33752.45
21762.35,33789.11
21754.91,33771.45
21694.92,33746.77
21625.13,33703.5
21685.42,33750.21
21761.26,33784.91
21758.84,33770.64
21692.35,33741.61
21615.9,33694.52
21673.53,33738.82
21753.34,33776.7
21756.18,33767.38
21699.5,33743.51
21623.39,33695.57
21683.25,33744.63
21763.54,33788.57
21760.94,33774.96
21693.75,33741.81
21618.61,33694.16
21680.83,33741.61
21756.7,33779.43
21752.22,33765.28
21694.67,33742.06
21620.19,33700.91
21675.51,33743.18
21757.5,33778.94
21753.25,33761.17
21693.42,33737.77
21616.42,33693.89
21673.05,33740.63
21753.46,33779.65
21758.66,33770.11
21702.4,33748.83
21624.37,33700.64
21679.4,33743.71
21756.58,33781.69
21762.42,33773.02
21696.75,33744.52
21620.55,33697.11
21680.25,33742.82
21757.81,33778.76
21759.0,33763.18
21705.62,33744.34
21625.85,33694.05
21683.98,33740.58
21764.38,33779.74
21760.05,33758.64
21694.89,33725.77
21616.68,33679.96
21675.83,33727.42
21751.76,33764.86
21757.66,33756.34
21702.27,33731.8
21622.14,33684.61
21677.71,33727.86
21759.42,33770.0
21761.28,33758.13
21699.61,33725.61
21631.71,33687.79
21689.19,33737.97
21769.55,33780.46
21763.51,33761.86
21701.96,33735.02
21621.67,33689.0
21680.43,33737.27
21767.04,33782.29
21761.14,33761.55
21701.17,33736.65
21614.87,33684.82
21670.17,33726.95
21756.63,33769.71
21760.29,33760.14
21696.95,33728.18
21609.62,33672.21
21665.34,33717.72
21747.51,33760.77
21754.88,33747.47
21705.51,33725.2
21620.26,33673.46
21674.13,33717.49
21759.76,33763.36
21763.83,33751.98
21707.23,33729.63
21618.14,33678.58
21672.34,33726.7
21760.45,33775.96
21758.04,33755.56
21696.64,33726.1
21616.97,33677.55
21676.59,33724.85
21756.76,33764.3
21752.96,33748.79
21688.52,33720.71
21606.49,33669.62
21667.62,33719.24
21746.08,33757.13
21746.59,33742.48
21692.17,33723.04
21608.53,33672.93
21664.7,33716.78
21746.3,33757.91
